Meteorological forcing data for the Large Basin Runoff Model.      
eri, 06,   <- lake basin, subbasin            
yyyy-mm-dd, Tmin(C), Tmax(C), Prec(mm)                             
2010-01-01,-9.2961,-5.6233,0.4428 
2010-01-02,-13.3759,-7.7081,0.6701 
2010-01-03,-18.4453,-7.6125,0.0815 
2010-01-04,-7.8749,-5.7792,2.0898 
2010-01-05,-7.6568,-4.1856,1.1104 
2010-01-06,-6.3923,-3.9953,0.5735 
2010-01-07,-9.0436,-5.3939,3.8677 
2010-01-08,-8.7811,-5.2863,1.3868 
2010-01-09,-13.7350,-7.4986,0.1507 
2010-01-10,-13.5074,-9.7720,0.0628 
2010-01-11,-12.6042,-5.3713,1.1937 
2010-01-12,-8.9842,-5.4493,0.1759 
2010-01-13,-9.1426,-2.8324,0.0125 
2010-01-14,-4.6071,1.0762,0.0079 
2010-01-15,0.2736,2.0041,0.1204 
2010-01-16,-4.2016,1.0931,0.0395 
2010-01-17,-1.6681,0.9485,0.0457 
2010-01-18,-5.7253,-0.4243,0.0404 
2010-01-19,-3.6053,-0.8669,0.0595 
2010-01-20,-6.7590,-1.3420,0.0646 
2010-01-21,-5.7899,1.4931,0.3343 
2010-01-22,0.3636,2.5185,1.1255 
2010-01-23,-1.5063,6.2314,0.0914 
2010-01-24,4.6644,10.3576,9.8548 
2010-01-25,-1.5876,8.6967,2.7364 
2010-01-26,-6.6095,-0.5277,0.7472 
2010-01-27,-11.6670,-4.2899,0.1093 
2010-01-28,-9.9048,-2.1154,0.9426 
2010-01-29,-15.2137,-9.2631,0.0657 
2010-01-30,-12.4830,-6.9928,0.0240 
2010-01-31,-12.0031,-4.5546,0.0076 
2010-02-01,-8.4457,-2.8670,0.0459 
2010-02-02,-4.7961,-0.2645,0.7059 
2010-02-03,-2.7405,-0.2066,0.4091 
2010-02-04,-5.3626,0.8751,0.0192 
2010-02-05,-2.8986,0.6595,1.2856 
2010-02-06,-6.6507,-1.0146,4.4267 
2010-02-07,-10.1551,-4.9899,0.0701 
2010-02-08,-8.3954,-5.1727,0.0204 
2010-02-09,-7.4612,-2.9489,8.7846 
2010-02-10,-6.3514,-3.2115,5.5454 
2010-02-11,-7.5779,-3.7739,0.1229 
2010-02-12,-7.5690,-4.5743,0.1861 
2010-02-13,-9.6371,-4.2393,0.1416 
2010-02-14,-6.9173,-4.8881,0.1042 
2010-02-15,-9.0371,-3.6201,0.1736 
2010-02-16,-6.6578,-1.9230,1.7444 
2010-02-17,-5.2221,-0.8008,0.6119 
2010-02-18,-3.9319,0.0245,0.1230 
2010-02-19,-6.0886,-0.3407,0.0154 
2010-02-20,-4.4601,-0.0352,0.0780 
2010-02-21,-0.6190,0.6715,0.2905 
2010-02-22,-0.2658,1.3715,11.1129 
2010-02-23,-3.9016,-0.5060,0.1954 
2010-02-24,-4.2994,-1.0223,1.0133 
2010-02-25,-5.9537,-3.0764,0.5505 
2010-02-26,-5.2518,-2.5629,3.1063 
2010-02-27,-3.6279,-0.0749,2.0529 
2010-02-28,-2.7971,0.5889,0.4156 
2010-03-01,-3.9666,0.2940,0.0691 
2010-03-02,-6.2861,-0.2225,0.0556 
2010-03-03,-6.2231,0.2260,0.0244 
2010-03-04,-7.3395,0.7932,0.0013 
2010-03-05,-5.6548,0.7365,0.0057 
2010-03-06,-1.9708,3.0297,0.0018 
2010-03-07,-0.1548,7.2105,0.0182 
2010-03-08,2.4379,8.2201,0.1630 
2010-03-09,4.4519,11.7960,0.0081 
2010-03-10,7.7797,17.4482,0.7679 
2010-03-11,7.7938,16.8343,1.3691 
2010-03-12,11.5426,16.0161,3.7708 
2010-03-13,5.3619,14.8939,14.3309 
2010-03-14,2.1096,4.9204,3.0161 
2010-03-15,3.2837,9.8524,0.2770 
2010-03-16,2.9420,13.3995,0.0023 
2010-03-17,7.3633,14.4334,9.7247e-06 
2010-03-18,6.5598,16.0744,2.0481e-04 
2010-03-19,5.9620,16.8676,2.1452e-04 
2010-03-20,5.9313,16.1550,0.0447 
2010-03-21,-1.1922,9.9466,0.1612 
2010-03-22,2.7439,8.3544,5.9282 
2010-03-23,2.1582,11.8647,0.5919 
2010-03-24,4.2092,12.2529,4.0141e-05 
2010-03-25,2.1616,11.9921,10.9624 
2010-03-26,-6.0128,1.3783,0.3734 
2010-03-27,-5.2870,9.7795,6.5279e-04 
2010-03-28,6.5363,9.4839,10.8840 
2010-03-29,1.0703,9.1623,1.7858 
2010-03-30,0.2948,11.9669,0.0029 
2010-03-31,7.0629,20.8044,1.4422e-06 
2010-04-01,12.8130,25.6074,1.6936e-06 
2010-04-02,14.5168,26.2551,0.0000 
2010-04-03,12.0050,25.2800,0.4293 
2010-04-04,9.0951,21.3112,0.0084 
2010-04-05,13.2625,22.5239,0.8122 
2010-04-06,16.2547,26.3888,0.1905 
2010-04-07,18.0812,25.8785,13.0588 
2010-04-08,4.6206,18.0572,22.7935 
2010-04-09,-1.3128,7.3122,0.0483 
2010-04-10,2.7358,18.9517,4.3906e-05 
2010-04-11,11.0584,18.6116,0.0064 
2010-04-12,6.4214,17.4023,0.0364 
2010-04-13,7.3914,16.4347,0.2038 
2010-04-14,6.1205,21.1985,2.7182e-05 
2010-04-15,14.5557,26.1876,8.4105e-06 
2010-04-16,15.5038,25.3715,1.0302 
2010-04-17,3.2317,14.6335,0.0218 
2010-04-18,0.2715,12.8579,0.0019 
2010-04-19,5.2313,15.2895,0.0014 
2010-04-20,8.4616,16.0379,1.3461e-06 
2010-04-21,10.9470,19.1008,0.0126 
2010-04-22,4.3072,18.3007,0.0155 
2010-04-23,6.2488,18.6745,0.1939 
2010-04-24,10.7239,21.3903,8.8897 
2010-04-25,13.1391,20.8470,27.6115 
2010-04-26,7.8513,14.2370,14.4823 
2010-04-27,1.4941,12.9178,0.0053 
2010-04-28,3.2194,13.6378,0.0018 
2010-04-29,9.6891,20.3122,0.0164 
2010-04-30,15.9277,25.8358,0.0011 
2010-05-01,18.0715,25.6429,6.2390 
2010-05-02,17.9462,20.8948,8.3585 
2010-05-03,14.6355,21.2253,3.1945 
2010-05-04,11.5666,22.0554,4.6688 
2010-05-05,15.9180,24.8193,0.4101 
2010-05-06,10.1940,20.8795,0.8685 
2010-05-07,10.9523,25.0898,4.4637 
2010-05-08,6.4582,20.5677,2.4007 
2010-05-09,1.2361,10.8765,0.0919 
2010-05-10,4.8717,13.4946,0.0142 
2010-05-11,6.7262,17.1210,26.0574 
2010-05-12,8.6061,17.5076,3.9467 
2010-05-13,6.8971,24.2406,4.4261 
2010-05-14,13.3984,23.7792,5.4281 
2010-05-15,12.6013,18.0196,0.0661 
2010-05-16,11.1521,17.6416,0.0883 
2010-05-17,11.5227,15.0913,18.1907 
2010-05-18,10.5993,13.8285,6.5299 
2010-05-19,7.2052,18.0424,0.6722 
2010-05-20,15.3367,23.1040,0.1323 
2010-05-21,14.5051,22.3952,22.5266 
2010-05-22,16.2755,21.6476,7.5084 
2010-05-23,19.1630,27.1725,0.0337 
2010-05-24,20.9039,27.6963,3.0860e-04 
2010-05-25,18.9770,27.3088,0.0036 
2010-05-26,22.7957,27.9634,0.0088 
2010-05-27,20.5892,27.7778,1.4650 
2010-05-28,19.7854,26.6182,0.4242 
2010-05-29,20.4883,26.3999,0.1597 
2010-05-30,20.1712,28.6925,7.5696e-04 
2010-05-31,20.8949,28.5214,22.1510 
2010-06-01,18.4705,25.1804,6.0196 
2010-06-02,19.9501,27.4154,2.4031 
2010-06-03,18.2881,26.8198,0.8850 
2010-06-04,17.1627,28.4976,1.3214 
2010-06-05,19.2963,28.4259,10.1738 
2010-06-06,16.2485,22.3359,6.5451 
2010-06-07,11.1729,20.4334,0.0239 
2010-06-08,14.1505,21.5448,0.9783 
2010-06-09,15.1438,24.7905,12.6976 
2010-06-10,15.9845,24.5852,0.1154 
2010-06-11,18.7446,28.9830,3.7917 
2010-06-12,22.8103,29.1422,2.8675 
2010-06-13,20.4297,28.6333,14.2893 
2010-06-14,18.6514,26.5154,3.4369 
2010-06-15,18.9691,25.6328,7.1403 
2010-06-16,19.9757,25.5305,1.5455 
2010-06-17,16.0995,25.2718,0.0013 
2010-06-18,19.3664,30.2875,0.1274 
2010-06-19,24.4795,30.2025,10.0716 
2010-06-20,21.0465,27.0923,0.0015 
2010-06-21,21.1655,29.0339,0.8315 
2010-06-22,19.8204,30.1001,3.3699 
2010-06-23,24.4480,31.2197,1.7040 
2010-06-24,22.1777,30.7100,7.0869 
2010-06-25,16.5120,26.6681,3.3810e-04 
2010-06-26,22.2744,30.2509,0.1248 
2010-06-27,23.0138,30.1274,14.3420 
2010-06-28,21.2049,28.9404,8.4726 
2010-06-29,15.0238,24.4720,0.0428 
2010-06-30,11.6495,21.4498,6.9734e-06 
2010-07-01,12.5216,22.5270,5.7258e-04 
2010-07-02,16.9184,24.0133,0.0065 
2010-07-03,18.5427,27.3612,0.0036 
2010-07-04,22.1910,31.5041,0.0307 
2010-07-05,23.3583,31.0214,0.0562 
2010-07-06,24.2753,31.7739,0.0015 
2010-07-07,26.0746,31.8550,0.0218 
2010-07-08,27.5108,31.1927,6.2306 
2010-07-09,21.0839,29.2742,7.5165 
2010-07-10,21.4911,27.1289,0.2036 
2010-07-11,23.6832,27.8546,0.2684 
2010-07-12,18.1986,27.4934,1.5146 
2010-07-13,22.1244,27.3128,0.2831 
2010-07-14,20.2561,28.3648,0.0885 
2010-07-15,23.0315,30.9543,0.0374 
2010-07-16,21.9384,29.0929,0.2662 
2010-07-17,23.8578,29.9086,0.1459 
2010-07-18,22.0866,30.0741,2.7239 
2010-07-19,21.2795,29.4350,1.7104 
2010-07-20,19.2027,29.0532,0.0934 
2010-07-21,22.0819,29.1806,0.0761 
2010-07-22,23.3819,29.3303,1.0764 
2010-07-23,24.8164,31.4997,0.9527 
2010-07-24,27.0680,31.6678,13.8565 
2010-07-25,21.0680,31.3457,15.1647 
2010-07-26,20.3344,26.9250,0.1898 
2010-07-27,21.8327,28.8142,7.9574e-04 
2010-07-28,22.1397,30.4619,1.6722 
2010-07-29,18.3532,25.6133,4.1964 
2010-07-30,19.1762,25.9691,0.0044 
2010-07-31,21.3537,25.6258,2.8353 
2010-08-01,18.8455,27.1174,0.1696 
2010-08-02,22.4852,28.6614,0.0088 
2010-08-03,23.9401,29.9440,5.8447 
2010-08-04,22.3899,31.0150,6.1009 
2010-08-05,21.9785,29.1884,6.7160 
2010-08-06,19.0714,24.5937,0.0920 
2010-08-07,19.2468,25.5833,0.0018 
2010-08-08,21.6516,28.0364,0.0013 
2010-08-09,23.2551,30.6353,0.2407 
2010-08-10,24.3365,30.0528,0.5824 
2010-08-11,24.9547,30.7734,13.2981 
2010-08-12,23.7278,28.8458,2.3880 
2010-08-13,22.8287,30.2532,0.0308 
2010-08-14,23.9028,31.5506,1.5643 
2010-08-15,21.4599,29.8776,1.2918 
2010-08-16,18.3436,27.2354,0.2187 
2010-08-17,20.2708,25.8250,5.4838e-05 
2010-08-18,17.8713,25.7316,0.0943 
2010-08-19,21.9068,28.6377,0.0083 
2010-08-20,23.5784,29.3588,0.0017 
2010-08-21,22.7554,28.5181,11.5808 
2010-08-22,18.9704,26.0524,0.5927 
2010-08-23,16.2593,25.2491,0.0272 
2010-08-24,17.0793,25.0665,0.1175 
2010-08-25,19.8597,25.0545,0.0294 
2010-08-26,12.9234,22.7262,0.0057 
2010-08-27,16.4807,24.6961,3.0450e-06 
2010-08-28,19.8870,26.9106,0.0011 
2010-08-29,22.3341,31.0450,0.0230 
2010-08-30,24.7554,30.9366,0.0257 
2010-08-31,23.3508,31.4100,0.0204 
2010-09-01,22.2080,30.8277,0.6936 
2010-09-02,22.6908,29.5002,6.1572 
2010-09-03,17.3655,25.7328,1.9808 
2010-09-04,13.8090,18.4046,0.4353 
2010-09-05,11.2446,21.0383,0.0100 
2010-09-06,16.3645,27.0663,0.1696 
2010-09-07,20.4040,27.5172,0.0282 
2010-09-08,14.4549,24.4789,0.0013 
2010-09-09,9.2427,19.9186,3.5389e-04 
2010-09-10,11.2270,21.3401,5.9981e-04 
2010-09-11,12.3290,20.1891,5.3183 
2010-09-12,13.8686,23.1626,0.9629 
2010-09-13,16.5509,26.1487,0.0883 
2010-09-14,15.7182,24.1091,0.0106 
2010-09-15,12.0008,24.3778,0.0058 
2010-09-16,18.5283,23.7908,6.2024 
2010-09-17,10.3131,20.0923,1.8244 
2010-09-18,14.8652,26.4606,0.1021 
2010-09-19,14.5030,24.4543,0.1816 
2010-09-20,13.4313,21.6254,0.0125 
2010-09-21,17.7464,30.4103,0.0113 
2010-09-22,22.0894,29.1924,1.9394 
2010-09-23,19.4978,30.0155,0.3126 
2010-09-24,23.3500,28.4122,0.0128 
2010-09-25,12.9006,21.6470,0.0030 
2010-09-26,7.1541,15.8913,0.0157 
2010-09-27,8.1438,17.7269,2.9030 
2010-09-28,10.5741,16.5542,11.9093 
2010-09-29,11.6222,19.6594,0.2413 
2010-09-30,15.1877,20.3491,0.0032 
2010-10-01,8.0773,17.6542,0.0545 
2010-10-02,9.6916,16.0407,4.6148 
2010-10-03,5.6553,10.8497,1.1233 
2010-10-04,4.3984,13.1857,0.0293 
2010-10-05,7.0280,16.0103,0.0105 
2010-10-06,7.7879,19.8091,4.5091e-04 
2010-10-07,9.7455,20.3609,7.1691e-05 
2010-10-08,12.4109,23.7584,2.8186e-05 
2010-10-09,16.4351,24.9350,3.3311e-05 
2010-10-10,16.4176,27.6085,5.6749e-06 
2010-10-11,19.7882,26.1897,0.0064 
2010-10-12,10.4995,23.7421,0.0154 
2010-10-13,11.3470,19.3636,0.3072 
2010-10-14,6.5871,14.9007,8.0914 
2010-10-15,7.7846,13.7418,1.8299 
2010-10-16,7.9267,16.7803,1.6819e-04 
2010-10-17,9.1283,17.1881,0.0000 
2010-10-18,8.0812,15.2422,0.2151 
2010-10-19,7.4661,13.6129,0.0738 
2010-10-20,6.7181,17.6327,0.0059 
2010-10-21,5.8814,16.2882,0.2074 
2010-10-22,5.0164,14.5669,0.0384 
2010-10-23,10.0740,19.6631,0.0369 
2010-10-24,16.8258,23.8929,1.0711 
2010-10-25,16.7696,20.4438,0.7917 
2010-10-26,12.1644,21.6246,8.2875 
2010-10-27,9.4261,16.2384,0.0343 
2010-10-28,4.6131,14.9897,0.0882 
2010-10-29,4.8752,9.1569,0.0857 
2010-10-30,2.9505,12.8450,0.0048 
2010-10-31,0.1777,11.9084,3.6662e-04 
2010-11-01,1.2645,7.9541,4.0551e-04 
2010-11-02,1.1363,8.2280,3.3336e-04 
2010-11-03,1.6623,9.8934,0.1918 
2010-11-04,3.7018,8.7291,0.3561 
2010-11-05,1.1358,6.8480,0.2231 
2010-11-06,-4.7579,3.5536,0.1340 
2010-11-07,-1.2342,9.6769,0.0023 
2010-11-08,3.5144,15.1929,4.4761e-07 
2010-11-09,8.8368,16.4045,5.7742e-05 
2010-11-10,6.6969,16.0251,3.8704e-05 
2010-11-11,7.7295,17.9774,0.0024 
2010-11-12,9.2534,17.6234,0.0092 
2010-11-13,9.1441,19.7563,0.0665 
2010-11-14,1.7860,16.0472,1.1753 
2010-11-15,1.0594,9.6125,0.0410 
2010-11-16,2.8030,8.9972,5.5465 
2010-11-17,3.4476,8.8460,11.5511 
2010-11-18,2.1659,6.4650,0.1832 
2010-11-19,-0.3850,7.4468,0.0162 
2010-11-20,2.0235,7.2378,0.0037 
2010-11-21,2.4770,14.2956,0.0672 
2010-11-22,14.5741,17.2913,5.7298 
2010-11-23,-0.3196,17.9941,12.4464 
2010-11-24,-5.1886,1.6916,0.5234 
2010-11-25,1.5400,12.0731,34.2674 
2010-11-26,-8.8038,4.9383,5.4798 
2010-11-27,-4.6001,-0.3433,0.0542 
2010-11-28,-4.4581,2.7506,0.0164 
2010-11-29,-1.7832,7.3993,0.0126 
2010-11-30,3.6749,12.1371,19.8362 
2010-12-01,-5.5202,1.9922,0.9424 
2010-12-02,-7.6605,-1.8552,0.0468 
2010-12-03,-4.8114,-1.4353,0.0872 
2010-12-04,-4.0388,-1.3780,0.6735 
2010-12-05,-6.0941,-1.5389,0.4407 
2010-12-06,-6.3599,-2.3005,1.4570 
2010-12-07,-9.2338,-4.4456,0.7987 
2010-12-08,-9.6874,-5.2211,0.8215 
2010-12-09,-8.9911,-4.0242,0.2460 
2010-12-10,-4.5230,1.2041,2.2003 
2010-12-11,-1.3607,2.5534,0.3781 
2010-12-12,-3.5626,2.3704,21.2841 
2010-12-13,-10.7686,-3.5154,1.3163 
2010-12-14,-14.0133,-7.2227,0.2512 
2010-12-15,-13.2318,-8.3917,0.2613 
2010-12-16,-12.5546,-6.4530,0.1183 
2010-12-17,-8.6205,-5.6114,0.5046 
2010-12-18,-13.2392,-7.7058,0.0581 
2010-12-19,-12.8620,-6.9247,0.1335 
2010-12-20,-10.8883,-5.3069,0.1173 
2010-12-21,-6.6339,-2.6901,0.2073 
2010-12-22,-3.8479,-1.7502,1.0110 
2010-12-23,-6.8604,-1.3419,0.0278 
2010-12-24,-6.3580,-2.2778,0.0579 
2010-12-25,-6.0161,-3.3133,0.2764 
2010-12-26,-5.2831,-3.7675,0.4249 
2010-12-27,-11.4766,-4.2104,0.0936 
2010-12-28,-10.8641,-4.1866,0.0227 
2010-12-29,-6.6513,-0.4044,0.0038 
2010-12-30,-1.4126,5.0263,0.9786 
2010-12-31,4.6890,12.2927,2.4389 
2011-01-01,-2.9721,12.2927,10.7532 
2011-01-02,-11.3218,-4.2408,0.0981 
2011-01-03,-8.4104,0.1581,0.0111 
2011-01-04,-3.9641,-0.9203,0.0464 
2011-01-05,-9.8127,-3.9747,0.0746 
2011-01-06,-5.1806,-2.2703,0.6492 
2011-01-07,-8.8444,-4.2128,0.5795 
2011-01-08,-10.7640,-6.8653,1.3591 
2011-01-09,-11.7444,-4.4980,0.0467 
2011-01-10,-7.4540,-4.4027,0.0762 
2011-01-11,-7.4166,-4.5274,4.6103 
2011-01-12,-5.7692,-4.2348,1.3525 
2011-01-13,-10.2017,-5.0232,0.7323 
2011-01-14,-11.1679,-6.0136,0.4708 
2011-01-15,-8.0037,-2.7841,0.3873 
2011-01-16,-10.8606,-4.0592,0.1165 
2011-01-17,-14.1377,-3.0698,0.0196 
2011-01-18,-2.5150,1.9587,4.1853 
2011-01-19,-6.3360,0.4926,0.5314 
2011-01-20,-7.8295,-5.4669,2.6008 
2011-01-21,-12.1235,-6.5779,0.8081 
2011-01-22,-18.2524,-9.8168,0.2535 
2011-01-23,-16.5476,-9.2537,0.1190 
2011-01-24,-17.1134,-1.2731,2.1021 
2011-01-25,-8.0606,-0.1272,0.0952 
2011-01-26,-7.5915,-2.3494,0.1232 
2011-01-27,-7.2310,-2.9250,0.7765 
2011-01-28,-6.6036,-2.7768,2.2904 
2011-01-29,-6.9351,-0.6803,0.4294 
2011-01-30,-6.1302,-1.8760,0.3313 
2011-01-31,-13.0975,-5.5216,0.0237 
2011-02-01,-10.7397,-6.7363,15.4894 
2011-02-02,-7.4479,-1.5686,15.9580 
2011-02-03,-12.3900,-7.6601,0.0842 
2011-02-04,-15.0941,-7.2460,0.0346 
2011-02-05,-8.5504,-4.2931,8.1585 
2011-02-06,-8.2367,-0.3172,0.4262 
2011-02-07,-2.9614,-0.1349,0.5098 
2011-02-08,-11.4021,-3.6452,0.3614 
2011-02-09,-15.8801,-10.7999,0.0195 
2011-02-10,-19.8180,-13.4635,0.0266 
2011-02-11,-16.4259,-5.8764,0.0508 
2011-02-12,-5.5111,-1.6903,0.6072 
2011-02-13,-2.4941,3.0468,0.0665 
2011-02-14,-0.1608,3.6426,0.0613 
2011-02-15,-8.1440,-0.8531,5.6540e-04 
2011-02-16,-0.8362,4.5997,0.0482 
2011-02-17,4.9444,14.3466,0.0131 
2011-02-18,3.4846,14.3207,9.0958e-04 
2011-02-19,-4.5607,4.2299,7.4025e-04 
2011-02-20,-5.1629,2.0589,9.1944 
2011-02-21,-5.4858,4.2404,13.9105 
2011-02-22,-7.9356,-5.7669,1.5323 
2011-02-23,-9.1385,-3.8330,0.0713 
2011-02-24,-4.9473,1.7649,2.9997 
2011-02-25,-3.5209,-0.5261,9.3400 
2011-02-26,-5.2467,-0.4821,0.8652 
2011-02-27,-0.8931,2.7859,0.2014 
2011-02-28,-0.8279,5.3052,32.8737 
2011-03-01,-5.6435,4.8121,8.1699e-04 
2011-03-02,-2.8454,4.0956,0.0051 
2011-03-03,-8.1369,3.5436,0.0023 
2011-03-04,3.4822,10.7507,3.4158 
2011-03-05,1.0426,10.9290,30.5228 
2011-03-06,-4.4078,0.4985,3.5301 
2011-03-07,-10.0897,1.1988,0.0158 
2011-03-08,-1.9907,7.4298,0.0355 
2011-03-09,3.9937,10.0769,14.9201 
2011-03-10,1.4972,10.1118,1.2715 
2011-03-11,-1.5786,4.2674,1.2887 
2011-03-12,0.6838,6.4385,0.0076 
2011-03-13,-1.9534,5.0210,0.0147 
2011-03-14,-3.5372,4.5131,0.0341 
2011-03-15,-1.1790,7.0784,6.2162 
2011-03-16,1.4099,10.7309,0.8786 
2011-03-17,5.8302,17.6856,3.2994e-04 
2011-03-18,9.4118,17.9302,0.1439 
2011-03-19,0.5125,9.4584,0.0025 
2011-03-20,0.7986,14.3555,0.7146 
2011-03-21,14.1170,16.2884,5.8753 
2011-03-22,2.2408,13.5138,3.0036 
2011-03-23,3.9415,8.1894,3.7097 
2011-03-24,-3.5840,2.9958,0.5688 
2011-03-25,-7.2865,0.7283,0.0014 
2011-03-26,-8.8850,-0.3388,0.0019 
2011-03-27,-8.3262,1.1468,0.0103 
2011-03-28,-6.8094,2.7953,0.0013 
2011-03-29,-3.7141,4.8580,2.6614e-04 
2011-03-30,-2.7020,4.5461,0.2096 
2011-03-31,-1.5631,5.6562,0.0013 
2011-04-01,1.2374,8.2872,0.0995 
2011-04-02,1.1394,8.1695,2.0333 
2011-04-03,2.1916,14.7691,0.7351 
2011-04-04,8.2498,21.1518,12.1154 
2011-04-05,-0.6302,7.5728,0.4454 
2011-04-06,2.0764,13.0981,0.4907 
2011-04-07,0.6590,12.9028,0.1519 
2011-04-08,4.4147,9.4945,12.6640 
2011-04-09,3.9121,18.1040,0.1263 
2011-04-10,12.2306,25.0192,0.1199 
2011-04-11,12.2718,25.0064,3.4743 
2011-04-12,4.5247,12.3026,0.1266 
2011-04-13,3.9548,16.3167,0.0017 
2011-04-14,8.2426,16.1967,0.0014 
2011-04-15,4.7280,16.3820,0.1517 
2011-04-16,8.5126,14.9397,8.7247 
2011-04-17,1.6706,10.6486,0.7907 
2011-04-18,2.6884,9.9115,3.8231 
2011-04-19,1.6285,9.3099,14.0836 
2011-04-20,6.4092,15.7290,21.3817 
2011-04-21,0.4566,9.3809,0.0912 
2011-04-22,2.9954,13.2205,6.3713 
2011-04-23,13.8911,19.2918,11.6568 
2011-04-24,9.9323,17.6243,1.8994 
2011-04-25,12.2407,17.3482,20.3922 
2011-04-26,10.0981,20.2628,3.7832 
2011-04-27,14.6084,19.0059,15.4168 
2011-04-28,6.3268,15.0690,15.4463 
2011-04-29,3.2647,12.7944,0.7964 
2011-04-30,6.3946,16.5578,0.0328 
2011-05-01,14.9698,20.3452,2.2629 
2011-05-02,7.6334,18.9437,2.2120 
2011-05-03,4.6409,12.9979,8.2314 
2011-05-04,3.7058,12.5925,1.0488 
2011-05-05,6.9667,15.4391,0.0272 
2011-05-06,9.8924,16.1321,2.1772 
2011-05-07,10.3212,17.4872,3.0363 
2011-05-08,10.5235,17.7984,2.7010 
2011-05-09,8.7930,18.8787,0.0378 
2011-05-10,13.9263,18.6637,1.5518 
2011-05-11,16.8099,27.0915,2.5877 
2011-05-12,21.6402,28.7831,0.9051 
2011-05-13,19.3582,28.4575,1.4896 
2011-05-14,16.9742,25.0436,11.2853 
2011-05-15,7.8995,16.0038,27.9360 
2011-05-16,5.7195,8.8716,2.7823 
2011-05-17,4.6091,13.2738,1.6924 
2011-05-18,10.6767,17.0041,4.7372 
2011-05-19,11.4214,18.2562,4.7344 
2011-05-20,12.4638,22.1000,1.2424 
2011-05-21,17.0471,24.4848,0.0808 
2011-05-22,17.4709,28.6775,0.5455 
2011-05-23,19.0974,26.8929,12.6759 
2011-05-24,17.3159,23.1479,5.1899 
2011-05-25,14.5976,22.8323,38.9768 
2011-05-26,15.7125,19.0049,26.5923 
2011-05-27,8.0547,15.9751,3.4807 
2011-05-28,11.7819,20.2624,4.0614 
2011-05-29,18.1056,28.4295,16.2851 
2011-05-30,21.0637,29.9920,0.1169 
2011-05-31,23.7875,30.7876,0.0022 
2011-06-01,21.1631,30.0397,0.0045 
2011-06-02,15.6844,24.0195,1.0912e-04 
2011-06-03,13.9898,25.3815,0.0269 
2011-06-04,19.9262,32.0867,0.1714 
2011-06-05,20.9138,30.7406,2.5395 
2011-06-06,21.8460,28.7650,0.0019 
2011-06-07,23.2831,33.0351,0.0034 
2011-06-08,24.9195,32.8307,9.8388e-05 
2011-06-09,23.9670,32.0346,3.0159 
2011-06-10,17.2076,28.4240,15.1146 
2011-06-11,18.3976,25.5019,3.3061 
2011-06-12,9.9079,24.3986,0.0111 
2011-06-13,14.2021,22.3755,5.5816e-04 
2011-06-14,13.3022,22.3336,0.0019 
2011-06-15,13.3491,21.7769,1.6973 
2011-06-16,16.4149,23.6033,2.7281 
2011-06-17,18.0868,27.6068,0.3329 
2011-06-18,19.6822,26.9385,0.3768 
2011-06-19,18.9293,25.4513,0.4638 
2011-06-20,18.9053,27.8487,8.9194 
2011-06-21,20.4529,30.0474,2.8222 
2011-06-22,20.5815,28.0233,2.9914 
2011-06-23,19.1005,24.5599,1.5554 
2011-06-24,16.6210,21.0260,1.9279 
2011-06-25,13.2120,23.9994,0.0545 
2011-06-26,19.5303,25.2295,0.0441 
2011-06-27,18.5657,25.2333,0.0522 
2011-06-28,19.7804,25.2215,0.0147 
2011-06-29,16.9173,25.1994,1.9672e-05 
2011-06-30,19.1301,29.0976,0.0032 
2011-07-01,21.3115,29.9814,0.0393 
2011-07-02,21.4033,33.7086,0.4957 
2011-07-03,21.9581,32.1872,0.1902 
2011-07-04,19.7230,28.5015,0.0546 
2011-07-05,22.1184,30.9954,7.8393e-04 
2011-07-06,25.3769,31.0730,0.0147 
2011-07-07,19.3548,29.9046,0.0111 
2011-07-08,20.6389,28.2033,0.0595 
2011-07-09,21.8554,30.7940,0.0062 
2011-07-10,23.1285,33.0949,2.3936e-05 
2011-07-11,24.1586,34.2950,17.0789 
2011-07-12,24.1089,31.6625,0.8948 
2011-07-13,17.6916,27.7314,0.0031 
2011-07-14,16.0438,25.8350,3.0191e-04 
2011-07-15,19.6766,28.9719,0.0115 
2011-07-16,22.4187,30.9857,0.0041 
2011-07-17,23.9341,32.3670,0.0103 
2011-07-18,23.8669,34.7156,1.2599 
2011-07-19,24.0346,32.4709,3.2184 
2011-07-20,25.3223,34.4634,0.2204 
2011-07-21,27.0539,34.1398,0.1531 
2011-07-22,27.5916,34.8617,6.8623 
2011-07-23,25.6561,33.8007,4.8642 
2011-07-24,21.9145,31.4845,8.4290 
2011-07-25,23.4301,30.9398,0.4903 
2011-07-26,23.5510,28.5251,0.0051 
2011-07-27,19.6066,30.2250,0.1335 
2011-07-28,25.7413,32.8724,1.6133 
2011-07-29,26.3753,32.0915,6.6450 
2011-07-30,21.9296,29.6465,0.1424 
2011-07-31,25.4331,31.5233,0.0062 
2011-08-01,26.1918,30.8419,0.4573 
2011-08-02,24.4037,31.8513,0.1677 
2011-08-03,23.0292,31.2916,10.7320 
2011-08-04,19.6290,26.7041,0.0070 
2011-08-05,21.2756,28.0066,0.0218 
2011-08-06,23.3838,28.8574,4.9193 
2011-08-07,22.4857,28.9329,10.5802 
2011-08-08,19.8057,27.8478,4.2642 
2011-08-09,18.1945,27.6272,16.5959 
2011-08-10,17.0535,25.3333,0.7590 
2011-08-11,16.8530,24.3831,0.0219 
2011-08-12,19.6444,26.1924,6.9608e-04 
2011-08-13,21.2892,28.9236,0.1608 
2011-08-14,16.9764,25.0278,10.7187 
2011-08-15,15.2448,24.1231,0.5029 
2011-08-16,18.0221,25.5730,0.0286 
2011-08-17,21.2277,26.4256,0.0068 
2011-08-18,22.8588,27.0251,0.1836 
2011-08-19,20.5403,27.8168,0.5297 
2011-08-20,23.0232,28.3387,0.9319 
2011-08-21,18.2784,23.4738,2.1227 
2011-08-22,16.3609,22.9881,0.0322 
2011-08-23,18.7896,26.4897,0.1076 
2011-08-24,19.6024,30.6177,23.4801 
2011-08-25,18.0536,29.3505,12.6462 
2011-08-26,17.8130,24.7543,0.0204 
2011-08-27,19.1458,25.7229,0.0479 
2011-08-28,14.3579,24.7855,0.0472 
2011-08-29,16.6000,22.5856,7.0616e-04 
2011-08-30,18.5644,23.2378,0.0219 
2011-08-31,19.9696,29.5440,0.3072 
2011-09-01,23.0365,28.9012,0.3166 
2011-09-02,24.8310,32.1884,0.0035 
2011-09-03,27.5745,32.4928,0.6292 
2011-09-04,19.8300,30.1452,9.4470 
2011-09-05,12.1130,19.4929,0.0989 
2011-09-06,10.0286,16.1728,0.2516 
2011-09-07,12.6672,15.8190,15.6993 
2011-09-08,13.5336,18.8580,20.7591 
2011-09-09,15.6514,21.6668,5.8634 
2011-09-10,15.1501,22.2861,0.3813 
2011-09-11,16.5574,23.8238,2.0160 
2011-09-12,16.8270,26.3502,0.8123 
2011-09-13,20.0380,26.5191,0.0094 
2011-09-14,12.5655,22.5207,1.1454 
2011-09-15,5.7766,13.7907,3.1914 
2011-09-16,7.6993,13.5950,0.0010 
2011-09-17,10.7234,18.0174,0.0020 
2011-09-18,10.4046,21.2892,0.0177 
2011-09-19,16.3925,20.5094,16.3399 
2011-09-20,13.7290,21.2942,1.9265 
2011-09-21,16.7340,22.7348,0.8498 
2011-09-22,13.9540,20.8711,0.1587 
2011-09-23,11.4372,17.3365,13.1688 
2011-09-24,10.2245,17.3691,1.4415 
2011-09-25,12.3893,19.3203,1.8004 
2011-09-26,16.4350,18.3033,26.9634 
2011-09-27,10.5201,15.7387,5.6118 
2011-09-28,11.1258,14.6203,6.8360 
2011-09-29,9.2366,17.3830,8.1436 
2011-09-30,9.5778,14.9380,5.0519 
2011-10-01,4.7684,9.9869,2.4288 
2011-10-02,2.2931,13.4834,0.0081 
2011-10-03,7.1326,16.5352,0.0072 
2011-10-04,9.7719,18.8962,0.0018 
2011-10-05,15.2808,22.5664,0.0187 
2011-10-06,16.1585,23.4900,0.0060 
2011-10-07,17.0787,24.5171,2.9179e-05 
2011-10-08,15.3803,25.1218,0.0022 
2011-10-09,16.9485,24.0496,1.3039e-05 
2011-10-10,17.1782,23.5074,1.1820e-05 
2011-10-11,16.0568,23.6967,0.0011 
2011-10-12,14.2842,21.5440,0.0423 
2011-10-13,12.5180,19.4007,0.9075 
2011-10-14,10.7819,17.7005,3.3367 
2011-10-15,8.8900,12.7170,0.6356 
2011-10-16,9.6808,16.0655,1.4037 
2011-10-17,5.9097,13.1017,0.0021 
2011-10-18,7.0287,11.6540,3.5944 
2011-10-19,7.2545,11.3964,34.4252 
2011-10-20,5.6194,11.1728,31.6310 
2011-10-21,4.2742,9.2378,0.6348 
2011-10-22,4.7588,11.1151,0.0177 
2011-10-23,6.1145,14.3798,6.6047e-04 
2011-10-24,10.3463,13.3006,7.3224 
2011-10-25,8.3560,17.4481,0.0292 
2011-10-26,11.8051,17.1344,5.8742 
2011-10-27,4.2993,10.9686,5.5865 
2011-10-28,2.8672,8.0549,0.1717 
2011-10-29,2.1665,9.4835,0.9003 
2011-10-30,3.5743,9.3251,0.1447 
2011-10-31,5.9669,11.0606,1.9003 
2011-11-01,5.3841,14.5834,0.1005 
2011-11-02,7.8729,16.9961,7.3480e-04 
2011-11-03,9.2256,15.6695,0.0529 
2011-11-04,2.9097,9.7385,0.3855 
2011-11-05,0.2088,11.4439,2.2249e-05 
2011-11-06,4.6513,14.3646,4.8023e-04 
2011-11-07,10.3501,13.8139,1.7387 
2011-11-08,12.0156,18.5615,1.2845 
2011-11-09,8.6116,17.6691,6.8347 
2011-11-10,0.7375,6.6914,0.4234 
2011-11-11,-0.8061,4.3874,0.5927 
2011-11-12,3.0461,13.7933,4.6172e-05 
2011-11-13,10.9943,16.6472,0.0189 
2011-11-14,11.5092,17.2650,23.7961 
2011-11-15,9.8262,13.0039,3.9719 
2011-11-16,3.0613,9.7594,0.0172 
2011-11-17,-1.9107,2.1457,0.0300 
2011-11-18,-3.3877,6.2695,0.0013 
2011-11-19,3.4581,11.5666,0.2872 
2011-11-20,8.3403,14.2547,0.3595 
2011-11-21,2.7036,7.5135,3.2505 
2011-11-22,2.1200,7.0927,27.4589 
2011-11-23,1.7850,7.3096,9.1301 
2011-11-24,0.8658,8.5118,0.0089 
2011-11-25,5.0356,11.7193,4.2062e-04 
2011-11-26,8.4825,15.3651,0.1101 
2011-11-27,6.7315,14.9442,14.6498 
2011-11-28,0.5725,6.0489,6.6868 
2011-11-29,1.7140,5.4991,52.2875 
2011-11-30,-3.4273,1.4500,2.7515 
2011-12-01,-4.7168,1.0867,0.0055 
2011-12-02,-1.5418,1.6427,0.2840 
2011-12-03,-0.9455,8.7757,0.3344 
2011-12-04,6.5580,10.1131,9.5173 
2011-12-05,1.7792,9.1284,17.9821 
2011-12-06,-0.9986,1.2906,5.4194 
2011-12-07,-5.3047,0.5316,0.1040 
2011-12-08,-6.1023,0.9874,0.0239 
2011-12-09,-2.3031,0.2108,1.6392 
2011-12-10,-11.7876,-3.1451,0.0382 
2011-12-11,-8.8917,-0.2993,1.3836e-08 
2011-12-12,-2.9404,2.5776,6.3714e-05 
2011-12-13,1.9166,5.2306,0.3694 
2011-12-14,3.4238,12.1446,10.0231 
2011-12-15,5.2778,14.2363,17.2352 
2011-12-16,-2.1131,4.2569,0.1682 
2011-12-17,-3.8152,-0.5452,1.3384 
2011-12-18,-4.2198,2.7779,0.2127 
2011-12-19,2.7730,8.1813,0.1770 
2011-12-20,-0.0108,6.8581,3.2123 
2011-12-21,3.4382,10.0547,9.8765 
2011-12-22,3.3679,5.9099,0.3185 
2011-12-23,-2.8537,4.7963,0.7796 
2011-12-24,-3.9964,1.5804,0.0468 
2011-12-25,-1.1277,4.2975,0.0063 
2011-12-26,-1.9639,5.2529,0.0049 
2011-12-27,0.2463,3.6217,9.7127 
2011-12-28,-4.7074,1.0712,0.4028 
2011-12-29,-4.5297,4.4827,0.3820 
2011-12-30,1.8232,8.6343,4.5239 
2011-12-31,1.8707,7.7843,0.4847 
2012-01-01,0.3342,6.5154,0.1666 
2012-01-02,-4.2624,-0.3012,0.6559 
2012-01-03,-9.8726,-4.1800,0.2001 
2012-01-04,-9.3558,0.4200,0.0103 
2012-01-05,-5.2334,1.9782,0.0204 
2012-01-06,2.2405,8.9736,4.3576e-04 
2012-01-07,-0.0989,7.3570,0.0062 
2012-01-08,-1.5219,2.5146,0.0093 
2012-01-09,0.0235,4.4833,3.7642e-04 
2012-01-10,-0.6236,6.6205,3.4550e-06 
2012-01-11,2.7124,6.0784,2.7936 
2012-01-12,-0.8413,4.5547,5.5628 
2012-01-13,-7.1490,-2.2699,5.7677 
2012-01-14,-11.4146,-6.3697,1.0438 
2012-01-15,-11.1549,-7.4979,0.0801 
2012-01-16,-8.6859,5.5323,0.2971 
2012-01-17,0.1327,11.3848,22.1423 
2012-01-18,-6.6788,-1.0918,0.2331 
2012-01-19,-7.7763,-3.7991,2.3638 
2012-01-20,-14.3646,-7.9548,2.0565 
2012-01-21,-11.5229,-7.5095,7.0636 
2012-01-22,-10.4150,2.4220,0.1464 
2012-01-23,2.1018,11.2111,10.7642 
2012-01-24,-4.2661,1.3945,0.1823 
2012-01-25,-3.8355,0.1605,0.3825 
2012-01-26,-1.1336,2.0746,9.3343 
2012-01-27,0.0038,2.3669,6.1664 
2012-01-28,-1.4193,1.0040,1.7476 
2012-01-29,-4.6504,-0.5529,0.3645 
2012-01-30,-7.0333,5.8544,0.0278 
2012-01-31,5.9453,11.5176,0.0131 
2012-02-01,3.1042,11.3392,1.4281 
2012-02-02,-0.8433,6.2287,3.2585e-04 
2012-02-03,2.3924,7.6247,5.1864e-04 
2012-02-04,-0.4522,7.2211,5.0270 
2012-02-05,-0.8948,4.9706,0.1301 
2012-02-06,-0.8082,5.9197,0.0067 
2012-02-07,-3.2090,4.4713,0.0462 
2012-02-08,-5.0097,1.6119,0.5256 
2012-02-09,-6.5879,0.8209,0.0591 
2012-02-10,-5.6822,0.7495,1.1059 
2012-02-11,-12.6528,0.4117,3.8841 
2012-02-12,-9.9503,-3.2013,0.3357 
2012-02-13,-9.7300,-1.2522,0.0053 
2012-02-14,-2.6565,0.3606,4.3819 
2012-02-15,-3.6954,4.3543,0.0733 
2012-02-16,3.8000,6.5942,5.4767 
2012-02-17,-3.0369,5.0902,0.0126 
2012-02-18,-0.6042,4.2355,0.0116 
2012-02-19,-6.1276,0.3056,0.0020 
2012-02-20,-5.1828,3.4761,0.0431 
2012-02-21,-0.4286,7.2299,3.3338 
2012-02-22,0.6319,6.5497,1.1103 
2012-02-23,0.6005,5.8534,1.0751 
2012-02-24,0.6014,3.8720,8.2617 
2012-02-25,-4.2893,0.2096,0.9669 
2012-02-26,-6.1652,5.7909,0.0304 
2012-02-27,0.8556,5.5342,0.0041 
2012-02-28,-3.6478,5.8936,0.0206 
2012-02-29,3.3516,15.8389,11.2206 
2012-03-01,0.9422,12.4995,0.1958 
2012-03-02,1.6405,13.0142,13.4487 
2012-03-03,-2.2774,13.4433,1.0243 
2012-03-04,-5.7661,-0.0021,1.4853 
2012-03-05,-6.0820,-0.6713,4.0796 
2012-03-06,-3.6950,12.6202,0.0711 
2012-03-07,7.9523,17.8713,0.0067 
2012-03-08,4.3535,17.3037,8.4164 
2012-03-09,-2.1527,3.2959,0.0795 
2012-03-10,-5.5503,9.0311,0.0013 
2012-03-11,1.7981,17.0930,8.0229e-04 
2012-03-12,9.5852,17.9344,6.5428 
2012-03-13,9.6592,17.6420,4.1337 
2012-03-14,12.7291,24.8131,0.0067 
2012-03-15,16.5258,25.2566,1.1109 
2012-03-16,17.7867,24.7282,2.5905 
2012-03-17,15.2115,23.1346,0.0136 
2012-03-18,15.7962,22.0615,1.8786 
2012-03-19,17.0157,24.3566,0.1747 
2012-03-20,18.0530,26.3015,0.0010 
2012-03-21,17.9317,27.8495,0.0182 
2012-03-22,19.5508,26.9782,0.1507 
2012-03-23,15.9901,25.5672,12.1517 
2012-03-24,11.8430,17.9981,9.5094 
2012-03-25,10.4714,18.3673,0.2122 
2012-03-26,0.8555,17.8119,0.0170 
2012-03-27,-1.7751,14.5224,0.0032 
2012-03-28,14.2347,17.3222,0.1306 
2012-03-29,1.1980,14.2178,1.2983e-04 
2012-03-30,1.6427,15.6004,1.4535 
2012-03-31,1.3211,11.0626,0.1152 
2012-04-01,4.2194,16.2456,0.0666 
2012-04-02,3.4466,15.1886,0.0031 
2012-04-03,5.9336,24.7083,4.6656 
2012-04-04,7.5096,23.9896,0.7026 
2012-04-05,2.1014,12.6369,1.7018e-04 
2012-04-06,0.0433,11.7394,0.0000 
2012-04-07,6.2134,15.6659,0.0069 
2012-04-08,8.4090,15.4705,0.8733 
2012-04-09,8.0736,13.7604,0.1126 
2012-04-10,2.0060,11.6972,0.1148 
2012-04-11,-1.3096,9.7629,0.0800 
2012-04-12,1.9814,12.7316,0.0039 
2012-04-13,7.1067,16.4895,0.0527 
2012-04-14,9.9469,18.2001,5.2057 
2012-04-15,15.8924,24.5821,1.4904 
2012-04-16,13.8586,24.4861,2.0043 
2012-04-17,6.1616,14.1248,9.2593e-04 
2012-04-18,5.3507,17.5944,0.0011 
2012-04-19,12.3461,22.1745,0.0265 
2012-04-20,13.6385,21.6863,1.4919 
2012-04-21,2.4678,11.7988,4.8332 
2012-04-22,1.5597,9.7653,1.2780e-04 
2012-04-23,2.5025,11.1202,7.6223e-05 
2012-04-24,4.1045,13.8510,4.3829e-05 
2012-04-25,8.9654,16.3812,1.9288 
2012-04-26,10.3264,15.9983,7.8334 
2012-04-27,-1.0289,11.4048,3.4376e-04 
2012-04-28,4.6491,10.3251,3.6673 
2012-04-29,3.0449,14.5775,0.1484 
2012-04-30,8.9663,20.8864,9.2790 
2012-05-01,11.2229,19.2882,7.8199 
2012-05-02,16.7428,25.3032,8.7195 
2012-05-03,19.1602,28.9671,0.0044 
2012-05-04,19.7177,28.6940,0.7161 
2012-05-05,14.7236,21.5592,0.1665 
2012-05-06,11.2917,22.9329,0.0630 
2012-05-07,15.7240,26.2733,9.4201 
2012-05-08,12.7406,24.2347,3.4276 
2012-05-09,10.3081,19.0117,0.3780 
2012-05-10,5.6515,16.1289,0.3604 
2012-05-11,11.7879,20.7645,5.6506e-06 
2012-05-12,13.7492,22.6009,0.0015 
2012-05-13,13.8843,21.8660,0.0484 
2012-05-14,14.0462,21.8778,0.0425 
2012-05-15,17.0341,25.1491,2.1129e-04 
2012-05-16,15.2956,24.9578,0.0611 
2012-05-17,9.1331,18.5561,8.8535e-04 
2012-05-18,11.1418,23.8695,2.0810e-05 
2012-05-19,18.5102,28.1544,0.0000 
2012-05-20,22.0006,29.5253,0.0030 
2012-05-21,19.7679,28.9618,0.0649 
2012-05-22,12.3317,22.2062,0.0139 
2012-05-23,15.4784,25.0243,3.3978e-04 
2012-05-24,18.9486,27.7762,3.5881e-04 
2012-05-25,22.7165,29.6200,0.1303 
2012-05-26,18.7479,28.8579,0.3726 
2012-05-27,21.0498,32.4812,0.0415 
2012-05-28,23.7662,32.1691,0.0117 
2012-05-29,21.4891,31.1417,5.4618 
2012-05-30,16.9305,26.8606,0.0022 
2012-05-31,10.7932,21.1557,0.6442 
2012-06-01,11.5906,15.3077,9.9082 
2012-06-02,8.3247,19.6907,0.4016 
2012-06-03,13.6979,23.8100,0.1154 
2012-06-04,14.9433,23.1700,3.9451e-04 
2012-06-05,10.8544,20.5905,0.0979 
2012-06-06,13.1234,22.5660,0.0027 
2012-06-07,15.5663,24.7610,0.0452 
2012-06-08,18.1902,27.4837,0.0019 
2012-06-09,20.9375,29.5697,1.9980e-06 
2012-06-10,22.4053,30.5878,0.0012 
2012-06-11,21.7982,29.9748,2.7465 
2012-06-12,20.6332,24.6610,0.6956 
2012-06-13,12.7119,21.4015,1.2461e-08 
2012-06-14,13.3757,26.4460,1.4791e-05 
2012-06-15,19.2730,30.2147,2.9893e-04 
2012-06-16,20.9801,31.6356,0.0487 
2012-06-17,21.0179,31.2882,2.7084 
2012-06-18,21.1670,31.1169,1.5748 
2012-06-19,24.1186,33.1135,0.1516 
2012-06-20,24.2839,32.8352,1.3074e-05 
2012-06-21,23.6795,31.4911,0.6853 
2012-06-22,19.0018,25.5153,3.0066 
2012-06-23,19.3566,27.3811,2.7359e-04 
2012-06-24,22.4747,29.8857,4.2809e-04 
2012-06-25,18.8148,28.7134,0.0090 
2012-06-26,15.8102,25.2684,6.1829e-04 
2012-06-27,20.2876,29.6377,0.0000 
2012-06-28,22.4806,36.9068,0.0035 
2012-06-29,26.0442,36.5747,4.3897 
2012-06-30,20.3254,30.6863,5.8577 
2012-07-01,24.0732,31.4452,0.9265 
2012-07-02,25.5328,31.5581,0.3445 
2012-07-03,26.7886,32.8367,0.0038 
2012-07-04,25.2653,34.3566,0.0244 
2012-07-05,29.2211,35.2313,1.5582 
2012-07-06,28.6647,35.0402,0.6506 
2012-07-07,30.1729,35.3243,0.0222 
2012-07-08,22.6244,33.7214,0.2344 
2012-07-09,19.1650,28.2638,0.1039 
2012-07-10,19.0652,27.7794,0.1313 
2012-07-11,19.0080,28.2755,0.0011 
2012-07-12,19.7965,30.2485,0.0031 
2012-07-13,22.1999,30.3429,0.0055 
2012-07-14,20.7880,30.1527,0.3795 
2012-07-15,21.5360,30.5360,0.4571 
2012-07-16,24.3667,32.6052,0.0940 
2012-07-17,25.4545,34.9870,0.1485 
2012-07-18,25.2955,33.4024,6.7102 
2012-07-19,23.0245,30.9614,23.9185 
2012-07-20,18.7454,24.4539,8.2273 
2012-07-21,18.0883,28.1436,0.0036 
2012-07-22,24.1260,30.6307,0.0024 
2012-07-23,24.2365,31.6300,3.4096 
2012-07-24,22.0824,31.3566,12.9323 
2012-07-25,18.0357,30.4080,0.0784 
2012-07-26,24.8928,30.6702,0.5733 
2012-07-27,22.0905,28.4338,1.7666 
2012-07-28,18.1955,25.7986,1.4763 
2012-07-29,19.6674,26.8812,0.0036 
2012-07-30,22.6563,28.9370,0.0420 
2012-07-31,23.3375,29.4637,1.3919 
2012-08-01,18.8462,28.0697,0.0100 
2012-08-02,22.7148,31.0710,9.9842e-05 
2012-08-03,25.4137,33.0296,0.0051 
2012-08-04,21.9872,32.5785,2.4747 
2012-08-05,20.4604,29.1808,26.4261 
2012-08-06,17.0307,26.0107,0.0128 
2012-08-07,21.4722,28.8603,0.0395 
2012-08-08,24.6704,30.4768,0.0649 
2012-08-09,20.6386,29.9818,3.6294 
2012-08-10,15.5136,24.0816,19.6495 
2012-08-11,14.2171,20.8050,1.8542 
2012-08-12,14.3415,22.7882,0.0829 
2012-08-13,19.1376,24.2368,0.4839 
2012-08-14,16.8798,22.7767,9.3293 
2012-08-15,19.5022,25.1142,0.3140 
2012-08-16,20.9411,26.7273,0.8512 
2012-08-17,17.0614,24.1681,0.9489 
2012-08-18,12.6756,21.5281,0.0513 
2012-08-19,17.6175,22.4550,0.0165 
2012-08-20,16.5781,21.9514,0.6192 
2012-08-21,17.5716,22.5196,0.5981 
2012-08-22,17.4648,25.2509,0.0213 
2012-08-23,21.3698,28.3338,3.1979e-04 
2012-08-24,22.5539,29.8683,1.3309e-05 
2012-08-25,22.8046,30.7549,3.6475e-04 
2012-08-26,21.2228,30.1571,0.0152 
2012-08-27,19.8127,28.4954,18.6847 
2012-08-28,16.2305,25.8290,0.1060 
2012-08-29,17.3947,25.4716,0.0318 
2012-08-30,18.6567,28.9030,0.0157 
2012-08-31,20.5552,31.3788,6.6486e-04 
2012-09-01,23.1554,30.0934,1.9141 
2012-09-02,21.2612,25.6885,8.5088 
2012-09-03,20.6294,26.9402,0.9460 
2012-09-04,21.6512,27.5903,1.2449 
2012-09-05,20.0779,28.4502,3.5027 
2012-09-06,18.4631,26.4945,1.3722 
2012-09-07,20.9087,27.5805,1.5843 
2012-09-08,14.1795,23.4116,21.6080 
2012-09-09,12.8388,19.4619,0.3147 
2012-09-10,13.2652,20.0159,0.0043 
2012-09-11,15.1335,22.4742,3.2069e-05 
2012-09-12,16.7513,25.2782,3.7537e-04 
2012-09-13,19.5577,25.7124,0.0081 
2012-09-14,13.7704,23.9802,4.3195 
2012-09-15,14.5258,20.8875,0.1563 
2012-09-16,15.4618,22.3026,1.0527e-05 
2012-09-17,16.5308,23.5483,0.2294 
2012-09-18,13.7414,21.6566,5.0826 
2012-09-19,8.6339,16.7691,0.0291 
2012-09-20,11.8967,19.5574,0.6594 
2012-09-21,12.6226,19.2359,1.4435 
2012-09-22,9.4560,17.8723,15.0779 
2012-09-23,5.7101,11.8847,0.4940 
2012-09-24,6.3622,15.0500,0.0108 
2012-09-25,9.6857,18.3017,1.4474 
2012-09-26,15.4418,20.5928,6.6987 
2012-09-27,12.6634,18.5223,2.4600 
2012-09-28,11.8661,15.7565,0.3529 
2012-09-29,12.2248,19.1023,0.0121 
2012-09-30,9.3399,18.0433,0.0137 
2012-10-01,10.3806,15.3964,0.0047 
2012-10-02,11.5671,18.1582,9.0228 
2012-10-03,11.6279,17.5360,2.8824 
2012-10-04,12.0431,22.1524,0.0196 
2012-10-05,7.6079,20.9961,9.2342 
2012-10-06,3.1800,8.4245,9.2127 
2012-10-07,3.6285,8.1295,0.0903 
2012-10-08,3.4591,9.6643,0.0364 
2012-10-09,3.4360,14.0934,0.0351 
2012-10-10,5.8846,12.7866,1.2767 
2012-10-11,1.2196,13.2947,0.0022 
2012-10-12,4.0989,11.9646,0.0429 
2012-10-13,3.4829,19.2615,2.9787 
2012-10-14,16.9929,20.2193,3.2679 
2012-10-15,7.7674,16.9802,2.3417 
2012-10-16,5.0309,14.2741,0.0526 
2012-10-17,12.9202,20.8325,2.0190 
2012-10-18,10.3442,20.0867,12.7713 
2012-10-19,7.0842,11.9377,4.9370 
2012-10-20,6.1884,10.5875,1.4040 
2012-10-21,6.1796,14.7520,0.0227 
2012-10-22,10.3176,22.3311,0.2699 
2012-10-23,16.6509,21.5542,3.9238 
2012-10-24,15.6977,21.4611,0.5228 
2012-10-25,15.2983,22.3622,5.5799e-04 
2012-10-26,7.0042,21.5783,2.4306 
2012-10-27,4.5722,9.6035,1.5065 
2012-10-28,1.9738,8.0555,0.0427 
2012-10-29,3.0292,6.5637,0.3504 
2012-10-30,1.2811,5.1610,9.6457 
2012-10-31,1.6661,5.2881,2.5502 
2012-11-01,3.4691,7.8100,0.4379 
2012-11-02,-0.5446,6.0108,0.0047 
2012-11-03,-1.0156,6.0587,0.0234 
2012-11-04,0.1404,5.1598,0.0144 
2012-11-05,-1.0512,5.1136,0.0018 
2012-11-06,-1.0164,6.7622,1.0093e-04 
2012-11-07,-0.5474,7.8361,0.0101 
2012-11-08,1.3426,8.5749,3.1777e-04 
2012-11-09,2.4796,13.6092,0.0061 
2012-11-10,8.8515,18.2609,0.6139 
2012-11-11,11.6977,18.5233,0.0158 
2012-11-12,-0.4058,17.4126,18.1541 
2012-11-13,-4.7925,1.4194,0.0678 
2012-11-14,-2.1110,3.1709,0.0033 
2012-11-15,-0.6370,4.9130,4.3542e-04 
2012-11-16,1.6694,8.3345,3.8183e-04 
2012-11-17,2.8588,10.4541,0.0000 
2012-11-18,2.8906,11.4486,0.0164 
2012-11-19,6.3968,11.5806,0.0020 
2012-11-20,8.1904,13.4952,0.0739 
2012-11-21,6.5513,14.2811,0.0742 
2012-11-22,6.1731,15.8811,0.0308 
2012-11-23,0.1009,14.2592,3.4591 
2012-11-24,-1.6461,0.7120,0.3330 
2012-11-25,-5.3831,5.5410,0.0971 
2012-11-26,-0.1471,3.4082,9.1774e-04 
2012-11-27,-5.3356,0.9984,0.1518 
2012-11-28,-4.8106,4.2152,0.0010 
2012-11-29,-1.9259,8.0658,0.0012 
2012-11-30,1.3272,10.4875,0.0215 
2012-12-01,3.5165,15.7746,0.0180 
2012-12-02,12.5523,15.4866,3.3091 
2012-12-03,11.7849,17.4223,0.2814 
2012-12-04,8.3011,17.0631,5.4741 
2012-12-05,-1.5613,8.2843,0.0190 
2012-12-06,-4.2331,4.4906,5.0472e-05 
2012-12-07,3.6713,8.0423,1.8952 
2012-12-08,3.7262,8.0604,4.5912 
2012-12-09,0.4951,8.1016,4.7912 
2012-12-10,0.6413,8.7579,2.9832 
2012-12-11,-3.6663,0.3387,0.2626 
2012-12-12,-5.0647,3.7593,0.0303 
2012-12-13,-2.0346,5.7502,0.0021 
2012-12-14,-1.3688,7.4524,3.4486e-04 
2012-12-15,2.8300,7.3626,0.8838 
2012-12-16,7.8261,11.3252,0.3568 
2012-12-17,3.1603,9.3369,0.1125 
2012-12-18,0.5671,4.8837,2.1380 
2012-12-19,0.6535,5.7161,0.3348 
2012-12-20,2.9517,10.4160,17.7487 
2012-12-21,0.0443,6.2833,3.0061 
2012-12-22,-3.2772,-0.0809,0.0360 
2012-12-23,-6.9641,0.3836,7.3189e-04 
2012-12-24,-4.7776,-0.2745,0.6277 
2012-12-25,-5.2870,-0.4610,0.1645 
2012-12-26,-3.1537,-1.4186,11.0622 
2012-12-27,-4.7474,-1.8919,0.6508 
2012-12-28,-6.5678,-3.0680,0.1570 
2012-12-29,-4.9513,-1.5825,4.9669 
2012-12-30,-8.2662,-1.9191,0.5172 
2012-12-31,-8.5396,-0.1592,0.5550 
2013-01-01,-7.1247,-0.3538,0.2265 
2013-01-02,-10.8030,-6.7114,0.0228 
2013-01-03,-11.4238,-3.1066,0.0701 
2013-01-04,-10.0641,-3.2992,0.0535 
2013-01-05,-7.7194,-1.5644,0.1411 
2013-01-06,-1.4783,-0.0172,0.4377 
2013-01-07,-4.8695,-0.4678,0.0838 
2013-01-08,-4.4982,1.1482,6.8132e-05 
2013-01-09,-0.1053,3.6019,0.2030 
2013-01-10,-0.7673,2.7676,0.0866 
2013-01-11,1.6487,13.6246,15.1582 
2013-01-12,8.8222,13.7229,0.0122 
2013-01-13,3.1710,12.6562,46.5469 
2013-01-14,-7.1703,2.7244,2.2677 
2013-01-15,-7.7091,-2.0528,0.0165 
2013-01-16,-5.0900,0.3475,0.0013 
2013-01-17,-3.1747,-0.2861,0.0239 
2013-01-18,-8.8134,1.0366,0.0211 
2013-01-19,1.2369,7.7820,0.0276 
2013-01-20,-7.9615,8.2872,0.2335 
2013-01-21,-11.4823,-6.5521,0.6304 
2013-01-22,-15.6511,-12.0927,0.5489 
2013-01-23,-16.2475,-8.9040,0.1717 
2013-01-24,-15.5225,-7.9965,0.6075 
2013-01-25,-11.4828,-4.6503,1.8655 
2013-01-26,-9.3699,-4.2166,0.6187 
2013-01-27,-8.3548,-1.7835,0.2650 
2013-01-28,-1.5779,11.4594,7.0494 
2013-01-29,8.1152,14.4707,3.3317 
2013-01-30,10.1764,16.9082,13.2494 
2013-01-31,-8.0228,8.9495,3.8918 
2013-02-01,-12.5682,-7.8453,0.2232 
2013-02-02,-13.3887,-3.8175,2.8017 
2013-02-03,-10.8933,-4.5804,0.2904 
2013-02-04,-11.9533,-4.5744,2.6109 
2013-02-05,-8.5522,-2.6632,0.4620 
2013-02-06,-7.4457,-1.9661,0.5518 
2013-02-07,-6.1518,0.6672,0.0363 
2013-02-08,-2.8615,2.8291,4.0187 
2013-02-09,-9.5120,-2.0683,0.1533 
2013-02-10,-5.5358,7.5790,1.1271 
2013-02-11,0.4259,11.1448,1.8414 
2013-02-12,-5.4046,1.8306,0.0439 
2013-02-13,-4.8870,3.5350,0.0185 
2013-02-14,-0.8688,6.4583,0.0698 
2013-02-15,-2.5513,4.2217,0.1640 
2013-02-16,-7.5915,-3.0685,0.3600 
2013-02-17,-11.6774,-4.8318,0.2207 
2013-02-18,-8.0403,9.0039,0.0530 
2013-02-19,-7.8982,8.8388,5.5132 
2013-02-20,-9.1524,-4.5996,0.3045 
2013-02-21,-10.7333,-2.8955,0.1749 
2013-02-22,-6.6410,2.7131,7.7776 
2013-02-23,-5.3339,2.1270,0.0891 
2013-02-24,-9.0666,0.2626,0.0333 
2013-02-25,-2.6482,3.5971,0.0025 
2013-02-26,-3.1125,3.4981,20.8810 
2013-02-27,0.8095,4.3742,18.6456 
2013-02-28,-0.4433,1.4668,2.3260 
2013-03-01,-5.4062,0.5746,0.0656 
2013-03-02,-8.7728,-2.1773,0.1531 
2013-03-03,-10.7779,-2.8117,0.4615 
2013-03-04,-8.6010,-0.0042,0.0330 
2013-03-05,-4.6483,0.8534,1.3562 
2013-03-06,-2.0138,0.4115,6.8904 
2013-03-07,-2.4200,-0.0029,0.0106 
2013-03-08,-5.0234,-0.0901,0.0263 
2013-03-09,-1.7678,4.2005,0.0930 
2013-03-10,4.6479,14.1868,0.4396 
2013-03-11,6.7118,12.9535,6.4316 
2013-03-12,-1.3073,5.4673,0.1874 
2013-03-13,-3.2266,1.6712,0.8843 
2013-03-14,-6.7762,3.4175,0.0221 
2013-03-15,-3.3869,6.9603,0.1583 
2013-03-16,0.1289,6.1638,2.9603 
2013-03-17,-5.5172,0.8520,0.0211 
2013-03-18,-3.6051,5.3070,2.7845 
2013-03-19,-7.2064,4.4295,0.2929 
2013-03-20,-7.0353,-1.6047,0.0481 
2013-03-21,-9.0541,-1.5626,0.4149 
2013-03-22,-7.0793,2.4164,0.0711 
2013-03-23,-4.6872,4.2896,0.0050 
2013-03-24,-4.4405,3.7402,0.0527 
2013-03-25,-1.1870,0.9568,5.3423 
2013-03-26,-2.4518,1.8662,0.6011 
2013-03-27,-4.2286,4.2194,0.1334 
2013-03-28,-2.7107,7.4803,0.0056 
2013-03-29,1.4450,8.5983,0.0011 
2013-03-30,2.6841,11.7697,0.0017 
2013-03-31,6.0712,14.0196,0.0998 
2013-04-01,0.0213,12.5731,0.1219 
2013-04-02,-5.0927,3.9467,0.0493 
2013-04-03,-3.7327,5.8224,3.9566e-04 
2013-04-04,-2.7054,11.2414,4.1135e-04 
2013-04-05,1.5923,10.9986,7.0333e-05 
2013-04-06,0.1580,15.7198,0.0073 
2013-04-07,14.9095,17.9102,0.2384 
2013-04-08,5.9608,21.7971,0.7325 
2013-04-09,9.2509,24.9020,0.1612 
2013-04-10,13.0761,23.8645,14.9703 
2013-04-11,6.0936,13.1702,30.7687 
2013-04-12,4.3207,7.0612,10.3630 
2013-04-13,-0.3932,5.3761,0.4995 
2013-04-14,3.4554,16.2487,0.1330 
2013-04-15,10.7389,19.6895,0.0434 
2013-04-16,9.1321,19.6948,8.5632 
2013-04-17,6.5023,13.0706,3.6572 
2013-04-18,12.3712,23.9842,13.4456 
2013-04-19,2.3361,23.4681,19.5575 
2013-04-20,-0.5103,4.2078,0.7121 
2013-04-21,-2.5012,8.3303,5.3542e-04 
2013-04-22,2.1142,16.8731,5.3876e-05 
2013-04-23,8.5274,20.0695,1.9087 
2013-04-24,1.5775,16.5832,22.6950 
2013-04-25,0.7647,7.8025,0.4560 
2013-04-26,4.9465,13.9033,0.0103 
2013-04-27,10.3464,19.1778,0.0105 
2013-04-28,10.7808,18.8877,12.3662 
2013-04-29,10.8321,18.6021,0.5869 
2013-04-30,12.1518,24.2862,0.0359 
2013-05-01,15.5613,26.6357,1.9522e-06 
2013-05-02,15.7238,26.2803,2.3643e-04 
2013-05-03,18.1144,22.8611,0.0037 
2013-05-04,14.6409,21.7760,1.1351e-04 
2013-05-05,13.0534,18.9170,0.0070 
2013-05-06,12.8739,20.2261,0.0144 
2013-05-07,14.4091,21.3048,0.0615 
2013-05-08,14.9942,22.0532,0.2045 
2013-05-09,16.8816,24.8093,0.2695 
2013-05-10,15.2828,23.3101,7.8195 
2013-05-11,6.3243,16.0674,0.9688 
2013-05-12,3.2647,8.7144,0.1891 
2013-05-13,2.2659,11.3903,0.2439 
2013-05-14,8.3174,25.7169,0.0027 
2013-05-15,20.7086,26.5267,0.0871 
2013-05-16,18.1326,25.2441,0.3644 
2013-05-17,14.3259,25.1005,0.0050 
2013-05-18,15.5344,24.8414,0.0586 
2013-05-19,18.3110,27.0840,0.0296 
2013-05-20,19.6152,30.2681,0.0037 
2013-05-21,21.4018,29.7310,0.0139 
2013-05-22,18.8763,27.1916,1.0667 
2013-05-23,8.3811,21.4907,4.3202 
2013-05-24,4.2162,13.5113,0.3389 
2013-05-25,6.6363,16.9887,4.5026e-04 
2013-05-26,8.4474,18.4526,0.0138 
2013-05-27,10.7319,18.2323,12.0060 
2013-05-28,12.7709,25.0040,9.6102 
2013-05-29,19.5611,27.5948,0.0989 
2013-05-30,21.3237,28.9734,0.0897 
2013-05-31,21.5239,28.5579,5.5336 
2013-06-01,22.4937,25.7941,22.9919 
2013-06-02,16.7273,20.7842,0.5710 
2013-06-03,7.2211,17.9258,0.0068 
2013-06-04,12.0069,20.8539,0.0039 
2013-06-05,12.2173,22.1449,0.0040 
2013-06-06,14.3866,21.5280,0.2349 
2013-06-07,11.8983,21.5377,0.0430 
2013-06-08,13.7883,22.7290,0.0067 
2013-06-09,17.3806,24.8579,0.1645 
2013-06-10,17.6319,22.6271,9.5110 
2013-06-11,15.5835,26.7847,0.6975 
2013-06-12,21.9307,29.0109,1.1042 
2013-06-13,17.0514,27.6682,25.4124 
2013-06-14,13.5890,21.8353,0.0206 
2013-06-15,17.1791,24.2884,0.6370 
2013-06-16,18.2438,25.3476,4.7114 
2013-06-17,18.6454,27.4454,0.5275 
2013-06-18,18.2112,25.5899,0.0302 
2013-06-19,11.1595,22.2483,0.0024 
2013-06-20,16.1785,26.1370,4.9116e-04 
2013-06-21,22.1405,28.8234,4.5855e-04 
2013-06-22,21.8067,30.4265,1.2438 
2013-06-23,22.5203,29.2295,1.5517 
2013-06-24,21.1697,29.2392,0.2505 
2013-06-25,21.0479,29.7107,1.7875 
2013-06-26,19.5488,29.2336,15.2500 
2013-06-27,19.5771,27.1600,7.6819 
2013-06-28,19.2114,26.9896,2.1458 
2013-06-29,18.5014,24.2504,4.6519 
2013-06-30,15.4296,21.1059,11.0278 
2013-07-01,15.4698,22.8653,5.1396 
2013-07-02,17.4626,23.6169,2.2044 
2013-07-03,17.5857,25.6978,4.3084 
2013-07-04,19.0079,24.8031,1.5110 
2013-07-05,19.4442,25.5074,2.4947 
2013-07-06,20.3766,25.3533,2.9813 
2013-07-07,18.3323,26.7527,2.5762 
2013-07-08,21.4572,29.1856,5.0169 
2013-07-09,20.9016,27.6463,15.5095 
2013-07-10,22.3212,27.5664,26.1406 
2013-07-11,16.0621,24.1875,0.2002 
2013-07-12,15.8477,24.2070,0.0099 
2013-07-13,18.6273,26.9827,0.0034 
2013-07-14,20.9762,28.2885,0.1093 
2013-07-15,23.6968,30.5913,0.0695 
2013-07-16,26.4842,31.1196,0.0830 
2013-07-17,26.5186,31.3801,0.0823 
2013-07-18,26.0633,31.6400,0.0723 
2013-07-19,24.2817,31.7819,0.1006 
2013-07-20,22.8225,30.9650,15.5130 
2013-07-21,20.0598,27.1378,0.4914 
2013-07-22,20.8978,26.6346,8.9851 
2013-07-23,19.4722,26.3808,0.2819 
2013-07-24,12.9174,23.3487,4.6872e-04 
2013-07-25,15.4385,22.3719,0.0284 
2013-07-26,18.1257,24.3153,0.0031 
2013-07-27,17.1698,23.9717,5.7829 
2013-07-28,11.2099,18.1302,0.5478 
2013-07-29,13.2221,21.9499,0.0198 
2013-07-30,15.6896,24.1020,0.0189 
2013-07-31,18.9450,23.7679,0.6849 
2013-08-01,16.0022,23.2770,1.8310 
2013-08-02,17.0582,22.2363,10.0554 
2013-08-03,17.5006,23.5847,18.8697 
2013-08-04,13.1366,22.6562,0.0154 
2013-08-05,16.1710,22.9930,0.1183 
2013-08-06,17.9067,25.7586,0.7807 
2013-08-07,20.4597,28.2198,3.7651 
2013-08-08,19.0144,27.6603,1.0430 
2013-08-09,18.1415,24.8319,0.6347 
2013-08-10,21.0207,24.4373,0.1518 
2013-08-11,18.4060,24.2032,0.1909 
2013-08-12,18.8401,25.6095,0.9779 
2013-08-13,15.5865,24.5890,0.6237 
2013-08-14,9.4156,19.0295,0.0031 
2013-08-15,13.9684,20.5591,0.0054 
2013-08-16,16.7194,22.9317,0.0739 
2013-08-17,17.0103,24.0559,0.0284 
2013-08-18,18.2348,25.4317,0.0055 
2013-08-19,19.6946,26.6463,0.0276 
2013-08-20,21.1216,28.2226,9.5800e-04 
2013-08-21,21.1791,28.1814,0.3691 
2013-08-22,21.2693,27.5053,3.5618 
2013-08-23,19.3886,26.7224,1.3579 
2013-08-24,18.2125,26.1347,0.0280 
2013-08-25,18.9687,28.5124,8.7141e-04 
2013-08-26,20.5461,30.5731,0.0021 
2013-08-27,21.5097,30.7634,0.4859 
2013-08-28,23.9494,30.2989,1.0532 
2013-08-29,19.5542,28.0082,0.0215 
2013-08-30,23.1334,29.0324,0.0603 
2013-08-31,21.1469,28.6388,0.9270 
2013-09-01,19.8355,27.9125,0.2434 
2013-09-02,21.2579,27.5673,0.3764 
2013-09-03,11.2318,21.6803,0.0126 
2013-09-04,16.5719,24.5273,0.0393 
2013-09-05,14.5516,23.4548,0.0022 
2013-09-06,13.4748,23.8926,0.0025 
2013-09-07,18.1588,27.7820,0.0615 
2013-09-08,18.7407,27.0643,0.0478 
2013-09-09,15.8683,29.4416,1.2471 
2013-09-10,24.2641,31.8618,0.0312 
2013-09-11,24.1632,31.4144,0.6368 
2013-09-12,19.0089,29.5708,13.4754 
2013-09-13,9.4336,17.9317,2.1631 
2013-09-14,8.3449,18.2759,4.3187e-04 
2013-09-15,12.8206,20.1144,0.4247 
2013-09-16,9.6953,17.4800,5.5466 
2013-09-17,8.8024,19.4359,0.0264 
2013-09-18,14.6556,24.2196,0.0625 
2013-09-19,16.8692,27.0807,3.0655 
2013-09-20,20.7343,26.2681,9.7232 
2013-09-21,14.6121,21.1285,13.4911 
2013-09-22,7.1654,15.5084,0.0228 
2013-09-23,8.6617,15.8612,0.0016 
2013-09-24,8.5397,17.4076,0.0196 
2013-09-25,11.0241,18.8385,0.0086 
2013-09-26,12.9771,21.2478,0.0903 
2013-09-27,13.8758,21.4882,0.0028 
2013-09-28,14.1813,24.1620,0.0134 
2013-09-29,16.2516,22.8651,3.6349 
2013-09-30,13.4130,20.0236,0.5895 
2013-10-01,15.3708,23.0959,0.0300 
2013-10-02,16.2932,24.2604,0.0075 
2013-10-03,18.5969,23.6127,0.8348 
2013-10-04,19.9364,26.2147,8.2266 
2013-10-05,19.2606,25.0959,8.6083 
2013-10-06,13.6564,23.5390,15.4446 
2013-10-07,4.5849,13.2106,1.2052 
2013-10-08,10.3094,16.4540,0.0031 
2013-10-09,11.3176,17.8561,1.5496e-04 
2013-10-10,12.4318,18.7006,2.1776e-04 
2013-10-11,11.8806,20.2882,7.7144e-04 
2013-10-12,13.9711,22.6396,0.0063 
2013-10-13,12.4905,21.7957,0.0244 
2013-10-14,7.0187,16.7250,7.7029e-04 
2013-10-15,9.5237,20.6605,0.1114 
2013-10-16,11.2013,19.1536,2.4703 
2013-10-17,6.7512,12.6502,2.3257 
2013-10-18,4.9814,14.3567,0.1462 
2013-10-19,4.6012,12.1600,5.1991 
2013-10-20,3.3506,13.5931,0.5588 
2013-10-21,9.1543,12.5757,0.9192 
2013-10-22,-0.1415,9.2447,0.3835 
2013-10-23,1.4175,6.2432,2.2872 
2013-10-24,-2.1488,5.1765,0.7132 
2013-10-25,-1.5146,6.6007,0.1808 
2013-10-26,1.4834,9.4366,0.0541 
2013-10-27,3.1538,10.1927,0.0489 
2013-10-28,5.9064,11.8428,0.0029 
2013-10-29,2.9417,12.9686,7.4410e-04 
2013-10-30,8.7099,18.6630,0.0107 
2013-10-31,15.2927,18.1194,19.7557 
2013-11-01,6.7779,17.4231,15.6836 
2013-11-02,5.5306,8.0141,2.3076 
2013-11-03,1.1974,6.7866,0.8433 
2013-11-04,1.1967,9.1841,0.0122 
2013-11-05,8.4027,13.9866,0.0573 
2013-11-06,10.0420,13.3291,2.8120 
2013-11-07,2.6518,12.5222,1.8651 
2013-11-08,-1.3163,5.9990,0.1144 
2013-11-09,2.9979,12.9136,8.7809e-04 
2013-11-10,3.6269,12.3435,0.0111 
2013-11-11,1.2338,8.3973,2.9313 
2013-11-12,-5.0300,1.6367,3.2649 
2013-11-13,-8.6227,-0.1189,0.0280 
2013-11-14,-2.0280,6.6868,1.9045e-04 
2013-11-15,3.7482,8.4735,0.0014 
2013-11-16,3.8539,13.4698,0.0348 
2013-11-17,13.2972,17.5147,13.3465 
2013-11-18,1.5347,14.5393,4.0088 
2013-11-19,-2.9798,2.7781,0.0107 
2013-11-20,-3.1071,6.1975,0.0061 
2013-11-21,4.7988,8.7402,5.4351 
2013-11-22,1.9930,8.6964,6.5039 
2013-11-23,-4.7878,1.1926,0.2077 
2013-11-24,-10.3945,-4.7519,0.1785 
2013-11-25,-8.6083,-0.2443,0.0824 
2013-11-26,-1.5771,1.3355,0.4438 
2013-11-27,-7.8435,0.0560,0.1078 
2013-11-28,-7.9201,-1.5145,0.3543 
2013-11-29,-5.0537,0.2680,0.0233 
2013-11-30,-4.3714,7.1260,0.0026 
2013-12-01,0.5644,6.7265,0.0147 
2013-12-02,-2.1616,4.6910,0.0265 
2013-12-03,-0.1764,9.7787,0.6900 
2013-12-04,5.6151,13.6994,0.2106 
2013-12-05,-0.1333,15.9921,0.5056 
2013-12-06,-3.8576,-0.7010,0.6108 
2013-12-07,-8.3742,-4.0751,0.1620 
2013-12-08,-9.8085,-4.0270,1.1543 
2013-12-09,-5.3017,-0.9938,1.0143 
2013-12-10,-14.4849,-5.7725,0.0687 
2013-12-11,-12.1613,-6.2591,1.4694 
2013-12-12,-17.8747,-8.1291,0.1627 
2013-12-13,-10.6032,-4.2658,0.0018 
2013-12-14,-5.6229,-0.6400,9.1720 
2013-12-15,-10.1149,-1.2150,0.4098 
2013-12-16,-13.2771,-9.0035,0.2625 
2013-12-17,-9.1716,-4.2050,2.2834 
2013-12-18,-9.3339,-3.2570,0.1024 
2013-12-19,-5.4504,2.7722,0.1429 
2013-12-20,2.6539,11.5119,5.0796 
2013-12-21,1.6697,12.0777,22.1041 
2013-12-22,1.4676,7.1985,53.6326 
2013-12-23,-4.6571,2.4360,0.3164 
2013-12-24,-15.9423,-5.5552,0.4179 
2013-12-25,-10.6477,-4.0191,0.6647 
2013-12-26,-4.9402,-2.9130,0.6441 
2013-12-27,-4.1052,3.0551,0.0385 
2013-12-28,1.3602,7.5212,0.0054 
2013-12-29,1.0778,5.7605,0.1890 
2013-12-30,-10.1329,-0.3335,0.2683 
2013-12-31,-9.7608,-6.5249,0.4777 
2014-01-01,-8.3895,-7.3261,4.0541 
2014-01-02,-11.3027,-8.1904,9.2197 
2014-01-03,-19.6147,-11.2941,0.0880 
2014-01-04,-15.8030,-1.9158,0.0261 
2014-01-05,-2.6480,-0.5203,12.9599 
2014-01-06,-24.9004,-1.3038,6.3730 
2014-01-07,-26.1054,-19.1289,0.0069 
2014-01-08,-19.2083,-9.5417,0.0528 
2014-01-09,-13.4209,-5.9278,0.1960 
2014-01-10,-5.2824,2.5543,1.1639 
2014-01-11,0.2629,4.7132,15.7617 
2014-01-12,-3.9074,2.9844,0.0550 
2014-01-13,3.1955,6.9640,0.1750 
2014-01-14,-4.7118,4.8092,0.2463 
2014-01-15,-5.9453,2.1606,0.3630 
2014-01-16,-9.9332,-2.4852,2.7078 
2014-01-17,-9.4133,-0.5353,1.8759 
2014-01-18,-12.9825,-8.4649,0.3757 
2014-01-19,-11.6228,-3.9313,2.1217 
2014-01-20,-4.9278,0.9069,0.0505 
2014-01-21,-15.6476,-4.4508,1.1343 
2014-01-22,-17.2026,-12.9052,0.4709 
2014-01-23,-14.8468,-11.5914,0.6947 
2014-01-24,-23.6117,-11.2025,0.0457 
2014-01-25,-10.2380,-2.4230,5.2205 
2014-01-26,-17.2578,-1.3187,2.5232 
2014-01-27,-18.0095,-1.9103,0.9706 
2014-01-28,-25.9135,-18.4710,0.0297 
2014-01-29,-23.6485,-11.7503,0.0013 
2014-01-30,-13.2106,-4.4099,0.0127 
2014-01-31,-4.9436,-2.0081,0.7162 
2014-02-01,-2.8628,2.2852,15.7853 
2014-02-02,-5.2099,2.3052,8.4956 
2014-02-03,-11.2596,-5.1932,0.0075 
2014-02-04,-10.8931,-6.5177,0.2078 
2014-02-05,-7.4865,-5.9591,13.3831 
2014-02-06,-14.3136,-7.6795,0.3894 
2014-02-07,-21.8002,-15.2601,0.0843 
2014-02-08,-18.7542,-10.5317,0.6964 
2014-02-09,-10.7311,-7.4566,2.9689 
2014-02-10,-13.9505,-8.6698,0.0594 
2014-02-11,-15.1817,-11.7956,0.0408 
2014-02-12,-16.8376,-9.6713,0.0697 
2014-02-13,-10.8900,-6.1028,0.0340 
2014-02-14,-7.8846,-4.4708,0.2488 
2014-02-15,-13.5836,-6.6726,0.2395 
2014-02-16,-9.9396,-5.3734,0.7796 
2014-02-17,-14.0138,-4.1935,5.3360 
2014-02-18,-4.1193,2.4079,8.2681 
2014-02-19,-0.1269,3.6161,0.0094 
2014-02-20,-1.1728,7.7557,15.8424 
2014-02-21,-1.1245,10.7472,5.1196 
2014-02-22,-2.9441,1.2379,0.4041 
2014-02-23,-7.8087,-0.0450,0.6105 
2014-02-24,-12.1220,-5.5502,0.0250 
2014-02-25,-9.1674,-5.4110,0.2417 
2014-02-26,-12.8630,-6.8545,0.2503 
2014-02-27,-12.4804,-9.8639,0.3385 
2014-02-28,-18.3474,-3.7177,0.0234 
2014-03-01,-5.1342,1.1503,0.1897 
2014-03-02,-11.0069,-2.9963,6.8684 
2014-03-03,-18.5955,-10.4107,0.2921 
2014-03-04,-16.2996,-8.1922,0.0144 
2014-03-05,-10.9238,-6.5894,0.5996 
2014-03-06,-10.6347,-2.6141,0.1078 
2014-03-07,-4.4938,3.9930,0.0109 
2014-03-08,-0.5854,4.6698,2.3161 
2014-03-09,-8.4509,2.2227,0.0862 
2014-03-10,1.4570,9.7198,0.1260 
2014-03-11,6.8005,9.6110,0.0312 
2014-03-12,-7.5558,7.1160,18.9533 
2014-03-13,-16.0246,-6.3370,0.2155 
2014-03-14,-5.9004,5.4625,0.0408 
2014-03-15,-2.1205,5.0442,0.0539 
2014-03-16,-11.2353,0.9479,0.0657 
2014-03-17,-13.6717,-1.0619,0.0027 
2014-03-18,-5.2045,9.3290,0.0061 
2014-03-19,4.2035,9.3166,0.8370 
2014-03-20,-1.9464,4.9831,0.5400 
2014-03-21,-1.2811,12.9452,0.1345 
2014-03-22,1.4850,13.4072,0.5052 
2014-03-23,-7.7152,3.6804,0.0247 
2014-03-24,-9.2267,-0.3035,0.0174 
2014-03-25,-5.5933,-0.8903,0.4221 
2014-03-26,-9.7409,1.3340,0.0424 
2014-03-27,-3.3785,9.3895,1.4668 
2014-03-28,6.6921,12.3546,1.8319 
2014-03-29,-1.4203,6.8327,3.1266 
2014-03-30,-6.0960,7.8414,0.0450 
2014-03-31,4.8826,14.2828,0.0034 
2014-04-01,10.4461,13.1799,0.4352 
2014-04-02,3.8403,11.7884,0.0964 
2014-04-03,2.6267,9.5134,44.0887 
2014-04-04,5.5441,14.8647,4.7431 
2014-04-05,-1.8998,7.1615,1.0732 
2014-04-06,3.0958,10.1203,0.0000 
2014-04-07,3.5028,9.8659,6.9422 
2014-04-08,3.7970,12.3893,11.6311 
2014-04-09,1.6319,11.9388,0.0086 
2014-04-10,7.1215,17.9834,0.1036 
2014-04-11,10.8114,17.2115,3.0239 
2014-04-12,12.0898,21.7425,0.0072 
2014-04-13,17.2239,24.5049,0.0026 
2014-04-14,10.2296,24.3699,2.2596 
2014-04-15,-5.0877,9.1377,6.3950 
2014-04-16,-4.6519,5.4272,0.0322 
2014-04-17,0.2609,16.4948,1.2590e-05 
2014-04-18,10.6599,17.3008,0.0296 
2014-04-19,2.3333,16.0711,1.8410e-05 
2014-04-20,4.1381,21.6990,4.6373e-04 
2014-04-21,15.9323,23.9612,0.0071 
2014-04-22,11.1277,23.2889,0.1619 
2014-04-23,0.0253,12.5052,9.0200e-04 
2014-04-24,5.7526,13.9677,0.0796 
2014-04-25,8.0351,14.5511,7.0271 
2014-04-26,8.7243,14.9191,0.2058 
2014-04-27,2.5406,14.2299,0.0058 
2014-04-28,8.0087,12.6313,8.0417 
2014-04-29,12.1880,20.7856,5.7177 
2014-04-30,10.5688,17.5062,1.9229 
2014-05-01,6.2388,16.0776,0.0394 
2014-05-02,7.4520,13.8111,0.2379 
2014-05-03,8.0411,15.6596,0.3185 
2014-05-04,9.6864,15.1625,0.0214 
2014-05-05,6.5212,15.9319,0.0853 
2014-05-06,5.9047,16.5363,4.7440e-04 
2014-05-07,10.2820,25.8547,0.3215 
2014-05-08,17.2551,29.2711,0.0143 
2014-05-09,20.7282,28.9501,1.5654 
2014-05-10,13.1905,22.5685,0.9634 
2014-05-11,15.5325,25.6684,0.5092 
2014-05-12,19.4973,26.7317,21.2062 
2014-05-13,20.1535,25.8355,2.5783 
2014-05-14,12.2013,23.4159,10.7877 
2014-05-15,8.1250,15.1146,17.5190 
2014-05-16,1.7298,9.7417,0.1439 
2014-05-17,3.1602,10.4562,0.7528 
2014-05-18,7.2696,15.7211,0.0140 
2014-05-19,12.1383,18.1932,0.0016 
2014-05-20,13.7394,25.4134,0.4242 
2014-05-21,16.9409,25.3224,9.3372 
2014-05-22,16.1971,25.1728,0.3444 
2014-05-23,10.1564,20.3631,9.3698e-05 
2014-05-24,13.2371,22.9887,1.3046e-04 
2014-05-25,18.6174,25.9425,1.2921e-04 
2014-05-26,20.0786,28.5210,0.0052 
2014-05-27,21.2496,28.2964,0.3904 
2014-05-28,21.2542,26.7069,1.4664 
2014-05-29,14.5562,23.4827,0.3076 
2014-05-30,14.5989,24.7500,0.0079 
2014-05-31,19.6094,26.2173,1.2964e-07 
2014-06-01,18.1928,29.0071,2.8949e-04 
2014-06-02,22.1345,29.0615,1.0892 
2014-06-03,21.0779,25.9263,1.6201 
2014-06-04,14.4866,25.1249,18.4030 
2014-06-05,11.4977,21.0822,0.3256 
2014-06-06,16.3425,23.9821,2.2470e-04 
2014-06-07,19.3420,25.3636,0.0864 
2014-06-08,14.9158,24.8802,17.8625 
2014-06-09,14.6138,22.9924,0.0520 
2014-06-10,18.3758,22.8720,0.3197 
2014-06-11,18.0632,23.1222,3.2454 
2014-06-12,17.4059,25.1347,1.0913 
2014-06-13,15.4274,25.1745,0.3111 
2014-06-14,12.7795,22.1510,0.0013 
2014-06-15,15.1405,27.7493,9.6994e-04 
2014-06-16,22.1566,28.5646,0.5708 
2014-06-17,23.4735,30.5795,0.0166 
2014-06-18,23.5576,30.4317,4.9040 
2014-06-19,19.5558,30.1810,11.4089 
2014-06-20,17.4763,25.3780,4.5886 
2014-06-21,16.7459,25.2507,2.7906 
2014-06-22,19.4700,26.4932,2.4126 
2014-06-23,21.2145,29.6631,4.1463 
2014-06-24,19.5324,29.2208,7.4371 
2014-06-25,18.9017,26.0193,8.0815 
2014-06-26,16.7440,24.8896,2.0170 
2014-06-27,19.4655,27.3899,0.0324 
2014-06-28,21.9589,27.9765,1.4796 
2014-06-29,22.0700,27.3453,0.3294 
2014-06-30,21.5407,28.2446,0.4923 
2014-07-01,22.6892,28.0713,7.0066 
2014-07-02,19.0727,26.3916,0.0075 
2014-07-03,13.2652,21.3243,0.0584 
2014-07-04,14.1765,22.1408,3.0195e-04 
2014-07-05,17.8374,23.1332,2.5421e-04 
2014-07-06,19.1766,26.7105,0.0286 
2014-07-07,22.0758,26.4787,0.9078 
2014-07-08,19.7835,24.0745,11.4017 
2014-07-09,16.6188,23.1915,1.3735 
2014-07-10,15.8917,23.8233,0.0159 
2014-07-11,18.1439,26.2666,1.5090e-04 
2014-07-12,21.7225,27.9217,0.1213 
2014-07-13,22.5387,27.6037,1.0964 
2014-07-14,20.6375,26.7684,0.7653 
2014-07-15,14.4104,20.2650,0.7684 
2014-07-16,11.4140,19.1155,0.0135 
2014-07-17,14.0890,21.8361,0.0078 
2014-07-18,18.3320,23.4207,0.0154 
2014-07-19,16.6594,23.3742,1.4159 
2014-07-20,18.1711,25.9874,0.0975 
2014-07-21,20.5435,28.5263,0.0212 
2014-07-22,23.1689,30.5061,0.0036 
2014-07-23,20.5776,29.6918,10.0907 
2014-07-24,13.5215,23.0783,0.0156 
2014-07-25,16.8359,24.3538,0.0231 
2014-07-26,19.2005,26.8043,0.6535 
2014-07-27,18.5440,25.1604,6.4292 
2014-07-28,16.0128,18.9964,2.4198 
2014-07-29,12.2830,21.1551,0.1666 
2014-07-30,15.2265,22.9103,0.6151 
2014-07-31,16.5758,24.7938,0.1474 
2014-08-01,20.6156,25.3364,0.3777 
2014-08-02,17.8226,25.2939,1.7897 
2014-08-03,19.0371,26.9259,0.1059 
2014-08-04,21.9808,27.2944,0.4489 
2014-08-05,19.9341,26.2503,0.4255 
2014-08-06,17.4293,24.2267,0.7311 
2014-08-07,18.7628,25.7689,0.0048 
2014-08-08,17.8305,25.8907,1.1441e-04 
2014-08-09,16.9547,25.7609,3.8971e-04 
2014-08-10,17.8737,28.2886,0.0080 
2014-08-11,19.2603,27.5629,30.2331 
2014-08-12,18.4348,21.4022,1.7250 
2014-08-13,13.6011,23.1395,0.2583 
2014-08-14,12.4535,22.7585,0.0028 
2014-08-15,11.7982,22.6939,0.0040 
2014-08-16,15.9796,27.1134,0.0108 
2014-08-17,19.2993,26.2898,0.0559 
2014-08-18,18.7283,25.8944,0.0513 
2014-08-19,20.6812,28.7451,4.3721 
2014-08-20,19.2284,27.9985,5.4220 
2014-08-21,20.5337,28.2193,4.8320 
2014-08-22,21.5844,28.3847,10.3322 
2014-08-23,20.7428,28.0924,0.2764 
2014-08-24,19.3594,26.7105,0.0064 
2014-08-25,20.8645,28.8517,0.1620 
2014-08-26,22.2567,30.6390,0.1219 
2014-08-27,18.3130,29.8019,0.4261 
2014-08-28,16.1147,24.2954,0.0040 
2014-08-29,16.7419,27.2671,0.0030 
2014-08-30,22.7750,27.6953,0.0487 
2014-08-31,19.9500,26.1691,0.2808 
2014-09-01,21.0948,25.2851,1.3057 
2014-09-02,18.7413,25.0329,4.5423 
2014-09-03,18.6484,25.8006,0.0772 
2014-09-04,20.0763,28.3931,0.0244 
2014-09-05,21.3860,29.7173,0.0902 
2014-09-06,16.3606,28.6125,10.7537 
2014-09-07,16.0430,22.0258,0.0012 
2014-09-08,16.2750,23.5903,5.7992e-04 
2014-09-09,17.8095,25.2408,0.1742 
2014-09-10,19.4344,23.8805,53.2153 
2014-09-11,13.2473,23.1039,10.6761 
2014-09-12,7.8567,17.1174,0.0870 
2014-09-13,8.8638,15.2581,1.5937 
2014-09-14,9.2433,16.4601,0.0019 
2014-09-15,13.0739,17.9194,3.8109 
2014-09-16,7.8965,16.5837,3.4865 
2014-09-17,10.9640,17.0353,0.0011 
2014-09-18,11.9038,18.5046,0.0026 
2014-09-19,10.4195,19.0859,7.5249e-04 
2014-09-20,14.5482,23.4899,1.1070 
2014-09-21,14.4067,22.4086,12.1639 
2014-09-22,4.2713,14.6245,0.1127 
2014-09-23,10.9062,18.2905,9.1257e-06 
2014-09-24,13.3008,21.1624,1.8809e-04 
2014-09-25,14.7914,21.5103,0.0013 
2014-09-26,14.8336,22.5505,0.0015 
2014-09-27,15.4062,22.3288,0.0010 
2014-09-28,16.8016,22.4310,0.0000 
2014-09-29,16.9021,23.0249,1.2043e-04 
2014-09-30,10.7581,22.2773,1.4546 
2014-10-01,9.7799,19.1620,0.0190 
2014-10-02,13.3984,26.4963,4.4196 
2014-10-03,13.3343,25.3260,14.1187 
2014-10-04,2.4686,12.4518,2.7579 
2014-10-05,2.5499,11.2901,0.3043 
2014-10-06,8.2669,13.4498,2.7380 
2014-10-07,8.3016,14.7985,3.4294 
2014-10-08,8.2192,13.6665,2.3597 
2014-10-09,8.8790,13.0640,0.0248 
2014-10-10,5.8954,12.4297,0.0025 
2014-10-11,5.5572,12.4423,0.0160 
2014-10-12,4.6149,16.6031,0.0012 
2014-10-13,14.4386,22.2569,3.9129 
2014-10-14,17.5002,22.0122,7.4906 
2014-10-15,12.2870,17.0427,1.6894 
2014-10-16,11.2374,15.8187,0.6000 
2014-10-17,9.4935,16.3808,0.1269 
2014-10-18,7.3443,13.7069,1.7274 
2014-10-19,1.7970,9.8898,0.0428 
2014-10-20,8.3691,14.4127,4.1702 
2014-10-21,5.6117,14.0900,0.3140 
2014-10-22,2.4809,11.1567,0.0143 
2014-10-23,5.3290,12.3645,1.2768e-04 
2014-10-24,8.8628,16.1048,0.0022 
2014-10-25,10.5403,18.9636,0.0124 
2014-10-26,6.0686,14.8442,4.1728e-04 
2014-10-27,9.8723,23.2052,0.1249 
2014-10-28,13.8900,22.5589,1.7519 
2014-10-29,5.8734,12.8536,0.0128 
2014-10-30,3.3951,9.2477,0.0032 
2014-10-31,2.8586,8.8106,4.0768 
2014-11-01,1.0412,3.7292,2.7544 
2014-11-02,-2.2203,6.5446,0.0020 
2014-11-03,1.3840,13.6028,0.0022 
2014-11-04,11.3326,13.5659,2.6926 
2014-11-05,3.9879,12.8722,0.7027 
2014-11-06,6.4388,11.1031,4.0323 
2014-11-07,-1.9276,6.8265,1.2689 
2014-11-08,1.0730,7.5892,0.1615 
2014-11-09,1.5555,7.9911,0.0426 
2014-11-10,5.6558,14.2892,7.8384e-04 
2014-11-11,8.8582,16.2208,1.5379 
2014-11-12,-0.9198,6.9759,0.4268 
2014-11-13,-4.3540,-0.0903,0.4218 
2014-11-14,-8.7801,-1.0015,0.2068 
2014-11-15,-7.2617,-1.0879,0.1354 
2014-11-16,-3.2855,0.4051,1.2464 
2014-11-17,-8.3773,-0.7944,3.6430 
2014-11-18,-12.9714,-8.4354,0.2101 
2014-11-19,-14.3506,0.0631,0.4617 
2014-11-20,-9.9129,-2.4572,0.1745 
2014-11-21,-10.1986,-5.5063,0.1595 
2014-11-22,-8.8276,7.5878,4.4464 
2014-11-23,7.8294,11.8499,7.2254 
2014-11-24,1.8544,13.1236,25.2309 
2014-11-25,-3.1827,1.3581,0.1001 
2014-11-26,-5.3839,0.7318,0.0769 
2014-11-27,-3.8281,-0.1420,0.2825 
2014-11-28,-6.4747,-1.9440,0.3734 
2014-11-29,-2.3072,10.0332,0.0861 
2014-11-30,9.6251,15.4466,0.3036 
2014-12-01,-3.3347,11.3479,0.4813 
2014-12-02,-5.4787,2.2397,0.1893 
2014-12-03,-4.6378,2.7115,0.0121 
2014-12-04,-3.5066,1.5255,0.0277 
2014-12-05,-1.3448,4.8502,1.3629 
2014-12-06,0.1762,4.2198,6.6581 
2014-12-07,-5.2223,1.8937,0.0092 
2014-12-08,-0.5316,5.0315,0.5513 
2014-12-09,0.4334,4.5978,1.9990 
2014-12-10,-2.6456,2.3359,0.1240 
2014-12-11,-7.4079,2.6150,0.0037 
2014-12-12,-4.8679,3.7227,0.0541 
2014-12-13,-3.2701,8.0849,0.0509 
2014-12-14,3.3548,10.0123,0.0304 
2014-12-15,2.5158,9.2772,0.0342 
2014-12-16,5.3867,7.7820,11.5726 
2014-12-17,-2.3485,6.6060,0.5243 
2014-12-18,-7.3276,-1.5818,0.0870 
2014-12-19,-4.0185,-0.5530,0.0788 
2014-12-20,-3.9835,-0.7652,0.0496 
2014-12-21,-4.5499,1.3727,0.0159 
2014-12-22,-3.5317,6.1905,0.1661 
2014-12-23,4.4056,11.5120,1.7597 
2014-12-24,4.9204,11.4928,11.9960 
2014-12-25,1.3666,4.0925,1.0021 
2014-12-26,0.0988,6.9753,0.0170 
2014-12-27,4.0767,9.6411,0.8540 
2014-12-28,-0.9144,8.3946,3.0471 
2014-12-29,-4.2692,-0.8409,0.0012 
2014-12-30,-9.1620,-2.5829,0.0685 
2014-12-31,-12.3837,-5.9794,0.0624 
2015-01-01,-9.4049,-8.4836,1.8206e-04 
