Meteorological forcing data for the Large Basin Runoff Model.      
stc, 03,   <- lake basin, subbasin            
yyyy-mm-dd, Tmin(C), Tmax(C), Prec(mm)                             
2010-01-01,-7.9113,-4.6380,0.1786 
2010-01-02,-13.9836,-8.0431,0.2147 
2010-01-03,-16.7788,-7.7458,0.2088 
2010-01-04,-9.1020,-6.8580,1.2312 
2010-01-05,-10.0392,-5.7267,0.4681 
2010-01-06,-6.1288,-3.7587,0.1360 
2010-01-07,-6.2684,-3.4990,1.8115 
2010-01-08,-6.5963,-4.4350,3.7544 
2010-01-09,-11.6378,-5.8469,0.0993 
2010-01-10,-12.0910,-5.1350,0.0274 
2010-01-11,-11.8487,-6.1328,1.7024 
2010-01-12,-7.5711,-4.4210,0.4876 
2010-01-13,-9.4013,-1.5725,0.0049 
2010-01-14,-4.1182,1.9250,0.0089 
2010-01-15,-0.6964,1.8435,0.1296 
2010-01-16,-5.4361,-9.4618e-04,0.0176 
2010-01-17,-5.3719,0.6701,5.9954e-05 
2010-01-18,-5.9022,0.1754,0.0049 
2010-01-19,-3.6978,-0.2885,0.2136 
2010-01-20,-7.0603,-1.4867,0.0886 
2010-01-21,-8.8198,-0.0318,0.0103 
2010-01-22,-2.7268,1.2728,0.0689 
2010-01-23,-3.9330,1.2870,0.1037 
2010-01-24,0.9903,6.4648,6.2233 
2010-01-25,-0.3986,6.8111,3.5213 
2010-01-26,-4.0651,0.1039,1.0958 
2010-01-27,-7.1814,-1.4374,0.1736 
2010-01-28,-11.4278,-4.7046,0.4429 
2010-01-29,-16.0408,-9.2823,0.0087 
2010-01-30,-12.3426,-8.2854,0.0677 
2010-01-31,-12.0728,-4.0990,0.1367 
2010-02-01,-11.7965,-4.3347,0.0964 
2010-02-02,-6.0358,-2.7403,1.3001 
2010-02-03,-4.6323,-0.6542,1.0825 
2010-02-04,-6.6981,-0.0575,0.0098 
2010-02-05,-3.3963,-0.2403,0.0036 
2010-02-06,-8.5929,-1.1830,0.0221 
2010-02-07,-7.8062,-3.0335,0.3687 
2010-02-08,-7.7846,-1.4232,0.0020 
2010-02-09,-8.0558,-2.9840,5.9712 
2010-02-10,-4.6488,-2.8484,11.0137 
2010-02-11,-7.2875,-4.0084,0.4278 
2010-02-12,-10.0700,-3.6056,0.0863 
2010-02-13,-8.1964,-4.1314,0.2536 
2010-02-14,-7.9723,-1.3153,0.0704 
2010-02-15,-6.6942,-2.0998,0.1103 
2010-02-16,-6.5075,-2.8088,1.9777 
2010-02-17,-5.7854,-0.3586,0.3040 
2010-02-18,-5.4393,-0.3572,0.0153 
2010-02-19,-6.7451,0.4883,5.2107e-04 
2010-02-20,-6.3181,0.5850,0.0019 
2010-02-21,-0.9493,2.8512,0.0010 
2010-02-22,-3.1129,1.1908,13.0606 
2010-02-23,-3.5608,-0.8704,0.6902 
2010-02-24,-3.8371,-0.2926,1.2158 
2010-02-25,-6.3841,-1.4012,2.4034 
2010-02-26,-6.8395,-2.6662,5.4902 
2010-02-27,-2.5688,-0.0704,3.4383 
2010-02-28,-2.4517,2.1876,0.5491 
2010-03-01,-4.3771,0.7307,0.0124 
2010-03-02,-6.0693,0.5264,0.0214 
2010-03-03,-6.6067,1.4687,0.0597 
2010-03-04,-5.6293,1.2061,5.6921e-04 
2010-03-05,-6.1388,2.1043,1.4318e-06 
2010-03-06,-3.0551,4.0669,4.1720e-06 
2010-03-07,-1.9588,6.4629,1.5647e-06 
2010-03-08,0.3152,8.6197,2.9362e-05 
2010-03-09,3.9278,12.1899,5.6175e-04 
2010-03-10,3.8251,12.8776,0.3362 
2010-03-11,5.1217,15.5981,0.1032 
2010-03-12,7.4757,14.4101,6.0513 
2010-03-13,3.5398,12.4429,9.4798 
2010-03-14,2.8505,5.1145,7.2058 
2010-03-15,2.4424,10.5491,0.3348 
2010-03-16,2.3268,14.1509,7.9374e-06 
2010-03-17,6.2480,15.4132,0.0000 
2010-03-18,5.5770,16.4069,0.0000 
2010-03-19,6.5168,17.3204,5.5955e-04 
2010-03-20,0.8448,15.4287,0.7692 
2010-03-21,-2.7714,7.1429,0.6624 
2010-03-22,-0.4579,6.6849,1.6054 
2010-03-23,2.2749,9.6031,0.2859 
2010-03-24,1.2733,12.9897,3.8364e-05 
2010-03-25,0.0681,12.5957,0.9572 
2010-03-26,-5.1630,1.2241,0.0120 
2010-03-27,-4.6563,6.2972,0.0233 
2010-03-28,2.7393,6.8282,7.8997 
2010-03-29,1.8406,8.3939,0.8404 
2010-03-30,-1.4810,13.0691,5.1134e-04 
2010-03-31,4.5267,19.8287,7.5251e-05 
2010-04-01,12.7365,25.5917,8.4813e-05 
2010-04-02,12.6752,26.7548,0.0000 
2010-04-03,10.9549,25.2117,0.9074 
2010-04-04,7.0061,20.0437,0.0467 
2010-04-05,10.4361,20.7341,2.6460 
2010-04-06,9.3993,24.3287,19.5907 
2010-04-07,12.2574,24.1890,5.5292 
2010-04-08,6.3938,14.4011,7.4365 
2010-04-09,-1.9081,6.3898,0.0032 
2010-04-10,1.3081,18.6101,8.2729e-04 
2010-04-11,7.9306,17.9393,0.6527 
2010-04-12,6.2511,16.3114,1.1366e-04 
2010-04-13,4.3638,12.6536,2.6752 
2010-04-14,6.2861,17.7613,0.1464 
2010-04-15,11.4586,27.3318,0.0000 
2010-04-16,14.5257,25.9612,9.2229e-04 
2010-04-17,3.1907,12.6560,0.0054 
2010-04-18,1.7850,11.1857,0.0044 
2010-04-19,2.0188,14.2017,0.0000 
2010-04-20,5.4857,15.6171,0.0000 
2010-04-21,8.3125,17.6970,0.0014 
2010-04-22,0.8616,15.5588,0.0191 
2010-04-23,1.9634,14.9835,0.0096 
2010-04-24,7.2351,14.9143,0.4346 
2010-04-25,9.7230,14.0374,17.1474 
2010-04-26,8.0683,13.9637,0.5250 
2010-04-27,1.4052,10.8468,7.8592e-05 
2010-04-28,1.7315,12.9730,1.2588e-04 
2010-04-29,6.2736,17.2602,0.6266 
2010-04-30,13.0292,25.6711,0.0035 
2010-05-01,18.5173,24.9674,5.2201 
2010-05-02,16.6517,21.4005,13.6353 
2010-05-03,12.4046,20.8715,12.3256 
2010-05-04,12.5766,20.9519,0.2704 
2010-05-05,15.7031,23.3215,2.5631 
2010-05-06,9.1833,17.5843,0.0573 
2010-05-07,7.8354,17.0159,20.9496 
2010-05-08,4.2763,14.6282,6.2376 
2010-05-09,-1.2789,9.5963,0.0169 
2010-05-10,1.5555,11.5394,0.0054 
2010-05-11,4.8492,10.4054,25.5831 
2010-05-12,5.3693,12.9302,3.0805 
2010-05-13,5.6984,14.4368,12.6751 
2010-05-14,11.2734,19.5384,0.3628 
2010-05-15,8.8387,16.3815,4.8821e-04 
2010-05-16,8.6657,16.4342,7.8428e-06 
2010-05-17,9.9473,16.6247,0.7571 
2010-05-18,9.6061,15.2450,4.9951 
2010-05-19,8.9143,22.1094,0.0336 
2010-05-20,16.5192,25.7250,0.0033 
2010-05-21,15.6535,24.6428,0.7729 
2010-05-22,15.4859,22.5805,7.1588 
2010-05-23,16.3733,25.8154,0.2856 
2010-05-24,18.0182,25.9249,3.3765e-04 
2010-05-25,18.6620,26.1992,1.9755e-04 
2010-05-26,21.4732,28.3527,0.0045 
2010-05-27,23.3104,28.1341,0.0368 
2010-05-28,17.4542,25.9271,0.0062 
2010-05-29,18.0330,26.0765,0.0013 
2010-05-30,18.1197,28.7778,9.7769e-07 
2010-05-31,19.4091,28.8505,9.4633 
2010-06-01,17.8399,26.4475,1.8482 
2010-06-02,18.9721,26.2492,13.3761 
2010-06-03,14.6214,23.4045,1.8504 
2010-06-04,13.2694,23.8470,0.5472 
2010-06-05,17.6735,25.2665,3.6827 
2010-06-06,14.5190,23.3473,40.7498 
2010-06-07,8.9231,18.6221,0.4396 
2010-06-08,11.7224,18.3679,0.0908 
2010-06-09,12.4883,24.8564,6.8093 
2010-06-10,14.3202,23.0569,0.1509 
2010-06-11,14.6167,26.4895,0.5053 
2010-06-12,22.7535,28.2787,0.0911 
2010-06-13,17.3162,25.8850,0.3909 
2010-06-14,17.9991,24.0106,0.3478 
2010-06-15,16.7649,23.2169,0.1086 
2010-06-16,18.6348,23.7198,3.3838 
2010-06-17,13.4546,22.9281,6.5016e-04 
2010-06-18,16.5208,28.9328,0.0147 
2010-06-19,21.1123,28.9085,3.3343 
2010-06-20,17.3231,26.3505,2.8994e-04 
2010-06-21,17.4152,26.5293,1.4167e-04 
2010-06-22,18.6300,27.7458,9.7493 
2010-06-23,22.7482,30.6336,1.2515 
2010-06-24,19.1307,30.6339,4.1823 
2010-06-25,15.0581,25.5780,0.0063 
2010-06-26,19.1087,28.4388,0.0804 
2010-06-27,18.2027,30.4528,2.6974 
2010-06-28,21.1342,26.5607,1.9988 
2010-06-29,12.4172,24.0609,0.0093 
2010-06-30,10.3823,20.0071,3.4965e-04 
2010-07-01,11.0294,21.5026,5.3475e-04 
2010-07-02,14.9553,24.6958,5.7038e-04 
2010-07-03,18.7038,28.2495,3.3743e-04 
2010-07-04,21.9898,32.4485,6.5793e-04 
2010-07-05,24.3149,32.1850,3.8764e-04 
2010-07-06,24.6126,32.4331,8.3133e-04 
2010-07-07,26.4074,32.2591,0.3070 
2010-07-08,24.6615,31.2258,7.8136 
2010-07-09,21.6676,29.0031,2.1964 
2010-07-10,20.9082,26.7890,0.0025 
2010-07-11,22.2666,28.2045,5.6880 
2010-07-12,18.4323,28.0768,14.7090 
2010-07-13,16.9877,25.2928,0.9118 
2010-07-14,19.2077,27.7220,0.1168 
2010-07-15,22.2841,31.1327,3.7430 
2010-07-16,21.3975,28.0609,21.0522 
2010-07-17,22.5989,28.8262,0.1567 
2010-07-18,20.7619,31.1410,0.1564 
2010-07-19,20.9077,28.8119,0.3658 
2010-07-20,18.7954,25.8986,5.9007 
2010-07-21,19.8135,27.3179,0.0432 
2010-07-22,21.0946,27.5638,0.3425 
2010-07-23,17.8834,31.0446,10.1051 
2010-07-24,21.6413,30.7047,3.3188 
2010-07-25,19.9691,29.1603,3.5222 
2010-07-26,19.2217,26.5504,0.0191 
2010-07-27,21.9586,27.2664,1.1098e-04 
2010-07-28,22.4090,29.8732,8.7013 
2010-07-29,15.7359,25.2022,0.0550 
2010-07-30,18.6730,25.4680,6.9719e-05 
2010-07-31,18.2256,25.2564,0.1973 
2010-08-01,18.8522,26.1028,0.0377 
2010-08-02,21.6268,27.5487,0.0072 
2010-08-03,23.3375,29.8785,0.0016 
2010-08-04,23.9943,29.6375,0.5066 
2010-08-05,21.5648,28.4337,0.5105 
2010-08-06,17.6355,25.1952,0.1050 
2010-08-07,16.4008,24.2595,0.0123 
2010-08-08,20.0120,29.8151,0.0354 
2010-08-09,22.2647,30.5448,1.2299 
2010-08-10,21.4983,28.4160,0.0213 
2010-08-11,20.5968,28.4363,0.1368 
2010-08-12,19.4673,27.8458,6.6419 
2010-08-13,20.6452,28.5869,0.0220 
2010-08-14,22.8147,31.7277,0.0681 
2010-08-15,21.5489,31.3331,1.6020 
2010-08-16,18.1244,27.2309,0.0698 
2010-08-17,16.8666,25.6948,0.0212 
2010-08-18,17.5253,24.7160,0.2582 
2010-08-19,20.7820,27.5138,0.2324 
2010-08-20,17.8510,27.1883,2.4156 
2010-08-21,20.1655,28.3357,3.5867 
2010-08-22,19.3910,23.2640,0.0932 
2010-08-23,17.3130,24.3956,0.0505 
2010-08-24,15.3432,24.3205,0.1147 
2010-08-25,19.4233,25.0361,0.1471 
2010-08-26,12.4064,21.9966,7.1420e-04 
2010-08-27,15.6838,24.7836,0.0022 
2010-08-28,17.9322,26.6968,0.0026 
2010-08-29,20.2820,31.4594,0.0063 
2010-08-30,24.4076,30.7806,0.0773 
2010-08-31,24.6222,30.6022,0.0638 
2010-09-01,23.2940,30.8338,0.3106 
2010-09-02,20.4928,26.6042,2.7113 
2010-09-03,17.1290,23.9634,3.1369 
2010-09-04,11.7787,17.6518,0.8856 
2010-09-05,10.0537,18.9440,0.0738 
2010-09-06,15.3646,26.0047,1.2472 
2010-09-07,19.2982,26.4399,0.1060 
2010-09-08,13.4932,21.8536,1.2350e-04 
2010-09-09,9.1974,17.9527,4.5629e-04 
2010-09-10,10.2782,18.9561,0.0602 
2010-09-11,12.7241,19.5612,8.9785 
2010-09-12,11.1660,21.3600,3.4050 
2010-09-13,14.9841,22.8965,0.3599 
2010-09-14,12.7390,20.6576,0.0020 
2010-09-15,10.4016,20.3268,0.0027 
2010-09-16,13.9694,21.1340,22.4904 
2010-09-17,11.0292,16.4670,0.6788 
2010-09-18,12.6893,21.9850,3.4004 
2010-09-19,10.1514,18.0155,0.0471 
2010-09-20,10.4718,18.2581,1.8362e-04 
2010-09-21,14.7341,29.4194,0.0029 
2010-09-22,18.5916,28.4735,5.9327 
2010-09-23,13.4688,28.1483,0.0206 
2010-09-24,21.5864,27.6336,3.9398e-04 
2010-09-25,11.3941,19.8176,1.4989e-05 
2010-09-26,6.3928,13.9076,6.2383e-04 
2010-09-27,9.0595,15.5015,1.1541 
2010-09-28,11.0566,13.8324,37.2219 
2010-09-29,10.7979,17.5065,0.1209 
2010-09-30,13.6477,18.7567,0.0225 
2010-10-01,7.7456,16.6973,2.8452e-06 
2010-10-02,7.6776,12.9937,15.3665 
2010-10-03,5.9497,10.0649,1.6973 
2010-10-04,4.9512,12.1791,0.0219 
2010-10-05,6.8410,15.3300,0.0000 
2010-10-06,7.8286,17.8749,0.0028 
2010-10-07,9.0474,18.2977,0.0033 
2010-10-08,10.2648,23.2575,0.0000 
2010-10-09,13.0706,20.9232,0.0029 
2010-10-10,12.2202,24.2102,5.8681e-04 
2010-10-11,14.3598,21.9618,0.0914 
2010-10-12,7.3004,15.4187,0.0050 
2010-10-13,9.0173,15.6188,3.5489 
2010-10-14,6.8095,13.7932,11.1835 
2010-10-15,6.4058,12.9623,0.1692 
2010-10-16,5.3415,15.1684,1.8343e-04 
2010-10-17,7.3521,13.8723,3.2540e-05 
2010-10-18,7.4354,11.7791,0.0526 
2010-10-19,4.4084,11.9524,0.0171 
2010-10-20,5.6806,15.6195,0.1101 
2010-10-21,4.0394,14.0561,11.3652 
2010-10-22,1.0604,11.3984,0.1104 
2010-10-23,8.1406,17.3345,0.8207 
2010-10-24,13.7518,21.1809,0.4067 
2010-10-25,15.4520,20.8293,0.5082 
2010-10-26,12.0569,20.3437,4.6766 
2010-10-27,10.7368,15.9752,0.1062 
2010-10-28,6.5522,14.3584,0.0012 
2010-10-29,2.7823,9.1786,5.5738e-04 
2010-10-30,3.8450,11.5903,6.6533e-05 
2010-10-31,0.3149,10.6804,0.0521 
2010-11-01,0.2405,6.6718,0.0055 
2010-11-02,2.3023,6.8761,0.0345 
2010-11-03,1.5968,7.6359,0.5373 
2010-11-04,1.6053,7.1840,1.1496 
2010-11-05,1.4130,5.2750,0.6174 
2010-11-06,-4.7713,4.2222,0.1089 
2010-11-07,-1.4072,8.6313,0.0071 
2010-11-08,3.9942,12.4281,0.0000 
2010-11-09,4.8308,11.3834,6.9425e-04 
2010-11-10,3.3521,11.3093,0.2701 
2010-11-11,3.6192,12.3368,0.0278 
2010-11-12,6.8467,13.6994,0.1006 
2010-11-13,6.0142,13.1884,0.0547 
2010-11-14,3.0109,12.0368,2.5830 
2010-11-15,0.7941,8.2940,0.0129 
2010-11-16,3.9021,9.5959,0.4501 
2010-11-17,5.1606,10.0545,16.4019 
2010-11-18,1.0144,8.0783,0.2364 
2010-11-19,-0.3879,6.2134,0.0191 
2010-11-20,0.9434,7.2076,0.0018 
2010-11-21,-0.4490,11.5543,0.0627 
2010-11-22,11.9463,15.7668,8.6755 
2010-11-23,-1.1443,16.1834,8.2100 
2010-11-24,-4.3748,2.0641,0.0853 
2010-11-25,2.2500,8.8370,15.0277 
2010-11-26,-6.0755,7.3625,8.4088 
2010-11-27,-3.2147,1.8513,0.1125 
2010-11-28,-5.3116,1.5230,0.0081 
2010-11-29,-0.6844,5.5331,0.0000 
2010-11-30,4.5556,12.0778,17.4175 
2010-12-01,-3.6009,6.5644,1.7374 
2010-12-02,-3.4981,-1.4146,0.5947 
2010-12-03,-5.7317,-0.7443,0.3234 
2010-12-04,-5.1286,-0.7211,0.0513 
2010-12-05,-6.6047,-2.4136,0.5880 
2010-12-06,-4.7236,-3.0913,0.3447 
2010-12-07,-6.7857,-4.3909,0.1064 
2010-12-08,-8.0323,-3.9677,0.5266 
2010-12-09,-9.9911,-3.9408,0.0577 
2010-12-10,-4.8536,3.2716,2.3609 
2010-12-11,-2.4423,3.0279,0.1149 
2010-12-12,-2.2233,2.1374,22.2527 
2010-12-13,-10.8537,-3.2144,2.9687 
2010-12-14,-12.9645,-8.1974,0.2954 
2010-12-15,-11.5831,-5.3142,0.0472 
2010-12-16,-11.8274,-5.3420,0.0066 
2010-12-17,-8.4729,-3.1062,0.1226 
2010-12-18,-10.3814,-3.9590,0.3825 
2010-12-19,-9.6119,-3.6702,0.8595 
2010-12-20,-7.5046,-2.3178,0.2522 
2010-12-21,-4.9004,-2.5032,0.0430 
2010-12-22,-5.1216,-1.1209,0.7902 
2010-12-23,-5.3642,-1.7858,0.0753 
2010-12-24,-7.3073,-2.6155,0.1622 
2010-12-25,-4.3587,-2.1018,0.4109 
2010-12-26,-5.0024,-3.1415,0.9259 
2010-12-27,-7.3538,-4.5181,0.1380 
2010-12-28,-7.3832,-1.9171,0.0691 
2010-12-29,-8.2545,-2.2762,0.0017 
2010-12-30,-5.2417,2.6712,0.6302 
2010-12-31,1.8407,8.2958,2.8857 
2011-01-01,-1.3493,9.8639,9.1027 
2011-01-02,-8.3125,-2.6436,0.3411 
2011-01-03,-9.2012,-0.9714,0.0755 
2011-01-04,-3.2942,0.0307,2.1134 
2011-01-05,-9.8578,-3.0928,0.6688 
2011-01-06,-7.1445,-2.6631,2.1538 
2011-01-07,-11.4641,-4.2148,1.6500 
2011-01-08,-10.9301,-6.0034,0.8368 
2011-01-09,-13.0109,-4.2992,0.5165 
2011-01-10,-9.5434,-4.3771,0.0279 
2011-01-11,-9.5050,-5.1803,5.8612 
2011-01-12,-6.8275,-4.7510,5.8392 
2011-01-13,-12.5860,-5.5881,0.2202 
2011-01-14,-9.3089,-6.3458,0.9492 
2011-01-15,-8.1371,-3.2598,3.4694 
2011-01-16,-13.4004,-3.8234,0.0750 
2011-01-17,-13.4696,-5.7709,0.1706 
2011-01-18,-4.9677,2.0949,5.2726 
2011-01-19,-7.2618,-1.6997,0.4316 
2011-01-20,-11.3019,-5.9545,0.7165 
2011-01-21,-12.7419,-6.4203,1.2727 
2011-01-22,-16.7149,-10.3702,0.8968 
2011-01-23,-14.3709,-9.6480,0.6356 
2011-01-24,-15.6100,-7.0640,1.5416 
2011-01-25,-6.7502,-1.3870,0.3146 
2011-01-26,-4.6224,-1.3374,0.1147 
2011-01-27,-6.3080,-2.5789,2.2754 
2011-01-28,-6.4613,-2.0441,1.3579 
2011-01-29,-6.8423,-2.8077,5.7324 
2011-01-30,-7.1979,-4.5753,0.1812 
2011-01-31,-12.5071,-8.3182,0.0543 
2011-02-01,-11.2015,-7.0098,0.8076 
2011-02-02,-8.9047,-5.4294,18.2371 
2011-02-03,-13.1564,-6.0405,0.0466 
2011-02-04,-13.8873,-5.8588,3.8277e-05 
2011-02-05,-11.9074,-4.0225,2.0336 
2011-02-06,-10.1459,-3.0052,0.5876 
2011-02-07,-3.6091,-2.0190,0.9434 
2011-02-08,-13.4041,-4.2841,0.3649 
2011-02-09,-12.2002,-7.6150,0.0991 
2011-02-10,-17.0848,-9.1736,0.0786 
2011-02-11,-17.3033,-6.6795,0.2425 
2011-02-12,-7.2178,-2.1901,0.2374 
2011-02-13,-3.4360,4.0832,1.7111 
2011-02-14,-1.3079,3.5613,0.0634 
2011-02-15,-8.5032,-2.2187,1.4738e-05 
2011-02-16,-4.9588,4.1424,0.0951 
2011-02-17,2.5138,11.9481,0.0279 
2011-02-18,3.3452,13.4565,0.0309 
2011-02-19,-5.4345,2.1653,1.6199e-04 
2011-02-20,-6.7570,-0.2386,4.8540 
2011-02-21,-8.2806,-2.4654,24.8095 
2011-02-22,-13.3465,-6.6338,0.0095 
2011-02-23,-10.0089,-4.4411,0.0286 
2011-02-24,-6.7578,1.2283,3.2598 
2011-02-25,-4.3031,-0.7364,4.5833 
2011-02-26,-7.5755,-1.1758,2.2867 
2011-02-27,-3.9394,1.3427,0.9844 
2011-02-28,-2.5344,1.3921,15.3027 
2011-03-01,-7.6929,0.6468,0.0033 
2011-03-02,-5.2711,2.3608,0.0239 
2011-03-03,-11.5441,-4.1577,0.0182 
2011-03-04,-4.1763,6.4427,1.5214 
2011-03-05,-0.7695,8.5668,20.9151 
2011-03-06,-5.1662,-1.3074,2.9768 
2011-03-07,-10.9250,-0.8528,0.0039 
2011-03-08,-5.8131,1.6070,7.6073e-06 
2011-03-09,0.2979,5.7069,14.7465 
2011-03-10,1.2084,7.4118,3.9632 
2011-03-11,-0.8345,3.2206,6.8602 
2011-03-12,-2.3506,4.2771,0.1097 
2011-03-13,-1.1671,2.7230,0.3011 
2011-03-14,-5.7320,1.6574,0.3210 
2011-03-15,-4.0460,3.8553,0.8747 
2011-03-16,3.0725,11.6178,5.5224 
2011-03-17,5.0899,15.5850,2.3714e-04 
2011-03-18,6.9775,16.5409,3.5224e-04 
2011-03-19,-3.0685,7.5752,1.1070e-05 
2011-03-20,-3.4629,7.4128,1.4143 
2011-03-21,6.0143,11.7995,19.3167 
2011-03-22,-1.5202,8.5760,1.5710 
2011-03-23,-3.0843,1.2419,17.0788 
2011-03-24,-6.3686,-2.3210,0.1653 
2011-03-25,-12.0945,-3.1070,0.0089 
2011-03-26,-11.3766,-2.4916,0.0659 
2011-03-27,-9.2471,-0.8142,0.0013 
2011-03-28,-10.7281,0.5801,1.7307e-05 
2011-03-29,-6.1246,4.1739,6.2643e-06 
2011-03-30,-3.1760,3.5487,2.3116e-04 
2011-03-31,-2.5867,5.6415,0.0209 
2011-04-01,0.3241,6.8998,0.0087 
2011-04-02,-0.0727,7.6439,0.6407 
2011-04-03,1.0776,6.1923,5.4141 
2011-04-04,3.9793,17.1136,2.3635 
2011-04-05,-0.8258,7.1297,0.1693 
2011-04-06,0.8832,6.5220,11.2903 
2011-04-07,-0.6983,10.4127,0.2881 
2011-04-08,3.6063,8.6770,2.3452 
2011-04-09,1.6501,12.9969,0.0038 
2011-04-10,7.0429,25.0784,0.1308 
2011-04-11,12.8132,24.2740,4.1511 
2011-04-12,2.5081,12.1714,2.1122e-04 
2011-04-13,2.7172,15.4469,9.3330e-04 
2011-04-14,3.9889,14.4077,3.4799e-04 
2011-04-15,0.9004,12.0155,0.0069 
2011-04-16,8.4329,14.1332,11.0876 
2011-04-17,1.5875,9.7921,1.2394 
2011-04-18,-2.5362,4.7851,2.5787 
2011-04-19,-1.4255,6.0443,0.8873 
2011-04-20,2.9399,7.3102,17.7752 
2011-04-21,-1.2429,9.0323,0.0697 
2011-04-22,1.1381,7.7957,3.0246 
2011-04-23,6.3660,18.1216,19.8327 
2011-04-24,5.7548,15.4058,0.0447 
2011-04-25,7.7722,14.1064,4.6781 
2011-04-26,7.3606,19.9848,1.6741 
2011-04-27,14.2038,19.3300,11.5046 
2011-04-28,7.1700,15.9158,20.6137 
2011-04-29,2.3062,12.6783,1.9503 
2011-04-30,4.2613,12.3543,0.0030 
2011-05-01,9.7910,20.3801,3.0321 
2011-05-02,6.8870,19.4529,0.0661 
2011-05-03,4.1229,12.5331,0.8338 
2011-05-04,3.0375,12.0819,0.0766 
2011-05-05,6.0154,16.7942,0.0048 
2011-05-06,10.3264,16.3476,2.5671 
2011-05-07,9.5026,17.7850,0.1227 
2011-05-08,6.3959,16.3679,3.2184e-04 
2011-05-09,7.1343,16.7083,5.3463e-05 
2011-05-10,11.0505,17.6331,1.8905 
2011-05-11,12.3750,23.2570,0.0068 
2011-05-12,15.4900,26.3982,8.4223 
2011-05-13,17.8074,23.7593,4.4544 
2011-05-14,13.1286,22.4592,14.7181 
2011-05-15,5.9513,12.4748,28.3188 
2011-05-16,4.5272,7.3094,2.9260 
2011-05-17,5.5973,13.7608,0.2333 
2011-05-18,11.4006,18.3155,7.7151 
2011-05-19,12.4479,17.8444,11.9916 
2011-05-20,13.4018,22.3940,0.0052 
2011-05-21,14.0510,23.2764,0.1877 
2011-05-22,17.7574,27.1354,3.5917 
2011-05-23,17.3603,26.8936,3.2974 
2011-05-24,14.3830,22.0052,0.4919 
2011-05-25,7.4892,19.2476,43.2511 
2011-05-26,8.5238,17.0435,13.8103 
2011-05-27,6.5223,14.6506,2.1515 
2011-05-28,11.5763,19.7327,0.5569 
2011-05-29,15.5147,24.4181,8.4614 
2011-05-30,19.1798,28.3913,2.2293 
2011-05-31,22.0722,30.6385,0.0203 
2011-06-01,19.9463,29.9499,0.0577 
2011-06-02,12.1680,20.9489,4.2023e-04 
2011-06-03,11.7019,21.1668,0.0015 
2011-06-04,14.9140,31.0699,0.0070 
2011-06-05,18.1265,29.2950,0.0146 
2011-06-06,17.5197,28.7245,0.0028 
2011-06-07,23.1725,34.5361,0.0030 
2011-06-08,26.2985,34.0337,0.0502 
2011-06-09,19.3027,31.8124,0.2343 
2011-06-10,9.8251,23.7032,4.8823 
2011-06-11,13.3027,23.2453,0.4877 
2011-06-12,9.6590,23.0416,0.0164 
2011-06-13,11.6169,21.9254,1.1246e-04 
2011-06-14,11.6400,20.6956,0.0012 
2011-06-15,14.8328,21.8056,0.0683 
2011-06-16,15.1995,23.1813,4.9656 
2011-06-17,16.9439,24.4203,2.9454 
2011-06-18,18.3414,25.5600,0.0071 
2011-06-19,15.9891,25.2169,4.2275e-04 
2011-06-20,17.0303,27.3440,0.3423 
2011-06-21,19.7719,28.4801,1.8661 
2011-06-22,19.5417,27.9397,27.7955 
2011-06-23,17.6711,21.6555,6.5257 
2011-06-24,16.5981,20.5826,3.5972 
2011-06-25,13.3648,23.4857,0.0470 
2011-06-26,18.4586,23.5087,0.0027 
2011-06-27,16.6475,24.4214,0.3000 
2011-06-28,18.6674,21.9538,0.1302 
2011-06-29,13.1368,22.7398,2.6921e-05 
2011-06-30,16.3100,26.9568,0.0000 
2011-07-01,19.3278,30.2371,4.4233e-06 
2011-07-02,20.6071,33.7849,3.7280 
2011-07-03,20.3774,32.1323,2.4569 
2011-07-04,20.7135,27.8068,0.0011 
2011-07-05,21.1237,30.4078,1.9649e-04 
2011-07-06,24.4521,29.8067,0.0581 
2011-07-07,18.3151,26.3807,0.0019 
2011-07-08,18.4631,27.7995,0.0055 
2011-07-09,18.9534,28.9821,0.0083 
2011-07-10,22.9771,31.9396,5.9738e-07 
2011-07-11,25.7458,32.1719,5.3237 
2011-07-12,21.6188,31.6578,0.0616 
2011-07-13,15.3917,26.5247,0.0090 
2011-07-14,15.0233,23.9498,0.0127 
2011-07-15,18.9652,26.9413,0.2041 
2011-07-16,21.5744,30.2398,0.0115 
2011-07-17,24.6078,32.1303,1.9826e-04 
2011-07-18,25.6303,34.3707,2.2855 
2011-07-19,21.1829,31.5384,5.3411 
2011-07-20,23.5164,34.2187,0.0856 
2011-07-21,28.6859,35.4178,0.0267 
2011-07-22,24.5277,34.5609,0.7613 
2011-07-23,22.5064,33.0455,0.7697 
2011-07-24,21.2685,28.5668,0.4620 
2011-07-25,20.0866,28.8015,0.2651 
2011-07-26,20.8636,26.7163,0.0029 
2011-07-27,17.9818,27.0011,0.8386 
2011-07-28,21.2724,29.9680,56.1553 
2011-07-29,21.0378,29.7848,23.8895 
2011-07-30,22.1642,28.6579,0.0013 
2011-07-31,24.9968,31.1792,0.0012 
2011-08-01,24.3153,30.4052,0.0353 
2011-08-02,23.1340,29.8700,0.6126 
2011-08-03,21.6096,29.6000,9.6233 
2011-08-04,17.4204,25.0699,0.2038 
2011-08-05,20.2356,27.5322,0.0038 
2011-08-06,20.7297,27.5551,6.2676 
2011-08-07,19.2930,27.2093,5.6973 
2011-08-08,18.3726,24.5960,2.3618 
2011-08-09,17.5462,25.3281,21.4607 
2011-08-10,17.0518,23.5269,0.4870 
2011-08-11,15.0264,24.7838,1.8097e-04 
2011-08-12,19.6821,26.4294,1.4247e-04 
2011-08-13,20.9014,26.3554,6.9345 
2011-08-14,16.9407,22.7713,4.9607 
2011-08-15,15.5273,23.9935,0.1492 
2011-08-16,17.5932,26.3024,0.0000 
2011-08-17,20.2142,26.2407,8.1209e-06 
2011-08-18,21.6142,26.3486,0.1895 
2011-08-19,19.6078,27.7995,0.0652 
2011-08-20,18.3205,28.8280,4.9980 
2011-08-21,16.7264,23.1760,13.1862 
2011-08-22,12.0159,21.3242,0.2721 
2011-08-23,17.7237,26.3428,0.0323 
2011-08-24,18.2168,30.4833,6.3307 
2011-08-25,17.1924,22.9517,6.1797 
2011-08-26,16.2816,24.8191,9.4860e-05 
2011-08-27,17.9915,25.4078,0.0519 
2011-08-28,15.3735,22.4295,0.0294 
2011-08-29,16.0735,23.0341,8.6395e-05 
2011-08-30,18.2016,24.2641,3.5925e-05 
2011-08-31,19.5660,25.4947,0.2005 
2011-09-01,18.9189,30.1704,0.3834 
2011-09-02,24.7432,32.7831,0.0558 
2011-09-03,23.4937,32.3616,1.1631 
2011-09-04,19.1952,31.0362,5.1314 
2011-09-05,13.2849,20.9613,0.1477 
2011-09-06,10.4995,16.2388,0.0627 
2011-09-07,12.5762,17.5861,10.7724 
2011-09-08,14.5477,19.4489,12.7451 
2011-09-09,15.8516,22.7799,1.4656 
2011-09-10,17.4527,22.6705,21.1795 
2011-09-11,17.5234,23.3050,0.9278 
2011-09-12,17.1133,26.1387,0.4434 
2011-09-13,20.2533,25.0507,0.1002 
2011-09-14,11.5305,19.7182,4.1106 
2011-09-15,5.3658,13.2707,2.6225 
2011-09-16,7.1521,13.0641,0.0029 
2011-09-17,9.9852,16.1584,8.4122e-05 
2011-09-18,8.9513,18.1023,1.5853e-04 
2011-09-19,15.1424,18.2073,18.5072 
2011-09-20,12.7981,18.7127,0.2737 
2011-09-21,13.5443,22.4687,0.0908 
2011-09-22,13.6204,20.9222,0.0396 
2011-09-23,11.7702,18.9005,15.1595 
2011-09-24,9.3037,16.8795,0.1786 
2011-09-25,13.0079,20.4551,0.1050 
2011-09-26,16.6233,19.5963,16.8053 
2011-09-27,13.5483,17.9558,0.7744 
2011-09-28,13.6885,16.3562,3.4788 
2011-09-29,9.8908,16.9096,2.2957 
2011-09-30,6.5676,14.2713,6.3801 
2011-10-01,6.0454,10.2191,1.8565 
2011-10-02,4.6599,13.2325,0.0978 
2011-10-03,7.1391,15.4923,0.3669 
2011-10-04,9.2672,20.1441,0.0042 
2011-10-05,14.9399,21.0592,6.3511e-04 
2011-10-06,11.9329,21.7560,2.1450e-04 
2011-10-07,13.5651,23.4459,2.4824e-04 
2011-10-08,15.2859,24.6370,1.0398e-04 
2011-10-09,16.8899,24.8039,6.1421e-07 
2011-10-10,15.8855,23.1242,4.2021e-05 
2011-10-11,15.2447,22.4230,2.1439e-04 
2011-10-12,13.8288,19.6900,3.0511 
2011-10-13,12.4920,17.2684,1.3985 
2011-10-14,10.9051,15.5766,3.8028 
2011-10-15,7.1233,10.7620,4.3756 
2011-10-16,9.3429,14.4444,0.0919 
2011-10-17,6.4558,12.9527,0.0039 
2011-10-18,6.0596,12.9471,0.2348 
2011-10-19,7.2071,10.8378,20.8848 
2011-10-20,6.0375,10.4575,32.5331 
2011-10-21,4.5603,9.4324,1.1015 
2011-10-22,3.2441,11.9567,0.0178 
2011-10-23,6.3428,15.1462,1.0022e-04 
2011-10-24,10.1963,13.4682,4.2382 
2011-10-25,7.1528,16.2142,1.4723 
2011-10-26,8.1190,15.7876,0.8746 
2011-10-27,3.7136,7.5477,2.3376 
2011-10-28,2.0756,8.3902,0.1730 
2011-10-29,4.4667,7.8507,3.3204 
2011-10-30,2.4506,8.6077,0.2247 
2011-10-31,6.6705,9.3723,1.0400 
2011-11-01,5.5021,12.4121,2.7447e-04 
2011-11-02,7.4036,15.8155,0.0000 
2011-11-03,7.2220,14.7625,0.0381 
2011-11-04,2.1532,8.9270,0.0132 
2011-11-05,0.8870,9.1372,0.0044 
2011-11-06,4.5854,14.4823,0.0000 
2011-11-07,10.1289,15.5469,0.0845 
2011-11-08,9.7675,16.8126,1.7387 
2011-11-09,11.7388,15.9663,7.7912 
2011-11-10,2.9732,9.8861,1.1971 
2011-11-11,-1.4803,4.2903,0.0560 
2011-11-12,1.4499,13.3725,0.0068 
2011-11-13,9.7168,15.8442,0.0179 
2011-11-14,7.8873,16.4212,10.3056 
2011-11-15,5.5347,11.5024,0.0473 
2011-11-16,3.2114,10.3675,0.0118 
2011-11-17,-2.2627,2.3515,0.1502 
2011-11-18,-4.9299,5.4599,0.0829 
2011-11-19,3.4089,9.4082,6.8517e-06 
2011-11-20,4.4949,13.6203,0.0533 
2011-11-21,-1.8033,4.6891,0.0021 
2011-11-22,-2.6522,3.6460,6.5706 
2011-11-23,2.0479,7.0493,19.9430 
2011-11-24,1.3393,9.5435,6.1317e-04 
2011-11-25,5.1170,11.9411,0.0024 
2011-11-26,8.1594,13.6168,0.0756 
2011-11-27,5.0013,13.4458,17.7243 
2011-11-28,-1.4459,4.6539,1.7641 
2011-11-29,2.6906,3.8374,58.0438 
2011-11-30,-2.1034,2.5968,8.9085 
2011-12-01,-2.5992,2.0761,0.0329 
2011-12-02,-1.9521,1.7998,3.7158 
2011-12-03,-1.1862,6.7729,0.4688 
2011-12-04,6.1751,9.8673,10.6117 
2011-12-05,0.5303,9.3327,5.8715 
2011-12-06,-0.7561,1.4656,2.1062 
2011-12-07,-6.6349,0.2170,0.2122 
2011-12-08,-6.0325,1.1058,3.4994e-05 
2011-12-09,-4.1226,-0.6822,2.3829 
2011-12-10,-9.6787,-3.7430,0.0271 
2011-12-11,-9.5177,-0.0862,0.0080 
2011-12-12,-4.9407,2.8683,6.7303e-05 
2011-12-13,-1.2287,4.2616,0.0873 
2011-12-14,1.8273,8.1622,10.9285 
2011-12-15,5.4314,14.1990,9.7042 
2011-12-16,-1.4323,4.5576,0.2473 
2011-12-17,-5.7727,-1.0350,0.6444 
2011-12-18,-3.2199,1.8550,0.5792 
2011-12-19,0.6635,7.6411,0.0267 
2011-12-20,-3.7011,4.9004,0.0584 
2011-12-21,0.1110,7.0335,3.7449 
2011-12-22,0.9739,4.8324,1.2269 
2011-12-23,-5.5005,2.6410,1.3913 
2011-12-24,-3.7418,0.2401,0.4362 
2011-12-25,-2.0030,5.1983,0.0275 
2011-12-26,-3.6793,4.6435,0.0086 
2011-12-27,-0.1146,3.0203,8.6848 
2011-12-28,-7.2404,0.3556,1.0650 
2011-12-29,-6.9034,1.4575,1.9676 
2011-12-30,-1.1102,3.6730,6.0526 
2011-12-31,1.8488,6.1210,2.6855 
2012-01-01,0.5798,6.1662,2.1479 
2012-01-02,-4.0437,-0.0269,0.6878 
2012-01-03,-11.1002,-4.3848,0.3576 
2012-01-04,-9.4764,1.2836,0.0161 
2012-01-05,-3.9335,2.4193,0.0106 
2012-01-06,0.6801,10.3942,0.0110 
2012-01-07,0.4297,7.1323,0.0066 
2012-01-08,-2.5871,2.3521,0.0221 
2012-01-09,-2.7836,4.2665,2.8160e-07 
2012-01-10,-0.9290,6.3362,0.0053 
2012-01-11,0.1326,6.6270,5.3555e-04 
2012-01-12,2.0286,4.4109,8.0889 
2012-01-13,-5.9720,1.6517,4.0288 
2012-01-14,-9.7114,-5.7805,0.7186 
2012-01-15,-11.7381,-6.2039,0.0800 
2012-01-16,-8.0786,3.5164,0.2036 
2012-01-17,-0.1143,7.4411,15.4891 
2012-01-18,-9.6965,-0.8986,0.9366 
2012-01-19,-9.9623,-4.1468,0.9193 
2012-01-20,-16.2685,-9.6700,0.3703 
2012-01-21,-12.7128,-5.2544,2.7113 
2012-01-22,-8.2091,0.8249,0.3393 
2012-01-23,1.5363,10.5192,14.7490 
2012-01-24,-2.1461,2.8680,0.3737 
2012-01-25,-5.7868,-0.4056,0.0439 
2012-01-26,-3.2020,0.9421,0.7605 
2012-01-27,-0.8519,2.2151,9.4583 
2012-01-28,-2.9739,0.9530,1.5480 
2012-01-29,-4.1770,-1.6092,4.5162 
2012-01-30,-7.5637,-0.3042,0.3121 
2012-01-31,1.0534,10.3374,0.0416 
2012-02-01,0.9413,10.4833,0.0349 
2012-02-02,-0.9465,4.6161,0.1326 
2012-02-03,0.0363,6.3387,4.7650e-04 
2012-02-04,-0.9343,4.3262,2.5123e-04 
2012-02-05,-1.2742,5.5553,0.0313 
2012-02-06,-2.7929,7.8311,0.0075 
2012-02-07,-4.0337,5.2917,0.2768 
2012-02-08,-7.2147,0.6440,0.0026 
2012-02-09,-5.6735,3.3836,0.0047 
2012-02-10,-6.1828,1.1777,0.5099 
2012-02-11,-10.8108,-0.1688,9.7096 
2012-02-12,-9.3784,-2.4209,0.3333 
2012-02-13,-7.0638,0.9454,0.0571 
2012-02-14,-3.7141,0.2449,1.6794 
2012-02-15,-4.6534,2.3471,0.0689 
2012-02-16,0.6712,5.3647,10.3092 
2012-02-17,-2.2176,3.4920,0.0106 
2012-02-18,-1.3541,2.4690,0.5905 
2012-02-19,-7.0921,0.2156,0.0064 
2012-02-20,-6.0625,1.4228,0.0020 
2012-02-21,-4.1671,6.2040,2.2747 
2012-02-22,-0.1747,6.1258,0.8775 
2012-02-23,-0.7597,4.6293,1.2545 
2012-02-24,-1.3160,2.9529,7.3420 
2012-02-25,-4.6173,-0.8385,0.4153 
2012-02-26,-7.1520,0.5652,0.1260 
2012-02-27,0.0903,2.7324,0.0156 
2012-02-28,-4.7593,1.4716,2.2109e-04 
2012-02-29,-1.1493,6.6820,17.2967 
2012-03-01,-0.0066,7.1542,2.9393 
2012-03-02,0.2900,7.6855,5.8209 
2012-03-03,-0.7414,11.4947,5.8003 
2012-03-04,-7.7431,0.1579,0.4984 
2012-03-05,-11.0815,-2.6362,0.2340 
2012-03-06,-5.4221,9.9770,0.0166 
2012-03-07,9.6497,16.6632,1.5250e-04 
2012-03-08,3.8122,17.2893,2.5018 
2012-03-09,-1.9242,2.7379,0.1417 
2012-03-10,-8.1942,7.0465,3.3165e-04 
2012-03-11,3.5269,16.3789,0.0000 
2012-03-12,7.4331,15.6957,8.9561 
2012-03-13,8.5514,16.0315,6.7933 
2012-03-14,7.4799,21.2959,3.5415e-04 
2012-03-15,14.5585,24.6247,2.8698 
2012-03-16,12.4239,20.9241,2.3019 
2012-03-17,13.3368,22.4415,0.0208 
2012-03-18,13.3719,22.0162,0.0583 
2012-03-19,12.3579,23.3344,0.0821 
2012-03-20,15.9958,23.1610,0.0194 
2012-03-21,16.5198,25.8048,0.0072 
2012-03-22,15.0224,26.6711,0.0620 
2012-03-23,14.0239,24.4622,0.3305 
2012-03-24,11.8390,17.3230,2.6124 
2012-03-25,9.5722,19.0046,0.4063 
2012-03-26,-1.8350,18.2286,0.0023 
2012-03-27,-3.5801,9.2509,0.0033 
2012-03-28,9.8296,14.3955,0.0145 
2012-03-29,0.1797,10.2945,0.0633 
2012-03-30,-2.9571,5.9790,15.9461 
2012-03-31,-2.1558,8.1212,0.2024 
2012-04-01,2.3308,13.1459,0.0051 
2012-04-02,0.4940,12.1666,0.0137 
2012-04-03,2.4224,17.2751,0.2030 
2012-04-04,3.0626,16.7777,0.0112 
2012-04-05,-0.8635,8.1926,0.0457 
2012-04-06,-0.4669,10.9261,0.0058 
2012-04-07,3.1716,14.8925,0.0014 
2012-04-08,7.5227,14.5369,0.1275 
2012-04-09,5.3250,12.8862,0.0161 
2012-04-10,0.9673,9.2350,0.0608 
2012-04-11,1.6434,9.0667,0.1114 
2012-04-12,3.4502,11.5140,0.0014 
2012-04-13,3.7205,15.2347,0.0015 
2012-04-14,7.3960,17.2345,1.3058 
2012-04-15,13.7920,22.6172,23.6543 
2012-04-16,13.3151,21.6080,0.3861 
2012-04-17,1.7753,11.8295,2.3730e-05 
2012-04-18,1.7237,13.1110,2.1075e-04 
2012-04-19,9.7323,17.8765,1.0712 
2012-04-20,7.7834,19.6370,4.9142 
2012-04-21,0.7534,7.7488,4.4477 
2012-04-22,-0.0377,7.1573,0.0064 
2012-04-23,2.0579,8.6320,0.0017 
2012-04-24,4.7497,12.8453,8.1230e-05 
2012-04-25,4.1108,16.1209,0.0412 
2012-04-26,7.8516,15.5325,0.5305 
2012-04-27,0.1234,9.9183,2.0076e-04 
2012-04-28,1.1164,9.7821,5.7363e-05 
2012-04-29,1.4297,12.9261,1.9203e-06 
2012-04-30,3.9109,10.3435,13.2867 
2012-05-01,9.1943,18.3498,2.6535 
2012-05-02,9.4300,25.8669,2.1158 
2012-05-03,18.2187,29.3483,1.0031 
2012-05-04,16.8416,28.4418,39.1665 
2012-05-05,10.0346,17.8027,0.0140 
2012-05-06,7.7581,19.4965,0.0032 
2012-05-07,9.6852,20.4280,17.7870 
2012-05-08,13.2133,20.2190,1.0928 
2012-05-09,11.4396,18.4415,6.2575 
2012-05-10,5.0099,15.0186,0.4136 
2012-05-11,9.0357,21.0855,6.3140e-07 
2012-05-12,14.3835,22.5011,3.6860 
2012-05-13,10.9943,18.2535,4.9736 
2012-05-14,13.0619,21.1522,0.0023 
2012-05-15,16.4703,24.8130,8.2655e-04 
2012-05-16,10.9586,23.9060,3.3181 
2012-05-17,7.3803,16.7703,3.1429e-06 
2012-05-18,10.5958,21.2689,3.3923e-05 
2012-05-19,15.7658,26.3610,0.0000 
2012-05-20,20.4736,27.9695,4.8073e-04 
2012-05-21,19.4480,26.9076,2.1580 
2012-05-22,10.7698,19.6430,0.1481 
2012-05-23,11.4846,22.5309,0.0020 
2012-05-24,16.5372,26.3656,1.3533e-05 
2012-05-25,22.3086,27.8728,0.0029 
2012-05-26,16.4437,24.9289,2.2939 
2012-05-27,15.2876,28.6142,4.9715 
2012-05-28,21.9464,30.1541,0.0757 
2012-05-29,21.6677,29.7459,0.4400 
2012-05-30,15.2798,23.9613,5.3100e-04 
2012-05-31,7.3745,16.3676,0.2596 
2012-06-01,9.1976,16.0965,14.5479 
2012-06-02,7.0576,18.9826,1.6265 
2012-06-03,13.8448,22.2475,1.8280 
2012-06-04,10.5359,20.9912,0.1192 
2012-06-05,9.7115,17.9139,0.3668 
2012-06-06,12.4465,22.1160,0.1027 
2012-06-07,14.1639,24.1539,0.6932 
2012-06-08,16.2732,27.1218,0.0018 
2012-06-09,20.9616,29.4480,0.1439 
2012-06-10,23.2674,30.0146,0.0000 
2012-06-11,22.0587,29.4131,2.5787 
2012-06-12,20.2639,24.0713,2.7141 
2012-06-13,9.1755,21.4988,3.3619e-05 
2012-06-14,11.4575,23.1595,0.0000 
2012-06-15,15.4057,27.5387,1.0372e-05 
2012-06-16,20.1049,27.8977,3.8419e-05 
2012-06-17,19.7207,27.7754,7.2892 
2012-06-18,19.3989,30.3017,3.7743 
2012-06-19,23.7400,32.9710,0.9011 
2012-06-20,24.9942,32.7130,0.0154 
2012-06-21,24.4106,30.7605,0.7704 
2012-06-22,19.6261,24.3410,0.8833 
2012-06-23,16.6824,24.9741,0.0638 
2012-06-24,19.5532,27.2439,0.3906 
2012-06-25,14.1728,23.1460,0.5799 
2012-06-26,13.5003,24.7472,0.0033 
2012-06-27,20.0759,30.2047,4.2370e-04 
2012-06-28,22.0997,34.9744,0.0630 
2012-06-29,24.5662,33.3811,0.0835 
2012-06-30,21.7341,30.8522,0.0174 
2012-07-01,21.9566,29.9870,0.0258 
2012-07-02,22.0238,30.4698,0.9760 
2012-07-03,24.4637,32.5887,33.7364 
2012-07-04,22.8243,33.6462,16.3703 
2012-07-05,24.7372,34.2025,5.4549 
2012-07-06,25.2903,33.9314,0.0211 
2012-07-07,28.3055,33.5670,0.1300 
2012-07-08,18.8634,27.3261,0.1358 
2012-07-09,17.3127,25.1830,0.0693 
2012-07-10,17.4940,24.6840,0.0028 
2012-07-11,17.6079,25.8539,0.0025 
2012-07-12,20.8898,29.1757,0.0037 
2012-07-13,23.3107,29.7945,0.0589 
2012-07-14,21.0861,29.5424,0.0155 
2012-07-15,21.8709,29.4014,1.0099 
2012-07-16,22.7401,31.5864,0.1929 
2012-07-17,26.8527,34.7687,0.0053 
2012-07-18,23.0384,34.3073,2.3691 
2012-07-19,18.0274,27.3497,21.6455 
2012-07-20,16.3682,22.3283,0.8175 
2012-07-21,16.5864,28.3513,0.0035 
2012-07-22,23.2583,29.4594,0.0769 
2012-07-23,24.4237,32.7889,0.1190 
2012-07-24,22.1294,31.6307,0.0080 
2012-07-25,17.9678,30.0266,0.0036 
2012-07-26,21.5344,30.5192,14.0728 
2012-07-27,17.5609,22.5576,8.5352 
2012-07-28,17.3293,24.9804,1.3669 
2012-07-29,18.2079,25.8884,0.0453 
2012-07-30,21.5799,27.5873,0.4310 
2012-07-31,20.8921,27.6140,1.8336 
2012-08-01,19.2288,26.2400,0.0060 
2012-08-02,21.0066,29.7607,0.0306 
2012-08-03,20.5887,30.3928,0.0417 
2012-08-04,23.7483,29.9751,1.8301 
2012-08-05,21.2201,27.2791,3.1765 
2012-08-06,15.8256,25.5292,0.0039 
2012-08-07,20.2620,30.2742,8.6538e-04 
2012-08-08,20.0302,27.2781,0.1033 
2012-08-09,18.3238,25.3577,17.4332 
2012-08-10,16.5094,19.8143,42.1119 
2012-08-11,15.6727,19.1330,2.3890 
2012-08-12,13.2171,23.3562,0.0462 
2012-08-13,18.7699,23.6356,0.7546 
2012-08-14,16.0476,22.5238,16.3545 
2012-08-15,17.0281,23.5309,0.0356 
2012-08-16,20.0087,26.8331,0.0973 
2012-08-17,15.8116,20.8707,0.0931 
2012-08-18,12.3859,21.8049,0.0020 
2012-08-19,16.9597,22.2406,0.0443 
2012-08-20,14.7431,21.6640,0.0259 
2012-08-21,16.8990,22.4191,1.0258 
2012-08-22,18.1679,24.6587,0.1529 
2012-08-23,19.8582,26.9448,2.4969e-05 
2012-08-24,20.9557,28.1465,0.0681 
2012-08-25,21.8850,29.6270,0.0000 
2012-08-26,20.9823,28.0219,0.0086 
2012-08-27,20.1176,27.0060,6.4813 
2012-08-28,15.6905,25.2085,0.0983 
2012-08-29,14.8819,24.2143,0.0018 
2012-08-30,17.4103,27.4034,0.0019 
2012-08-31,21.2616,31.3337,0.0000 
2012-09-01,18.1055,29.4020,0.0013 
2012-09-02,19.5669,25.9146,0.0958 
2012-09-03,18.7468,28.0965,0.0365 
2012-09-04,21.1898,27.6200,18.6530 
2012-09-05,19.7449,25.4125,1.6518 
2012-09-06,17.3295,23.9669,0.1378 
2012-09-07,19.3927,23.8100,0.0403 
2012-09-08,13.4630,18.8315,16.8786 
2012-09-09,12.6208,18.0351,0.0164 
2012-09-10,11.9111,20.1102,0.0197 
2012-09-11,13.9221,24.0237,0.0155 
2012-09-12,15.8474,26.8566,0.0021 
2012-09-13,17.3914,26.2890,0.0011 
2012-09-14,11.4455,25.0080,14.2738 
2012-09-15,12.0933,18.8184,0.0080 
2012-09-16,14.3241,23.5199,0.0148 
2012-09-17,15.9150,23.1347,0.0175 
2012-09-18,12.7057,22.1435,2.5814 
2012-09-19,5.5979,16.0564,0.1352 
2012-09-20,12.2162,20.4519,0.9600 
2012-09-21,13.1903,18.8263,0.0251 
2012-09-22,9.7028,14.1499,3.4233 
2012-09-23,5.2851,11.7946,0.0861 
2012-09-24,4.4270,14.8604,0.0145 
2012-09-25,10.4341,20.0255,0.0457 
2012-09-26,12.6594,18.5350,0.0934 
2012-09-27,8.4485,16.2385,0.0026 
2012-09-28,9.7356,17.2851,0.0224 
2012-09-29,11.4369,17.8864,0.0049 
2012-09-30,8.7583,16.1055,0.0129 
2012-10-01,9.6039,16.1966,0.1567 
2012-10-02,11.8414,18.9552,1.2422 
2012-10-03,13.4999,19.0126,0.7189 
2012-10-04,12.2169,22.4746,0.0287 
2012-10-05,7.4122,21.2883,2.9536 
2012-10-06,3.6206,9.1808,1.8962 
2012-10-07,2.1011,8.3544,0.1227 
2012-10-08,1.7983,9.4128,0.1639 
2012-10-09,3.8257,13.2126,0.0243 
2012-10-10,5.2375,12.4719,3.0211 
2012-10-11,1.3552,13.3601,2.4042e-04 
2012-10-12,2.0067,12.3161,0.6611 
2012-10-13,4.1442,14.7960,8.3482 
2012-10-14,14.2870,18.8402,11.0647 
2012-10-15,7.7120,15.9793,1.8179 
2012-10-16,3.2562,11.2204,0.0291 
2012-10-17,9.6625,19.5034,2.6542 
2012-10-18,11.4547,18.7689,10.4966 
2012-10-19,8.8458,11.4758,1.0880 
2012-10-20,6.6968,11.0828,6.2626 
2012-10-21,5.8681,13.7306,0.2975 
2012-10-22,10.0766,19.0858,1.0107e-04 
2012-10-23,15.3174,18.8200,11.7106 
2012-10-24,14.3143,20.9417,1.2186 
2012-10-25,14.8202,21.1427,9.7445e-04 
2012-10-26,7.3943,20.5104,1.2312 
2012-10-27,5.3749,9.3337,0.0095 
2012-10-28,3.1298,7.5765,0.0197 
2012-10-29,4.2513,5.7138,1.0252 
2012-10-30,3.2159,6.8612,9.0097 
2012-10-31,4.1758,6.2912,2.0252 
2012-11-01,3.0577,7.3929,0.5497 
2012-11-02,0.0697,5.6357,0.1596 
2012-11-03,-2.4953,5.0631,0.2105 
2012-11-04,-1.5502,4.4185,0.0404 
2012-11-05,-2.2074,2.8860,0.0315 
2012-11-06,-0.6094,4.5253,0.0452 
2012-11-07,-2.2230,6.5385,0.0062 
2012-11-08,0.5238,7.5234,8.4824e-04 
2012-11-09,1.4091,11.0978,0.0643 
2012-11-10,6.3633,14.4254,0.3125 
2012-11-11,11.8117,16.6501,0.0547 
2012-11-12,1.6211,16.3385,6.3174 
2012-11-13,-2.8913,2.0990,0.2174 
2012-11-14,-1.8041,3.1292,7.4149e-04 
2012-11-15,0.2250,5.6596,4.0353e-05 
2012-11-16,2.3921,8.8948,7.0353e-08 
2012-11-17,3.3883,9.4954,0.0037 
2012-11-18,3.6002,9.2896,0.0467 
2012-11-19,4.0645,10.1040,0.0521 
2012-11-20,5.8365,10.6790,0.1321 
2012-11-21,5.9438,13.2772,0.0277 
2012-11-22,6.1907,14.1970,0.0046 
2012-11-23,1.4187,13.3074,4.2994 
2012-11-24,-1.9023,1.4329,0.4522 
2012-11-25,-5.2000,2.8086,1.2582 
2012-11-26,-3.6050,1.6967,0.0679 
2012-11-27,-6.8604,0.2368,5.8099e-04 
2012-11-28,-3.5861,2.3697,0.0181 
2012-11-29,-1.9527,7.2858,0.0244 
2012-11-30,1.2265,5.3600,0.2738 
2012-12-01,-0.3072,10.6463,0.1698 
2012-12-02,10.9978,14.0889,5.1080 
2012-12-03,6.1066,15.3521,0.4186 
2012-12-04,7.8081,16.5120,4.2812 
2012-12-05,-2.7602,7.6331,0.0083 
2012-12-06,-2.9134,3.0614,8.0485e-04 
2012-12-07,2.3794,6.8261,2.6627 
2012-12-08,0.9752,5.4537,4.8588 
2012-12-09,-2.1940,1.4916,2.7469 
2012-12-10,-0.9167,4.9805,1.1337 
2012-12-11,-5.2369,-0.3039,0.3835 
2012-12-12,-4.5626,3.9748,0.0105 
2012-12-13,-2.3865,5.3164,8.7137e-04 
2012-12-14,0.2575,6.4604,0.0013 
2012-12-15,0.5210,5.4836,0.7461 
2012-12-16,4.6385,10.6020,10.5440 
2012-12-17,3.3863,8.3367,0.1558 
2012-12-18,0.0299,4.7417,0.0306 
2012-12-19,0.0410,4.7967,0.9968 
2012-12-20,1.3081,8.0629,9.7053 
2012-12-21,-2.3346,8.4727,6.2686 
2012-12-22,-3.7184,-0.5695,0.0989 
2012-12-23,-7.5238,-0.3004,0.0355 
2012-12-24,-6.0975,-1.5387,1.1405 
2012-12-25,-5.1836,0.1807,0.5070 
2012-12-26,-4.6808,-1.5213,5.1914 
2012-12-27,-4.1378,-0.9804,7.5370 
2012-12-28,-7.2318,-3.5791,0.2133 
2012-12-29,-4.8901,-1.3518,2.9746 
2012-12-30,-7.6177,-2.5932,0.3419 
2012-12-31,-6.2486,0.8022,0.0674 
2013-01-01,-8.5587,-0.5985,0.0571 
2013-01-02,-12.4971,-5.3258,0.0048 
2013-01-03,-11.9253,-1.2186,0.1559 
2013-01-04,-4.6791,-0.7640,0.1832 
2013-01-05,-6.7286,-1.7768,8.3877e-04 
2013-01-06,-3.5195,0.9956,2.9964 
2013-01-07,-5.8936,0.1459,0.3217 
2013-01-08,-4.3534,0.4191,1.9837e-04 
2013-01-09,-1.2701,3.1434,0.3563 
2013-01-10,-1.4354,1.3818,3.9630e-04 
2013-01-11,-0.3408,12.6879,17.4927 
2013-01-12,8.0791,12.8859,0.0390 
2013-01-13,2.0558,10.7325,18.2342 
2013-01-14,-7.7365,2.8488,0.7880 
2013-01-15,-8.1230,-2.1469,1.6386e-04 
2013-01-16,-6.2854,0.6748,3.3250e-04 
2013-01-17,-4.2689,0.7220,0.0583 
2013-01-18,-11.4370,-0.2544,0.1679 
2013-01-19,0.4867,5.2498,0.0755 
2013-01-20,-7.6654,6.2948,0.1460 
2013-01-21,-13.7750,-8.1810,1.1671 
2013-01-22,-18.3925,-12.7368,0.0620 
2013-01-23,-18.5315,-9.7194,0.2819 
2013-01-24,-14.3461,-7.8816,2.4430 
2013-01-25,-13.5944,-7.6901,1.3926 
2013-01-26,-9.6073,-3.8131,1.0086 
2013-01-27,-7.5678,-3.9855,0.1406 
2013-01-28,-4.0764,6.3625,16.6502 
2013-01-29,-0.1049,13.0406,15.5115 
2013-01-30,8.5022,15.4147,11.4062 
2013-01-31,-6.3358,10.2078,7.2666 
2013-02-01,-10.2346,-6.8101,0.2235 
2013-02-02,-13.4886,-6.4456,4.5545 
2013-02-03,-12.0302,-7.7084,0.5938 
2013-02-04,-13.9144,-7.0049,0.9556 
2013-02-05,-10.6349,-4.9113,0.2624 
2013-02-06,-11.5096,-3.8420,0.2699 
2013-02-07,-7.4946,-1.4511,0.2559 
2013-02-08,-4.9798,-0.6552,7.0002 
2013-02-09,-9.1455,-4.3995,0.2746 
2013-02-10,-9.1587,2.5480,0.0382 
2013-02-11,0.7764,5.7909,2.4549 
2013-02-12,-2.8648,0.6040,0.0722 
2013-02-13,-7.4364,1.8113,0.0509 
2013-02-14,-2.9462,4.7436,1.3778 
2013-02-15,-5.1104,3.1051,0.4993 
2013-02-16,-9.0710,-4.5561,1.5219 
2013-02-17,-14.0362,-6.1837,0.5059 
2013-02-18,-10.7837,2.6948,0.0076 
2013-02-19,-3.6944,5.4498,4.0825 
2013-02-20,-9.3150,-4.4462,0.2356 
2013-02-21,-11.6976,-3.9786,0.2796 
2013-02-22,-8.9740,1.5269,7.9053 
2013-02-23,-3.5406,1.5656,0.6146 
2013-02-24,-5.7354,0.8103,0.9384 
2013-02-25,-3.9385,1.4773,0.0110 
2013-02-26,-4.3181,1.4760,5.2633 
2013-02-27,0.2378,2.4177,19.0106 
2013-02-28,-1.3153,0.8346,3.6334 
2013-03-01,-4.5880,-0.7221,0.4167 
2013-03-02,-7.4363,-3.0183,0.4256 
2013-03-03,-11.5063,-3.5532,0.1870 
2013-03-04,-13.1341,-1.1493,0.1162 
2013-03-05,-7.8509,0.3699,0.0130 
2013-03-06,-3.3768,3.5168,0.0237 
2013-03-07,-2.6526,1.8534,0.3903 
2013-03-08,-6.4889,3.6822,0.0232 
2013-03-09,-0.3390,3.7919,0.0055 
2013-03-10,2.0307,14.2585,0.3431 
2013-03-11,8.8341,13.1537,7.5678 
2013-03-12,0.2231,8.2286,0.9775 
2013-03-13,-4.4640,0.9949,0.8145 
2013-03-14,-7.5750,2.2321,0.0226 
2013-03-15,-3.2404,3.6092,1.1236 
2013-03-16,-4.3830,2.6966,5.2202 
2013-03-17,-8.4033,-1.9464,0.1198 
2013-03-18,-7.7955,1.8573,1.4197 
2013-03-19,-6.3293,2.0963,0.6046 
2013-03-20,-7.0929,-3.4952,0.1085 
2013-03-21,-10.2863,-0.2496,0.3731 
2013-03-22,-7.2791,1.6171,0.0518 
2013-03-23,-5.1639,3.2839,0.0221 
2013-03-24,-3.5261,2.8861,0.0015 
2013-03-25,-1.4917,2.6047,0.2222 
2013-03-26,-1.2144,5.0499,0.0289 
2013-03-27,-2.5356,5.9489,0.0306 
2013-03-28,-1.0685,8.5266,0.0285 
2013-03-29,-1.3356,8.6915,0.0120 
2013-03-30,1.4070,11.8600,0.0283 
2013-03-31,4.5036,13.0876,0.9429 
2013-04-01,-3.6253,10.6749,0.2675 
2013-04-02,-6.6769,2.4785,0.0785 
2013-04-03,-7.1009,3.8067,0.0015 
2013-04-04,-3.6637,11.5541,0.0000 
2013-04-05,-0.7202,10.7791,0.0193 
2013-04-06,-2.4581,8.7758,0.0724 
2013-04-07,9.1246,14.6210,0.1272 
2013-04-08,1.2558,13.4598,4.0418 
2013-04-09,1.6210,14.5583,5.7768 
2013-04-10,3.3874,10.4972,37.2332 
2013-04-11,1.2285,4.1431,19.3392 
2013-04-12,2.4289,7.6962,17.6956 
2013-04-13,1.2479,5.4480,1.1639 
2013-04-14,-0.5133,7.0816,0.1941 
2013-04-15,5.3519,18.9136,0.0066 
2013-04-16,6.7470,18.7211,1.9980 
2013-04-17,3.1800,12.9146,1.8488 
2013-04-18,9.6291,23.5268,33.4194 
2013-04-19,3.2543,22.0554,11.6235 
2013-04-20,-2.0111,4.1473,0.7693 
2013-04-21,-2.4405,5.6512,0.0265 
2013-04-22,0.8508,13.4607,0.0013 
2013-04-23,6.5545,19.7780,0.5483 
2013-04-24,0.5454,15.9947,18.9669 
2013-04-25,-0.1785,8.2681,3.5111 
2013-04-26,3.3544,12.4283,0.0080 
2013-04-27,7.0659,17.4312,0.0011 
2013-04-28,8.7939,16.5326,4.8213 
2013-04-29,11.1242,18.8354,2.0788 
2013-04-30,12.0013,22.9391,3.0009 
2013-05-01,13.9731,24.1656,0.0079 
2013-05-02,13.5472,23.4204,0.0000 
2013-05-03,15.4770,21.2050,0.0016 
2013-05-04,13.6939,20.7739,9.8737e-04 
2013-05-05,12.3012,19.3133,0.0000 
2013-05-06,11.2955,20.5025,0.0000 
2013-05-07,13.8819,22.0476,2.5500e-04 
2013-05-08,15.3184,22.3900,0.0520 
2013-05-09,17.0211,23.9726,0.3236 
2013-05-10,10.4181,23.0574,8.2263 
2013-05-11,3.4089,16.3644,0.5877 
2013-05-12,2.6316,7.5948,0.3497 
2013-05-13,-1.5314,9.9023,0.0064 
2013-05-14,6.3526,21.8721,0.3012 
2013-05-15,15.3607,23.8401,0.1389 
2013-05-16,14.7906,23.9085,0.0014 
2013-05-17,8.7859,22.9280,2.3836e-04 
2013-05-18,13.4858,21.9640,1.6206e-04 
2013-05-19,14.1218,26.7103,0.0953 
2013-05-20,18.0497,29.6475,0.1987 
2013-05-21,20.5714,26.7250,0.4595 
2013-05-22,18.5945,25.9871,1.0746 
2013-05-23,3.7547,24.5624,3.6613 
2013-05-24,2.5984,9.9830,0.6007 
2013-05-25,5.2354,14.1474,0.0052 
2013-05-26,7.9921,16.4989,2.5613e-04 
2013-05-27,9.4087,16.0782,0.5279 
2013-05-28,10.4874,22.3409,42.2097 
2013-05-29,18.2474,25.8202,3.0771 
2013-05-30,19.7832,27.6792,2.3767 
2013-05-31,20.1065,26.6292,5.7904 
2013-06-01,18.7438,23.0853,6.5716 
2013-06-02,15.7702,20.3773,0.6580 
2013-06-03,5.7166,17.6071,4.3973e-04 
2013-06-04,9.8171,17.9544,0.0104 
2013-06-05,10.1705,19.5870,0.0260 
2013-06-06,11.5285,18.4998,0.1345 
2013-06-07,10.2689,17.8397,0.0488 
2013-06-08,10.4510,18.8189,0.0080 
2013-06-09,15.3462,21.7953,0.1274 
2013-06-10,17.1473,20.8913,23.5276 
2013-06-11,15.4852,25.0389,0.8103 
2013-06-12,17.3986,25.0047,0.5402 
2013-06-13,13.7751,24.0322,26.2836 
2013-06-14,12.1370,19.6838,0.0293 
2013-06-15,13.8347,24.0162,0.1251 
2013-06-16,16.4532,25.7472,5.7326 
2013-06-17,18.5395,26.4277,2.6895 
2013-06-18,12.5805,18.8767,3.4828 
2013-06-19,9.0988,20.5003,1.7881e-05 
2013-06-20,15.0701,23.9785,7.5050e-05 
2013-06-21,18.4722,27.7508,0.0284 
2013-06-22,21.0228,30.1392,0.0322 
2013-06-23,22.5952,29.6921,0.0045 
2013-06-24,22.6438,29.8122,0.0829 
2013-06-25,19.6429,29.4131,5.2290 
2013-06-26,18.8582,26.6962,3.3356 
2013-06-27,20.2528,26.4426,14.8771 
2013-06-28,17.9593,25.8363,6.0942 
2013-06-29,15.8317,20.2234,6.6362 
2013-06-30,13.6773,21.2798,0.0090 
2013-07-01,16.0290,22.0198,1.8899 
2013-07-02,15.9621,22.9871,1.7200 
2013-07-03,15.8284,26.2391,0.1221 
2013-07-04,19.1639,26.2894,0.1284 
2013-07-05,20.0433,25.8738,0.5454 
2013-07-06,21.2821,26.8460,0.5967 
2013-07-07,19.9281,26.2537,5.4278 
2013-07-08,21.2998,28.9295,10.0628 
2013-07-09,20.3030,28.8581,18.1165 
2013-07-10,20.3620,28.0254,7.1158 
2013-07-11,16.1494,24.7243,2.7025e-04 
2013-07-12,13.4142,24.3668,6.7397e-04 
2013-07-13,18.4753,26.1567,0.0182 
2013-07-14,20.9202,28.4849,0.0032 
2013-07-15,23.6809,28.6394,0.4934 
2013-07-16,24.7917,30.7614,0.9581 
2013-07-17,25.1778,32.5383,0.2149 
2013-07-18,24.3819,32.9642,1.9015 
2013-07-19,25.3366,32.3478,1.9750 
2013-07-20,22.2952,27.8314,12.5941 
2013-07-21,17.6600,25.0733,0.0796 
2013-07-22,18.9775,26.6003,0.1783 
2013-07-23,19.8951,24.9741,4.3472 
2013-07-24,12.8296,21.9725,0.0203 
2013-07-25,13.0526,22.7414,4.1342e-04 
2013-07-26,18.0192,23.8164,0.0608 
2013-07-27,16.4873,23.6231,10.2095 
2013-07-28,10.5118,16.2795,4.1328 
2013-07-29,12.0300,20.3295,1.4503 
2013-07-30,15.3288,23.6158,1.3623e-04 
2013-07-31,18.7826,23.2146,5.8465 
2013-08-01,16.0915,22.7713,9.8032 
2013-08-02,16.0312,21.9973,0.1656 
2013-08-03,14.8795,22.5825,0.0083 
2013-08-04,12.1502,21.2937,0.0390 
2013-08-05,14.5698,21.4828,0.1118 
2013-08-06,17.6779,24.7233,1.4387 
2013-08-07,19.4466,26.1861,2.5226 
2013-08-08,15.8684,22.1142,1.2211 
2013-08-09,16.1183,24.5051,0.0443 
2013-08-10,15.7828,23.8999,0.0290 
2013-08-11,17.1844,22.9219,0.0380 
2013-08-12,16.9408,22.8338,9.7605 
2013-08-13,12.7612,17.6207,6.0193 
2013-08-14,9.8878,18.9167,2.8268e-04 
2013-08-15,13.2242,20.5129,4.0012e-04 
2013-08-16,16.4609,23.3824,0.0123 
2013-08-17,18.1830,24.0559,0.0517 
2013-08-18,18.3296,25.2256,0.0660 
2013-08-19,19.9839,26.0075,0.0326 
2013-08-20,20.4165,27.9109,1.3831e-05 
2013-08-21,21.9732,28.4471,8.0570e-06 
2013-08-22,20.3409,27.9156,0.0317 
2013-08-23,16.8446,26.5496,0.0095 
2013-08-24,16.5263,24.7441,1.4004e-06 
2013-08-25,18.7234,28.6724,5.3715e-04 
2013-08-26,22.4661,31.3074,0.8034 
2013-08-27,22.7657,30.4559,9.1251 
2013-08-28,20.7998,29.4171,7.8415 
2013-08-29,18.5514,28.2537,0.0028 
2013-08-30,21.7418,28.8522,0.0027 
2013-08-31,18.7846,27.6340,14.9186 
2013-09-01,17.6709,25.0032,0.2998 
2013-09-02,18.9939,24.8806,1.6064 
2013-09-03,12.2412,21.5337,0.0496 
2013-09-04,13.8613,24.9847,0.0049 
2013-09-05,11.1438,24.0528,0.0209 
2013-09-06,11.9075,21.9897,1.8284e-04 
2013-09-07,16.3652,24.8737,1.0818 
2013-09-08,15.6962,23.8025,0.7205 
2013-09-09,15.4468,26.6779,0.4736 
2013-09-10,24.4173,31.2620,0.0621 
2013-09-11,24.4521,30.7363,7.0025 
2013-09-12,15.8257,25.9694,9.5330 
2013-09-13,11.0955,16.1671,2.5656 
2013-09-14,8.0561,18.1068,4.9304e-04 
2013-09-15,12.5105,17.0338,1.5440 
2013-09-16,10.2197,14.3525,0.7291 
2013-09-17,7.8065,17.1189,0.0030 
2013-09-18,13.3093,21.6155,5.1375e-05 
2013-09-19,16.6797,26.9746,0.0100 
2013-09-20,20.6934,26.2322,4.1884 
2013-09-21,14.4836,20.8178,8.1240 
2013-09-22,7.0510,15.0241,0.0122 
2013-09-23,7.5201,14.9953,0.0197 
2013-09-24,9.6453,17.4276,1.2319e-05 
2013-09-25,11.3439,19.0247,0.0011 
2013-09-26,12.7738,21.5449,5.4658e-04 
2013-09-27,14.4568,20.9326,0.0247 
2013-09-28,13.2831,21.9025,9.5966e-04 
2013-09-29,16.0462,20.9114,3.9980 
2013-09-30,13.7577,18.5253,0.9235 
2013-10-01,13.8175,22.9520,0.0115 
2013-10-02,16.0111,21.9851,0.0501 
2013-10-03,15.5101,23.8551,0.2515 
2013-10-04,18.1651,26.0806,0.6705 
2013-10-05,17.0006,24.8910,5.1288 
2013-10-06,15.7583,23.2502,7.9767 
2013-10-07,6.4204,15.3026,2.8956 
2013-10-08,9.6636,16.4976,0.2512 
2013-10-09,12.3838,17.7227,0.0814 
2013-10-10,11.4861,18.3488,0.1127 
2013-10-11,11.6152,19.4443,0.0318 
2013-10-12,12.9386,21.0603,0.0321 
2013-10-13,12.4276,18.8635,0.0088 
2013-10-14,7.0655,15.1329,1.2048e-04 
2013-10-15,9.6369,17.5937,0.0691 
2013-10-16,13.2846,17.7951,2.9080 
2013-10-17,7.2154,12.7178,3.9302 
2013-10-18,6.7710,14.4768,0.6148 
2013-10-19,5.7082,12.2445,3.4486 
2013-10-20,2.5143,12.2234,0.8349 
2013-10-21,9.6206,11.6467,1.5136 
2013-10-22,1.7847,8.9118,0.4660 
2013-10-23,0.2368,6.4463,0.0054 
2013-10-24,-0.9527,6.5849,0.1718 
2013-10-25,-0.4781,7.1931,0.1233 
2013-10-26,3.5206,8.8097,0.6787 
2013-10-27,0.7659,9.1820,0.1108 
2013-10-28,2.3516,8.2445,0.0148 
2013-10-29,0.4502,7.0778,0.0357 
2013-10-30,6.1339,14.1488,4.7907e-04 
2013-10-31,10.3247,15.5481,29.3507 
2013-11-01,6.9619,16.5167,8.5250 
2013-11-02,4.5853,7.7288,6.9569 
2013-11-03,0.2493,4.9396,0.0716 
2013-11-04,0.6692,6.5221,0.0304 
2013-11-05,6.4844,14.4902,5.2650e-04 
2013-11-06,9.5285,13.2153,4.5637 
2013-11-07,1.7261,12.7871,0.7954 
2013-11-08,-1.7350,5.5117,0.4123 
2013-11-09,1.4231,11.5878,0.1833 
2013-11-10,3.6341,10.3022,0.2479 
2013-11-11,-1.3640,5.4508,4.0623 
2013-11-12,-5.1737,-0.6084,0.4494 
2013-11-13,-7.4729,2.1008,0.0017 
2013-11-14,-1.3722,6.6806,2.2722e-04 
2013-11-15,4.1216,8.7224,0.0000 
2013-11-16,2.0751,12.1030,0.0144 
2013-11-17,11.9257,16.2581,10.4083 
2013-11-18,1.2028,15.3150,8.8781 
2013-11-19,-2.8323,2.8615,0.0069 
2013-11-20,-2.5072,4.7392,2.8908e-04 
2013-11-21,3.7591,8.9159,0.6573 
2013-11-22,0.5988,7.3144,7.2759 
2013-11-23,-6.0068,0.1779,0.1477 
2013-11-24,-10.3389,-5.6246,0.0213 
2013-11-25,-9.6319,-1.6148,0.1926 
2013-11-26,-2.5492,1.0160,0.2507 
2013-11-27,-7.8978,0.2440,0.7619 
2013-11-28,-9.3018,-3.1264,0.7946 
2013-11-29,-6.1996,-0.9453,0.0830 
2013-11-30,-3.9858,4.2222,3.6602e-05 
2013-12-01,0.6704,5.8292,0.1422 
2013-12-02,-3.5275,2.2454,0.0494 
2013-12-03,-3.0008,3.5037,1.4687 
2013-12-04,2.4748,9.9722,1.0856 
2013-12-05,-0.4734,14.0159,0.3298 
2013-12-06,-5.6534,-1.3062,4.3033e-05 
2013-12-07,-10.8359,-5.4700,0.0322 
2013-12-08,-11.2522,-3.9104,0.2401 
2013-12-09,-3.7391,-0.8566,1.8486 
2013-12-10,-10.9326,-4.3858,0.2798 
2013-12-11,-9.1620,-6.0062,0.7861 
2013-12-12,-16.5186,-8.8121,0.1340 
2013-12-13,-8.5186,-4.8164,0.4597 
2013-12-14,-9.8653,-6.1139,13.0859 
2013-12-15,-8.5511,-4.3902,5.1079 
2013-12-16,-13.3180,-8.7609,0.4821 
2013-12-17,-11.8835,-4.2940,2.8324 
2013-12-18,-7.3991,-2.4523,0.8973 
2013-12-19,-6.2269,3.0406,0.0101 
2013-12-20,-0.1954,2.4703,3.5458 
2013-12-21,-0.5687,0.0846,9.3280 
2013-12-22,-0.5075,2.5861,26.2007 
2013-12-23,-5.9914,-0.3771,1.1891 
2013-12-24,-12.1744,-3.4262,1.1474 
2013-12-25,-12.6148,-5.7607,2.5285 
2013-12-26,-5.7250,-3.5558,3.4402 
2013-12-27,-6.5684,0.0543,0.7750 
2013-12-28,-0.0524,3.8020,8.4602e-04 
2013-12-29,-1.2457,3.2531,0.2650 
2013-12-30,-13.9123,-2.3173,0.4550 
2013-12-31,-10.9693,-8.3181,2.4198 
2014-01-01,-13.1044,-8.8946,5.1789 
2014-01-02,-12.0354,-9.4732,6.9848 
2014-01-03,-18.9702,-11.0844,0.2227 
2014-01-04,-16.4284,-2.4211,0.0766 
2014-01-05,-4.0049,-1.7000,17.7266 
2014-01-06,-16.1880,-2.2935,10.8806 
2014-01-07,-20.0251,-15.9613,0.1151 
2014-01-08,-20.0332,-12.5975,0.1062 
2014-01-09,-16.5809,-11.0345,0.0456 
2014-01-10,-10.5890,2.0230,1.2489 
2014-01-11,0.4054,4.3930,13.8432 
2014-01-12,-2.4969,0.3389,0.1171 
2014-01-13,0.3072,4.6791,4.0014e-04 
2014-01-14,-4.6498,2.4547,0.0244 
2014-01-15,-5.2523,0.6146,0.7905 
2014-01-16,-10.9891,-3.7565,3.5959 
2014-01-17,-4.5228,-1.0891,4.8561 
2014-01-18,-10.6161,-5.2079,0.4659 
2014-01-19,-12.7021,-4.2232,0.3573 
2014-01-20,-9.3826,-0.9902,0.6124 
2014-01-21,-14.8692,-10.4486,0.5631 
2014-01-22,-18.2470,-13.8831,0.5976 
2014-01-23,-14.4845,-10.6263,1.3728 
2014-01-24,-19.1932,-13.4455,0.0444 
2014-01-25,-12.7875,-2.9202,5.4280 
2014-01-26,-16.9213,-7.8333,4.7711 
2014-01-27,-15.7244,-4.9110,3.4574 
2014-01-28,-20.6554,-15.0248,0.0585 
2014-01-29,-21.4205,-9.9259,0.1610 
2014-01-30,-14.1659,-6.7706,0.0654 
2014-01-31,-6.3981,-2.0622,1.8482 
2014-02-01,-5.6488,0.3056,11.2575 
2014-02-02,-7.6464,0.1941,1.6653 
2014-02-03,-10.4751,-6.7062,0.0245 
2014-02-04,-9.7491,-6.6597,0.0090 
2014-02-05,-10.2589,-6.4935,12.8112 
2014-02-06,-15.9799,-8.3870,0.3904 
2014-02-07,-15.0321,-11.0616,0.1417 
2014-02-08,-18.9687,-10.4639,0.0949 
2014-02-09,-13.1309,-7.6548,1.3256 
2014-02-10,-12.9232,-8.3346,0.2803 
2014-02-11,-16.4644,-10.7258,0.3474 
2014-02-12,-15.7964,-9.6092,0.0152 
2014-02-13,-11.7308,-5.1266,0.0015 
2014-02-14,-9.4313,-3.4937,1.6348 
2014-02-15,-13.2045,-4.9123,0.2555 
2014-02-16,-10.6520,-7.2829,1.7088 
2014-02-17,-16.2289,-8.5129,0.3475 
2014-02-18,-7.6885,-1.2541,9.8987 
2014-02-19,-0.8688,3.3091,0.2663 
2014-02-20,-2.7194,2.1863,12.4818 
2014-02-21,-2.4732,6.1211,4.2338 
2014-02-22,-5.2029,-0.8097,0.0250 
2014-02-23,-9.5588,-2.2825,0.0079 
2014-02-24,-10.8478,-6.9281,0.1878 
2014-02-25,-12.6830,-6.2959,0.2282 
2014-02-26,-15.8428,-7.4649,0.1982 
2014-02-27,-15.7199,-10.3022,0.5281 
2014-02-28,-20.7511,-10.7550,0.0491 
2014-03-01,-11.6641,-2.6578,1.7220 
2014-03-02,-15.4001,-6.4292,7.9452 
2014-03-03,-21.0357,-12.5818,6.9504e-04 
2014-03-04,-15.7288,-8.8172,0.0195 
2014-03-05,-12.5012,-7.3770,0.0421 
2014-03-06,-13.4996,-6.5067,0.0259 
2014-03-07,-8.2136,2.7939,0.0091 
2014-03-08,-4.4966,1.6855,1.8531 
2014-03-09,-9.3759,-1.0905,2.9174e-05 
2014-03-10,-1.0176,3.8295,0.0657 
2014-03-11,2.4382,6.0560,0.1219 
2014-03-12,-11.8953,3.5131,17.5425 
2014-03-13,-17.8189,-6.3336,0.0129 
2014-03-14,-7.5928,4.9035,0.2331 
2014-03-15,-2.4939,4.6267,0.1229 
2014-03-16,-14.5396,-2.2878,0.0275 
2014-03-17,-16.2991,-4.0277,0.0888 
2014-03-18,-7.9260,5.2121,0.0087 
2014-03-19,2.1911,7.0001,3.0469 
2014-03-20,-1.4429,3.2021,0.2836 
2014-03-21,-3.2831,4.4566,0.0049 
2014-03-22,-0.7177,4.5208,5.0403 
2014-03-23,-11.9924,0.8269,0.0458 
2014-03-24,-10.3284,-2.2896,0.1849 
2014-03-25,-7.6069,-1.8619,0.5432 
2014-03-26,-10.8657,-1.0358,0.2338 
2014-03-27,-5.8586,4.6429,1.8620 
2014-03-28,3.7547,11.3578,1.9601 
2014-03-29,-3.6470,5.3005,0.0084 
2014-03-30,-5.7823,7.6728,4.6341e-08 
2014-03-31,-0.1689,10.5719,0.0000 
2014-04-01,4.5353,14.0563,0.2312 
2014-04-02,-0.4084,10.0151,1.6879e-04 
2014-04-03,-3.5789,9.0987,2.3812 
2014-04-04,3.0766,12.8076,6.2963 
2014-04-05,-3.2441,6.4087,0.8519 
2014-04-06,1.6287,11.3465,8.8441e-04 
2014-04-07,1.9572,10.1375,2.6887 
2014-04-08,1.9678,13.0386,6.1366 
2014-04-09,0.3878,11.7517,0.0577 
2014-04-10,7.1166,17.9436,0.0291 
2014-04-11,7.0065,16.3275,0.0340 
2014-04-12,10.3035,19.1335,0.0087 
2014-04-13,16.4417,22.1489,2.2456 
2014-04-14,8.9395,20.6112,0.3402 
2014-04-15,-5.7354,7.2245,6.9329 
2014-04-16,-5.3821,2.1519,0.2987 
2014-04-17,-1.9235,14.9585,1.1320e-05 
2014-04-18,7.1636,14.8339,0.5541 
2014-04-19,-1.3155,12.9783,2.9016e-04 
2014-04-20,3.2685,18.5256,4.5141e-08 
2014-04-21,13.1551,22.8597,0.0020 
2014-04-22,8.0067,22.0600,1.9966 
2014-04-23,2.4278,9.3586,0.0284 
2014-04-24,2.2096,10.1967,1.4191e-04 
2014-04-25,7.1746,12.2814,5.2826 
2014-04-26,4.8292,13.4795,9.4159e-05 
2014-04-27,0.6954,11.1049,2.5889e-04 
2014-04-28,5.3446,12.4081,0.3324 
2014-04-29,9.0181,17.6724,15.7268 
2014-04-30,10.7334,16.2744,5.4377 
2014-05-01,6.4269,13.9773,3.9686 
2014-05-02,6.2754,13.4615,1.4889 
2014-05-03,7.3172,13.1691,3.4364 
2014-05-04,6.8068,12.3488,0.2173 
2014-05-05,4.7231,11.3816,0.0150 
2014-05-06,2.6261,13.4670,2.8393e-05 
2014-05-07,7.2557,16.5940,8.2635 
2014-05-08,10.5679,26.8193,0.2305 
2014-05-09,18.9460,26.7576,1.9426 
2014-05-10,11.3576,20.8340,0.0528 
2014-05-11,13.4451,24.2448,0.0026 
2014-05-12,18.8646,24.1077,22.8063 
2014-05-13,19.3076,25.5224,12.9053 
2014-05-14,9.8676,21.9930,11.3908 
2014-05-15,5.3942,15.3502,23.6448 
2014-05-16,-0.8104,11.3565,0.0471 
2014-05-17,2.9059,10.9377,0.1038 
2014-05-18,6.2534,15.9736,0.0046 
2014-05-19,9.7598,19.1324,9.7945e-06 
2014-05-20,11.9562,22.7795,1.5460 
2014-05-21,16.7211,26.3846,4.5994 
2014-05-22,12.4183,25.5004,0.0122 
2014-05-23,8.3655,19.4803,7.8427e-04 
2014-05-24,11.7212,22.2264,5.4763e-05 
2014-05-25,17.1712,25.8652,4.0267e-06 
2014-05-26,18.8990,27.9622,2.4652e-05 
2014-05-27,20.5696,27.8299,13.1334 
2014-05-28,13.9203,20.2276,16.5477 
2014-05-29,10.0262,20.4187,0.1735 
2014-05-30,12.2268,24.1541,0.0015 
2014-05-31,14.8952,23.4394,7.4059e-06 
2014-06-01,14.8151,26.0965,0.0000 
2014-06-02,21.2182,29.1100,3.6121 
2014-06-03,20.5428,23.5146,6.5256 
2014-06-04,17.5913,23.4385,2.1233 
2014-06-05,9.3428,21.1739,0.0175 
2014-06-06,12.4180,24.1568,5.7915e-05 
2014-06-07,18.3996,25.2445,8.9972e-04 
2014-06-08,16.1326,23.5016,2.1159 
2014-06-09,12.7189,23.5580,0.0017 
2014-06-10,16.3029,22.3682,0.0019 
2014-06-11,16.7423,23.9162,6.4771 
2014-06-12,18.6291,24.8020,8.9244 
2014-06-13,14.6053,25.0625,1.5126 
2014-06-14,8.4968,20.1940,1.7522e-05 
2014-06-15,13.0403,24.2227,0.0022 
2014-06-16,20.4462,28.5828,0.0111 
2014-06-17,21.9042,29.8259,0.3107 
2014-06-18,19.3417,29.6181,12.9016 
2014-06-19,17.4932,22.7119,7.7325 
2014-06-20,12.5081,21.8147,1.3584 
2014-06-21,15.8650,23.9274,2.6646 
2014-06-22,17.5015,25.4855,0.0028 
2014-06-23,18.6725,28.1539,1.0841 
2014-06-24,19.1245,24.7894,15.4381 
2014-06-25,15.9313,22.3334,1.1728 
2014-06-26,14.1942,22.7578,1.2843e-04 
2014-06-27,18.1413,25.7773,0.0015 
2014-06-28,20.7439,29.7710,0.1961 
2014-06-29,21.9215,28.5979,4.2793 
2014-06-30,22.3593,29.2358,0.4857 
2014-07-01,23.9733,29.0500,11.4000 
2014-07-02,18.6745,25.5983,1.0946 
2014-07-03,14.2248,22.0156,3.4104 
2014-07-04,12.7185,21.1505,0.6743 
2014-07-05,18.1559,23.4967,0.0035 
2014-07-06,18.0422,26.9072,5.1913e-06 
2014-07-07,22.6347,27.4318,17.5117 
2014-07-08,19.4150,25.8350,17.0031 
2014-07-09,13.1406,21.5650,0.0403 
2014-07-10,16.1430,21.5076,5.8192e-04 
2014-07-11,15.9693,25.3838,1.2900e-04 
2014-07-12,19.8140,28.1035,0.0021 
2014-07-13,21.0728,26.6825,2.4266 
2014-07-14,18.2759,25.5534,1.3429 
2014-07-15,14.0750,21.8449,3.3540 
2014-07-16,10.9811,18.9537,0.1249 
2014-07-17,13.5568,22.0599,0.0079 
2014-07-18,18.2239,23.3907,5.8563e-04 
2014-07-19,17.8764,22.6957,0.1845 
2014-07-20,16.2961,24.4971,0.0528 
2014-07-21,20.1319,28.1690,0.0194 
2014-07-22,21.4517,31.6868,0.0016 
2014-07-23,17.6794,31.0022,0.1539 
2014-07-24,12.9659,20.8497,5.3582e-04 
2014-07-25,17.0501,24.6700,0.0185 
2014-07-26,18.8200,27.6556,0.1228 
2014-07-27,18.7023,25.8764,15.9890 
2014-07-28,14.4950,18.4942,6.2506 
2014-07-29,10.3568,19.5436,3.8040 
2014-07-30,15.0269,21.2566,3.0385 
2014-07-31,13.0258,23.5887,0.6703 
2014-08-01,19.1100,24.8252,2.5335 
2014-08-02,18.6757,25.2474,0.0094 
2014-08-03,18.9642,25.6271,0.0083 
2014-08-04,20.5563,26.1574,2.1956 
2014-08-05,19.5694,24.7168,9.4275 
2014-08-06,15.4347,23.0722,0.0924 
2014-08-07,19.1232,24.6439,0.0104 
2014-08-08,15.5986,23.7985,0.0025 
2014-08-09,16.9795,24.1597,0.0000 
2014-08-10,17.0269,26.1993,5.8324e-04 
2014-08-11,18.6692,25.3721,48.9450 
2014-08-12,18.1466,21.6631,9.0005 
2014-08-13,13.3418,21.2953,1.6026 
2014-08-14,11.2504,20.5378,7.4369e-05 
2014-08-15,9.9057,22.5987,6.7197e-07 
2014-08-16,14.1276,26.8518,0.0484 
2014-08-17,16.2862,23.2759,1.2786 
2014-08-18,13.6931,23.2924,0.0012 
2014-08-19,17.5548,26.7721,7.6319 
2014-08-20,19.0437,25.6236,9.1175 
2014-08-21,18.3018,27.7347,2.4610 
2014-08-22,19.4229,27.5847,1.1927 
2014-08-23,17.4503,25.4739,0.0015 
2014-08-24,17.2705,24.1293,0.0155 
2014-08-25,19.1315,27.7445,0.0283 
2014-08-26,22.0532,30.5511,8.0188 
2014-08-27,14.5785,29.3715,1.6058 
2014-08-28,13.2557,20.7512,3.1853e-04 
2014-08-29,14.7699,22.8032,0.0054 
2014-08-30,21.0914,28.8753,0.2002 
2014-08-31,20.1738,27.9190,3.5366 
2014-09-01,20.8653,27.4940,21.1588 
2014-09-02,19.8525,24.0741,1.4786 
2014-09-03,18.9680,24.7629,0.0058 
2014-09-04,19.9557,28.8173,0.0490 
2014-09-05,21.6167,30.4352,0.5681 
2014-09-06,15.0734,22.7358,15.3653 
2014-09-07,14.7429,21.2829,0.0039 
2014-09-08,16.6632,22.0359,1.4603e-06 
2014-09-09,17.7937,25.1924,0.0055 
2014-09-10,18.5735,24.6535,27.7738 
2014-09-11,11.5586,22.8780,1.0402 
2014-09-12,8.6808,15.2492,0.7367 
2014-09-13,9.5097,13.2144,13.9765 
2014-09-14,8.9247,14.7797,0.0048 
2014-09-15,11.8308,17.7122,0.2215 
2014-09-16,7.8880,16.7401,1.4138 
2014-09-17,10.4535,17.8695,0.0081 
2014-09-18,10.3176,16.8185,0.0332 
2014-09-19,7.9048,16.8614,0.0027 
2014-09-20,13.3448,23.9116,1.4997 
2014-09-21,11.6328,20.3794,22.5156 
2014-09-22,5.3155,14.4704,0.6648 
2014-09-23,9.5562,19.8757,0.0028 
2014-09-24,13.3351,20.3776,0.0063 
2014-09-25,13.6881,21.2348,0.0109 
2014-09-26,13.7212,21.6817,3.7567e-06 
2014-09-27,15.3865,22.1905,0.0169 
2014-09-28,16.1255,21.2188,0.0199 
2014-09-29,16.6287,23.5065,0.0460 
2014-09-30,10.0106,22.4496,7.6363 
2014-10-01,11.5078,18.4713,0.1062 
2014-10-02,13.3259,21.2930,0.4431 
2014-10-03,14.0909,21.5749,10.8751 
2014-10-04,5.6715,13.5057,5.5408 
2014-10-05,4.5191,9.6505,0.3618 
2014-10-06,6.2339,16.5864,1.4324 
2014-10-07,7.3121,15.1084,0.6922 
2014-10-08,7.7114,14.1158,0.0316 
2014-10-09,5.8847,12.6534,1.9169e-04 
2014-10-10,4.6173,12.2214,4.4867e-07 
2014-10-11,4.4714,12.0116,3.7668e-07 
2014-10-12,7.3488,13.5126,0.0000 
2014-10-13,11.5195,20.1376,2.6141 
2014-10-14,17.7108,20.4936,10.3892 
2014-10-15,12.9487,17.5978,7.5008 
2014-10-16,11.5617,16.2244,0.2958 
2014-10-17,9.5385,16.8040,0.4831 
2014-10-18,6.2535,13.9138,0.8499 
2014-10-19,0.3862,8.5068,0.0381 
2014-10-20,7.2983,14.2636,1.6447 
2014-10-21,6.8405,13.4338,2.6429 
2014-10-22,3.0823,10.9111,0.0107 
2014-10-23,3.9254,12.5349,1.6650e-04 
2014-10-24,7.6505,15.2307,0.0060 
2014-10-25,8.8803,17.1545,0.0033 
2014-10-26,6.4674,12.6485,0.0014 
2014-10-27,7.4301,19.2970,0.4812 
2014-10-28,13.4454,20.3863,4.8988 
2014-10-29,6.4619,12.5076,0.0973 
2014-10-30,2.6937,8.3482,0.0046 
2014-10-31,3.1005,7.8861,4.8056 
2014-11-01,1.4606,3.5389,1.3226 
2014-11-02,-3.1371,7.1434,3.0016e-04 
2014-11-03,1.4322,13.2686,6.9957e-05 
2014-11-04,11.3930,14.5033,0.8928 
2014-11-05,5.7037,11.3218,0.0804 
2014-11-06,5.6529,10.0226,2.5109 
2014-11-07,-1.1709,6.5138,1.2094 
2014-11-08,0.7323,5.8825,1.0965 
2014-11-09,-0.2898,6.2772,0.0130 
2014-11-10,4.3655,12.2939,0.0401 
2014-11-11,10.0883,16.1422,0.4765 
2014-11-12,-2.2813,8.4366,0.1873 
2014-11-13,-4.2278,-0.3352,0.5842 
2014-11-14,-7.3431,-0.3322,0.3001 
2014-11-15,-7.2362,-1.0583,0.1363 
2014-11-16,-4.4219,-0.4314,0.3437 
2014-11-17,-5.8588,-1.5638,2.0088 
2014-11-18,-8.9916,-6.0050,0.5720 
2014-11-19,-12.3672,-2.1665,2.2042 
2014-11-20,-6.3709,-1.8964,0.9006 
2014-11-21,-12.9925,-5.5906,0.0555 
2014-11-22,-9.2229,4.9079,2.6141 
2014-11-23,4.7409,9.3071,2.2653 
2014-11-24,2.6082,12.4473,24.5242 
2014-11-25,-2.6525,1.9766,0.1959 
2014-11-26,-5.3037,0.5115,0.0801 
2014-11-27,-4.5323,-0.3008,0.2693 
2014-11-28,-9.0050,-2.4694,0.5189 
2014-11-29,-4.1928,4.8602,0.9428 
2014-11-30,6.0274,13.7066,0.4714 
2014-12-01,-4.8760,9.0023,0.6133 
2014-12-02,-8.0142,0.3235,0.0626 
2014-12-03,-3.9901,1.4949,0.4790 
2014-12-04,-6.2477,-0.6425,0.0251 
2014-12-05,-3.0025,3.2927,0.0110 
2014-12-06,-0.0731,3.3175,0.0411 
2014-12-07,-5.4822,0.2211,3.1724e-04 
2014-12-08,-1.5579,4.1822,0.0013 
2014-12-09,0.3169,3.8199,3.8638 
2014-12-10,-2.5534,1.7889,0.1799 
2014-12-11,-7.3781,2.0943,0.0081 
2014-12-12,-4.3469,3.5196,0.0204 
2014-12-13,-3.3304,7.0657,0.0108 
2014-12-14,3.6748,9.1580,0.0731 
2014-12-15,6.9586,8.8951,0.3039 
2014-12-16,4.7451,7.9525,5.2530 
2014-12-17,-2.0723,6.9691,0.8677 
2014-12-18,-4.3089,-0.1648,0.5095 
2014-12-19,-6.4191,-0.5949,0.1898 
2014-12-20,-5.5371,-1.2410,3.2997e-04 
2014-12-21,-4.2208,0.3747,0.0189 
2014-12-22,-2.9682,2.8757,0.0021 
2014-12-23,1.5543,8.7590,2.9824 
2014-12-24,4.1962,8.5471,15.2056 
2014-12-25,1.1742,3.4055,3.3385 
2014-12-26,-0.3536,6.5969,0.0144 
2014-12-27,3.3118,9.8290,0.9825 
2014-12-28,-2.6138,8.7990,0.2917 
2014-12-29,-6.5915,-1.2168,0.0103 
2014-12-30,-10.5564,-4.9478,0.0012 
2014-12-31,-12.2046,-7.7940,0.1553 
2015-01-01,-8.4808,-6.5911,0.1339 
