Meteorological forcing data for the Large Basin Runoff Model.      
eri, 20,   <- lake basin, subbasin            
yyyy-mm-dd, Tmin(C), Tmax(C), Prec(mm)                             
2010-01-01,-5.9862,-2.7411,1.5033 
2010-01-02,-10.9297,-4.4926,1.7582 
2010-01-03,-12.0127,-6.9865,1.9578 
2010-01-04,-9.8165,-6.6898,0.5658 
2010-01-05,-8.3504,-4.2171,3.1530 
2010-01-06,-7.0040,-3.5213,0.5678 
2010-01-07,-5.7470,-2.0311,0.9456 
2010-01-08,-8.0770,-3.2758,7.3339 
2010-01-09,-13.0059,-7.5838,0.0145 
2010-01-10,-11.9198,-5.6579,0.0630 
2010-01-11,-7.7334,-5.2474,2.3507 
2010-01-12,-11.4359,-5.8564,0.5348 
2010-01-13,-8.5824,-1.9715,0.0147 
2010-01-14,-2.6269,0.5635,0.0054 
2010-01-15,0.4544,1.6269,0.4076 
2010-01-16,-3.9304,-0.0755,0.0465 
2010-01-17,-1.9962,2.3006,0.0051 
2010-01-18,-4.1142,0.9441,0.0055 
2010-01-19,-2.5292,0.1987,0.1214 
2010-01-20,-6.3309,-1.0503,0.0628 
2010-01-21,-8.5923,0.4102,0.0030 
2010-01-22,-2.7988,1.4906,0.0185 
2010-01-23,-4.8805,2.1572,6.0575e-04 
2010-01-24,1.4709,5.2122,7.7308 
2010-01-25,0.1122,6.4060,15.4711 
2010-01-26,-3.1403,0.2678,1.2475 
2010-01-27,-6.3626,-1.1371,0.7459 
2010-01-28,-9.8496,-3.7601,3.9723 
2010-01-29,-12.3879,-8.3983,0.5775 
2010-01-30,-16.2223,-9.4829,0.0219 
2010-01-31,-12.3122,-4.9244,0.3371 
2010-02-01,-10.1948,-4.8374,0.4582 
2010-02-02,-6.5670,-3.6760,0.9332 
2010-02-03,-5.8492,-0.6045,1.5368 
2010-02-04,-5.7650,-1.1528,0.0747 
2010-02-05,-4.7039,-0.8944,0.0060 
2010-02-06,-9.4667,-3.1802,0.0389 
2010-02-07,-12.7430,-3.2099,0.0096 
2010-02-08,-10.5991,-1.6806,0.0023 
2010-02-09,-9.3216,-4.2414,1.4522 
2010-02-10,-4.2767,-1.8396,8.6696 
2010-02-11,-9.6336,-2.6334,0.1211 
2010-02-12,-8.1285,-2.7759,0.1187 
2010-02-13,-8.2703,-3.2129,0.3476 
2010-02-14,-5.7822,-2.1770,1.2472 
2010-02-15,-6.3130,-1.8676,0.9051 
2010-02-16,-6.9869,-1.8102,0.4194 
2010-02-17,-5.3614,-0.8634,0.5515 
2010-02-18,-3.5683,-0.7792,0.2333 
2010-02-19,-4.0781,0.3615,0.0308 
2010-02-20,-6.1261,1.0483,4.6315e-04 
2010-02-21,-4.2123,2.1235,5.5227e-06 
2010-02-22,-4.8653,1.0676,10.4454 
2010-02-23,-1.6637,0.8790,2.5615 
2010-02-24,-3.2831,0.1309,0.3512 
2010-02-25,-4.7809,-0.4666,1.0360 
2010-02-26,-5.7285,1.3411,5.1430 
2010-02-27,-2.7967,1.1475,2.8934 
2010-02-28,-3.1483,2.6979,0.8563 
2010-03-01,-3.5485,1.7827,0.0056 
2010-03-02,-6.2058,0.7186,0.0078 
2010-03-03,-4.3332,2.9420,0.0013 
2010-03-04,-5.7842,1.9634,3.6216e-05 
2010-03-05,-5.5929,2.2922,7.1890e-05 
2010-03-06,-6.2730,3.0630,9.8205e-04 
2010-03-07,-3.2898,3.8364,0.0012 
2010-03-08,-1.4360,6.2991,0.0000 
2010-03-09,3.1577,7.9176,0.0623 
2010-03-10,3.5216,11.1669,0.0098 
2010-03-11,4.1004,12.5319,0.0149 
2010-03-12,6.7287,12.1875,0.3978 
2010-03-13,2.2595,8.6034,14.9119 
2010-03-14,1.4864,4.4054,10.5974 
2010-03-15,2.8382,9.2720,0.1635 
2010-03-16,2.4277,12.5903,0.0015 
2010-03-17,5.5893,13.4365,5.5139e-05 
2010-03-18,5.0975,11.9364,5.4349e-05 
2010-03-19,4.9210,11.9575,6.8918e-07 
2010-03-20,1.6503,11.2999,0.0054 
2010-03-21,-1.2217,8.7157,0.3456 
2010-03-22,0.3430,6.4638,3.6653 
2010-03-23,3.3273,6.9758,3.7741 
2010-03-24,-1.3850,11.2320,0.0255 
2010-03-25,2.5307,8.6775,1.2741 
2010-03-26,-7.7928,1.5725,0.0059 
2010-03-27,-3.6819,4.8511,0.0020 
2010-03-28,3.0419,5.6763,7.2522 
2010-03-29,3.9338,10.3526,5.0848 
2010-03-30,-0.9815,11.6474,0.0039 
2010-03-31,4.8392,11.7701,5.8041e-04 
2010-04-01,7.9909,19.1736,2.0019e-04 
2010-04-02,11.5974,22.4950,1.2210e-06 
2010-04-03,14.4211,24.1820,0.0362 
2010-04-04,7.0157,15.2831,0.0325 
2010-04-05,9.1876,19.1996,0.1733 
2010-04-06,9.2406,19.7271,17.0312 
2010-04-07,13.9766,19.1145,7.6502 
2010-04-08,7.1019,15.1199,32.9788 
2010-04-09,-1.5222,6.9033,0.1808 
2010-04-10,-1.2180,11.8476,0.0095 
2010-04-11,6.5789,13.9274,0.0393 
2010-04-12,5.6043,12.9194,1.4712e-05 
2010-04-13,6.6712,13.0578,0.6283 
2010-04-14,6.5647,15.4795,9.1008e-06 
2010-04-15,10.1960,20.3198,3.6848e-04 
2010-04-16,14.5199,18.7123,0.8568 
2010-04-17,1.9800,12.5049,1.0982 
2010-04-18,2.7980,12.2499,0.1081 
2010-04-19,2.8710,14.5523,5.4567e-04 
2010-04-20,7.2219,14.3574,7.3273e-04 
2010-04-21,9.3171,15.5618,0.0071 
2010-04-22,1.5125,13.8967,2.8449e-04 
2010-04-23,2.1293,12.7486,6.3516e-06 
2010-04-24,8.3683,16.8514,0.0467 
2010-04-25,8.5701,13.2598,15.3539 
2010-04-26,7.8494,15.0482,2.3331 
2010-04-27,1.3362,14.3043,0.0049 
2010-04-28,0.9449,10.8014,8.6712e-04 
2010-04-29,5.6607,15.0717,6.0977e-04 
2010-04-30,9.9996,22.3658,0.0041 
2010-05-01,15.0154,21.9383,3.3453 
2010-05-02,16.2346,19.4611,0.4048 
2010-05-03,15.2425,19.4371,6.7668 
2010-05-04,11.6099,17.8881,1.3611 
2010-05-05,12.5814,23.2664,6.0475 
2010-05-06,10.8392,15.1125,9.5573 
2010-05-07,6.4537,12.8054,3.9025 
2010-05-08,2.9749,12.5117,19.9268 
2010-05-09,0.4589,6.1961,0.2338 
2010-05-10,-0.5025,11.2849,9.5851e-04 
2010-05-11,5.8055,10.3921,15.3803 
2010-05-12,5.4327,12.0523,2.8461 
2010-05-13,5.4964,12.4435,10.3003 
2010-05-14,11.5765,16.1210,20.1260 
2010-05-15,6.4762,15.5685,0.0040 
2010-05-16,5.8086,17.4754,3.4472e-04 
2010-05-17,10.8852,17.9322,0.0319 
2010-05-18,11.0524,17.3876,0.7295 
2010-05-19,9.2958,21.3119,0.0382 
2010-05-20,14.8840,25.4930,0.0193 
2010-05-21,17.7225,24.4828,0.0119 
2010-05-22,16.3336,22.5802,13.8421 
2010-05-23,14.7781,22.4563,0.1427 
2010-05-24,16.8234,26.1908,0.0055 
2010-05-25,18.7965,26.2400,2.5994e-04 
2010-05-26,21.9731,28.1342,0.0042 
2010-05-27,20.9912,28.0288,0.0519 
2010-05-28,18.9718,26.1694,0.0991 
2010-05-29,18.7514,25.4410,0.0900 
2010-05-30,17.4423,26.0675,0.0604 
2010-05-31,20.3618,27.9214,0.1341 
2010-06-01,18.0787,24.1888,14.9087 
2010-06-02,17.6038,25.1434,7.8483 
2010-06-03,16.4889,22.3613,3.2289 
2010-06-04,14.6068,22.5025,1.1373 
2010-06-05,17.4243,24.3116,8.3398 
2010-06-06,12.6315,22.4903,42.5567 
2010-06-07,9.4948,17.4325,0.5063 
2010-06-08,8.7716,18.2678,2.1414e-04 
2010-06-09,13.0629,21.4882,8.0103 
2010-06-10,14.0063,21.8484,0.4953 
2010-06-11,13.2796,21.6491,0.0490 
2010-06-12,18.3157,24.9784,0.9563 
2010-06-13,17.1282,22.6948,2.9639 
2010-06-14,16.3590,23.7417,0.0854 
2010-06-15,16.7168,22.9121,0.0798 
2010-06-16,18.9479,22.9764,7.2260 
2010-06-17,12.6771,22.3799,0.1729 
2010-06-18,16.5713,24.0979,0.0056 
2010-06-19,20.5507,25.9004,0.0569 
2010-06-20,19.3802,24.8015,0.1004 
2010-06-21,16.2885,24.6199,0.0340 
2010-06-22,18.9537,26.0989,2.6828 
2010-06-23,21.6490,27.2442,0.1908 
2010-06-24,19.9165,26.5925,3.7852 
2010-06-25,15.0498,23.6004,0.0311 
2010-06-26,17.8238,24.7467,0.0451 
2010-06-27,18.7546,26.5523,0.4581 
2010-06-28,19.9784,24.1925,14.5977 
2010-06-29,12.9049,23.6159,0.0923 
2010-06-30,10.3514,17.1503,1.8852e-04 
2010-07-01,10.8969,20.2930,2.6381e-04 
2010-07-02,13.7446,20.9347,4.6162e-06 
2010-07-03,17.2603,24.2240,0.0000 
2010-07-04,20.3277,26.6899,1.2166e-05 
2010-07-05,22.4319,29.2751,1.4269e-04 
2010-07-06,25.0816,29.1207,0.0013 
2010-07-07,24.6568,30.3349,0.0090 
2010-07-08,24.6228,29.8980,0.0019 
2010-07-09,20.5686,28.7362,24.8022 
2010-07-10,17.5435,26.3078,0.0201 
2010-07-11,21.2221,26.1591,0.0358 
2010-07-12,19.9380,25.4178,4.2309 
2010-07-13,19.4471,26.0447,0.0885 
2010-07-14,19.0900,26.3298,0.0643 
2010-07-15,22.1769,28.0996,0.0527 
2010-07-16,20.4582,27.9252,18.8594 
2010-07-17,22.0247,27.2730,0.1995 
2010-07-18,19.0347,26.9680,0.0691 
2010-07-19,19.5870,26.8221,11.8682 
2010-07-20,17.9752,25.3030,0.7823 
2010-07-21,20.7947,25.1615,0.3192 
2010-07-22,20.0548,25.1677,0.1192 
2010-07-23,17.6003,29.3485,16.8535 
2010-07-24,22.5438,29.2634,6.0152 
2010-07-25,18.4708,26.2539,1.2066 
2010-07-26,16.9156,26.2633,0.0077 
2010-07-27,20.4807,26.0679,0.0137 
2010-07-28,20.5863,27.5823,6.3964 
2010-07-29,15.8328,23.3269,2.8680 
2010-07-30,15.7671,24.1045,0.0588 
2010-07-31,17.1046,24.0580,0.2585 
2010-08-01,16.4835,25.6926,0.0695 
2010-08-02,20.2868,25.4762,0.0172 
2010-08-03,22.4935,27.4311,0.0490 
2010-08-04,22.8882,27.8980,0.2608 
2010-08-05,20.5663,26.8883,9.4935 
2010-08-06,16.7124,22.2520,1.0204 
2010-08-07,14.5092,20.9225,1.1666 
2010-08-08,19.4779,26.2330,0.4296 
2010-08-09,22.0842,27.1203,2.0359 
2010-08-10,20.7372,27.5893,1.2000 
2010-08-11,20.5897,27.3916,0.0081 
2010-08-12,21.2034,27.4402,0.3601 
2010-08-13,20.0710,27.3029,0.0073 
2010-08-14,21.9216,29.6103,0.0397 
2010-08-15,22.5825,28.8427,1.4644 
2010-08-16,18.8211,26.7912,0.5568 
2010-08-17,17.5147,25.4576,0.0025 
2010-08-18,17.3228,24.8108,0.2378 
2010-08-19,19.9017,25.7119,0.1139 
2010-08-20,15.4202,23.9432,0.1252 
2010-08-21,20.3163,28.0651,1.6683 
2010-08-22,19.2805,24.7174,46.5044 
2010-08-23,17.9749,22.0461,1.4500 
2010-08-24,15.8449,22.9730,0.3651 
2010-08-25,17.0713,22.1973,0.3375 
2010-08-26,13.4630,21.0293,0.0405 
2010-08-27,12.4602,20.9113,4.2648e-04 
2010-08-28,18.5188,24.0964,1.3336e-04 
2010-08-29,20.8282,26.9134,0.0000 
2010-08-30,23.4696,29.4981,7.5829e-06 
2010-08-31,24.0902,28.7775,5.9939e-05 
2010-09-01,22.6491,27.3977,0.0076 
2010-09-02,22.5050,26.8623,0.5366 
2010-09-03,18.6425,24.7850,7.9675 
2010-09-04,12.2626,20.1887,0.2830 
2010-09-05,10.2905,17.4939,0.2870 
2010-09-06,16.3233,22.8429,0.2829 
2010-09-07,20.0084,26.3496,0.2485 
2010-09-08,14.0901,22.2738,0.4259 
2010-09-09,12.5930,15.9741,0.3576 
2010-09-10,9.8598,18.5436,0.0142 
2010-09-11,13.0625,20.1330,0.8810 
2010-09-12,13.2812,19.6804,3.5733 
2010-09-13,16.0827,21.8474,0.4876 
2010-09-14,10.4762,19.6860,0.0069 
2010-09-15,9.9807,17.3026,0.0027 
2010-09-16,14.3242,21.0900,20.6542 
2010-09-17,9.3945,17.3291,0.2229 
2010-09-18,13.3587,19.6593,0.2248 
2010-09-19,9.6215,18.4761,0.1087 
2010-09-20,7.6238,17.0718,0.0198 
2010-09-21,14.1384,24.7329,0.0115 
2010-09-22,19.0220,24.0181,9.9193 
2010-09-23,12.0830,23.1636,0.0941 
2010-09-24,22.0775,25.9850,0.1149 
2010-09-25,12.8582,23.0043,0.1322 
2010-09-26,7.9037,14.2171,0.5223 
2010-09-27,10.2063,16.7426,2.4368 
2010-09-28,12.9667,14.5789,20.4732 
2010-09-29,11.1107,16.6435,1.0140 
2010-09-30,14.7946,19.1129,0.1182 
2010-10-01,9.4805,15.6662,0.0051 
2010-10-02,7.8034,11.1104,7.8545 
2010-10-03,5.1687,9.6372,14.0061 
2010-10-04,4.7247,11.1890,1.0642 
2010-10-05,7.6912,13.3340,12.1864 
2010-10-06,9.6969,15.3686,3.9135 
2010-10-07,10.4803,16.0248,0.2501 
2010-10-08,9.4748,18.5802,0.0469 
2010-10-09,11.2546,17.8363,0.0537 
2010-10-10,10.6437,19.8601,0.0833 
2010-10-11,13.2733,17.9850,1.8575 
2010-10-12,4.9719,14.5469,4.1338 
2010-10-13,8.3055,13.6183,0.4296 
2010-10-14,9.3038,12.3801,20.5891 
2010-10-15,6.6677,12.4925,0.6279 
2010-10-16,5.3699,12.6120,0.0065 
2010-10-17,7.6021,13.3681,0.0016 
2010-10-18,7.2418,10.0973,0.0316 
2010-10-19,4.5587,11.0336,0.0438 
2010-10-20,6.7088,14.2361,0.0113 
2010-10-21,5.9635,13.6853,8.3354 
2010-10-22,2.8630,8.8837,2.5441 
2010-10-23,7.5114,15.3224,1.0564 
2010-10-24,12.2090,17.6827,1.4757 
2010-10-25,14.6812,17.7517,4.3575 
2010-10-26,14.1067,20.5404,7.8328 
2010-10-27,11.5355,15.9969,2.0524 
2010-10-28,7.4173,14.9287,0.0743 
2010-10-29,5.3375,8.6412,1.1821 
2010-10-30,4.8216,10.5712,6.7008e-04 
2010-10-31,1.5352,9.5704,0.1778 
2010-11-01,-1.7416,5.4191,0.0056 
2010-11-02,0.3101,6.0150,0.0037 
2010-11-03,2.4865,7.8177,0.0755 
2010-11-04,5.3160,8.5610,0.7652 
2010-11-05,2.6433,7.2279,3.6449 
2010-11-06,-1.6185,4.6807,0.2276 
2010-11-07,1.1116,6.7675,0.0274 
2010-11-08,4.5713,9.8821,1.3166e-04 
2010-11-09,2.6096,9.1090,0.0432 
2010-11-10,3.0659,9.4497,0.0010 
2010-11-11,2.9702,10.2697,0.0427 
2010-11-12,4.6195,12.5494,0.0426 
2010-11-13,4.0724,11.2937,0.4010 
2010-11-14,5.8159,10.5780,0.7628 
2010-11-15,4.4389,8.1738,0.0174 
2010-11-16,4.8756,10.0857,3.5561 
2010-11-17,5.1574,11.5379,19.1947 
2010-11-18,2.9854,7.2545,1.5078 
2010-11-19,-0.9861,5.9417,0.3960 
2010-11-20,2.2713,6.8028,0.0030 
2010-11-21,-1.6043,10.9869,0.2839 
2010-11-22,11.5461,13.5899,19.9778 
2010-11-23,0.7830,15.2541,11.3704 
2010-11-24,-1.5933,2.6941,0.0088 
2010-11-25,1.1499,9.5769,3.6420 
2010-11-26,-5.9681,10.7970,13.8824 
2010-11-27,-3.1303,2.4671,0.2276 
2010-11-28,-3.8295,2.0065,0.0383 
2010-11-29,1.5578,5.9424,0.4802 
2010-11-30,4.6719,11.1504,20.2413 
2010-12-01,-2.5423,10.4285,14.8654 
2010-12-02,-3.4283,-0.9303,0.2761 
2010-12-03,-5.4328,0.6561,0.4653 
2010-12-04,-4.4815,-0.6263,0.2259 
2010-12-05,-6.9374,-1.3059,1.1155 
2010-12-06,-3.8360,-2.2886,12.2388 
2010-12-07,-4.5905,-3.2307,5.6259 
2010-12-08,-5.6968,-4.0969,3.2015 
2010-12-09,-8.2327,-4.5466,1.6220 
2010-12-10,-4.6888,2.4180,0.6182 
2010-12-11,-1.4764,2.5328,0.3847 
2010-12-12,1.1406,2.2348,14.3951 
2010-12-13,-8.9571,0.8284,3.2644 
2010-12-14,-10.1189,-6.5793,1.1079 
2010-12-15,-7.7576,-3.9119,2.8958 
2010-12-16,-10.9287,-4.7011,0.3517 
2010-12-17,-8.9379,-2.9805,0.1645 
2010-12-18,-7.6423,-3.9706,0.2393 
2010-12-19,-7.8582,-4.2995,1.2574 
2010-12-20,-6.2855,-1.1195,1.0840 
2010-12-21,-7.7090,-2.8650,0.0765 
2010-12-22,-9.3623,-2.9062,0.0592 
2010-12-23,-5.5753,-2.0045,0.0463 
2010-12-24,-6.0832,-3.0813,0.0399 
2010-12-25,-7.2033,-4.2791,0.0101 
2010-12-26,-8.0047,-5.5359,0.0879 
2010-12-27,-10.5755,-3.3834,0.0082 
2010-12-28,-7.1095,-3.4103,0.0715 
2010-12-29,-6.9921,-1.9646,0.0463 
2010-12-30,-2.6389,3.2332,0.6185 
2010-12-31,2.8442,4.9536,3.0003 
2011-01-01,4.9447,7.4478,12.3117 
2011-01-02,-8.5862,3.1241,0.4839 
2011-01-03,-8.6039,-2.1968,0.2436 
2011-01-04,-2.2495,-0.2006,5.7111 
2011-01-05,-8.1634,-0.7273,0.8764 
2011-01-06,-7.6310,-2.9700,2.1214 
2011-01-07,-11.2756,-3.1732,1.9500 
2011-01-08,-9.2651,-5.6755,2.4332 
2011-01-09,-10.1392,-4.4573,0.4460 
2011-01-10,-9.0293,-4.3548,0.5843 
2011-01-11,-10.2352,-4.4337,2.4600 
2011-01-12,-8.7164,-5.0804,9.0560 
2011-01-13,-10.8789,-5.3093,0.9836 
2011-01-14,-8.5699,-5.4774,1.0351 
2011-01-15,-7.8795,-2.8697,6.9040 
2011-01-16,-9.1875,-3.9770,0.6034 
2011-01-17,-15.3852,-6.9592,0.0115 
2011-01-18,-6.0496,1.8944,2.7702 
2011-01-19,-7.3368,0.7633,0.9410 
2011-01-20,-9.9695,-6.9777,0.9672 
2011-01-21,-10.9066,-7.4477,3.3006 
2011-01-22,-17.0599,-11.1223,1.7216 
2011-01-23,-17.0668,-11.7326,1.8407 
2011-01-24,-18.5257,-9.1189,1.2160 
2011-01-25,-8.5905,-1.6359,2.1747 
2011-01-26,-6.6348,-2.0356,0.0398 
2011-01-27,-4.9998,-2.6159,0.8213 
2011-01-28,-6.2265,-2.4494,2.8523 
2011-01-29,-7.2925,-2.9804,6.2877 
2011-01-30,-8.8334,-4.3905,0.5009 
2011-01-31,-16.0763,-6.1673,0.0749 
2011-02-01,-10.5819,-7.3954,2.0654 
2011-02-02,-8.5405,-3.0745,19.6539 
2011-02-03,-13.1258,-7.3134,0.1793 
2011-02-04,-14.5734,-8.8385,0.0032 
2011-02-05,-10.9217,-3.3887,8.6791 
2011-02-06,-9.0983,-4.1463,4.8816 
2011-02-07,-4.1637,-0.1512,0.8076 
2011-02-08,-11.2399,-0.9265,0.3934 
2011-02-09,-14.5755,-10.7521,0.0125 
2011-02-10,-19.3206,-11.6703,0.0108 
2011-02-11,-18.0529,-8.2251,0.6754 
2011-02-12,-7.9335,-3.7277,5.1577 
2011-02-13,-7.6436,2.1699,4.0563 
2011-02-14,-3.1659,3.7424,0.1249 
2011-02-15,-11.4399,-3.9240,0.0358 
2011-02-16,-8.7575,2.6715,0.2860 
2011-02-17,2.2716,5.7573,0.4594 
2011-02-18,2.4092,6.7134,0.0935 
2011-02-19,-6.2230,1.9864,0.1079 
2011-02-20,-8.8612,-2.8187,0.1108 
2011-02-21,-9.0848,-3.4193,14.8550 
2011-02-22,-11.4903,-7.0296,0.2130 
2011-02-23,-10.6540,-2.6783,0.0110 
2011-02-24,-4.2499,0.8068,4.5770 
2011-02-25,-3.7903,-0.7282,6.2336 
2011-02-26,-8.9556,-2.3454,2.7355 
2011-02-27,-4.8544,1.3779,3.4894 
2011-02-28,-2.5174,2.3903,19.6693 
2011-03-01,-7.9667,-0.9401,0.0031 
2011-03-02,-8.2008,0.3501,0.0755 
2011-03-03,-12.4660,-3.9143,0.1583 
2011-03-04,-4.0495,3.7405,1.2011 
2011-03-05,3.5167,5.9807,31.1636 
2011-03-06,-3.9773,3.9749,10.1180 
2011-03-07,-11.1977,-0.7800,0.0026 
2011-03-08,-6.7644,2.6080,0.0104 
2011-03-09,-0.1324,3.1068,12.6138 
2011-03-10,3.1835,6.8092,13.1932 
2011-03-11,-0.2065,2.7895,17.7046 
2011-03-12,-4.3204,3.9235,3.3401 
2011-03-13,-0.9963,1.7206,0.6830 
2011-03-14,-8.2115,0.1917,0.0218 
2011-03-15,-2.5915,5.2023,0.6451 
2011-03-16,2.7686,7.3902,6.3950 
2011-03-17,2.0169,10.7518,0.0117 
2011-03-18,6.5936,12.0492,0.0122 
2011-03-19,-1.9998,6.5173,0.0216 
2011-03-20,-5.1584,5.6050,6.0272e-04 
2011-03-21,4.1221,10.6046,17.0015 
2011-03-22,-0.8171,5.9434,0.0270 
2011-03-23,-4.7473,3.4705,14.5692 
2011-03-24,-6.4745,-1.7534,0.1373 
2011-03-25,-11.2486,-2.7488,0.1659 
2011-03-26,-12.2066,-2.4368,0.0036 
2011-03-27,-10.3337,-2.0399,7.8743e-04 
2011-03-28,-10.2471,-0.8766,0.0032 
2011-03-29,-7.7381,2.5653,0.0042 
2011-03-30,-3.8269,3.1592,0.2633 
2011-03-31,-1.5388,3.6764,1.7509 
2011-04-01,-0.0065,6.1496,0.0895 
2011-04-02,0.0626,7.4589,0.0050 
2011-04-03,-0.4706,5.8031,3.5185 
2011-04-04,0.8746,13.6420,25.3989 
2011-04-05,-0.1031,11.0459,3.2088 
2011-04-06,-0.5518,2.9255,8.7736 
2011-04-07,-0.0189,8.7729,0.1507 
2011-04-08,3.0173,7.4366,0.0871 
2011-04-09,2.2340,10.4929,0.0051 
2011-04-10,6.7237,19.0194,0.1047 
2011-04-11,13.7787,18.5765,0.1753 
2011-04-12,3.4148,12.8508,0.0036 
2011-04-13,4.9142,12.1866,0.2244 
2011-04-14,5.8878,11.2772,0.0574 
2011-04-15,-1.0044,9.7414,0.0271 
2011-04-16,5.7396,10.9441,18.4584 
2011-04-17,1.2723,8.9673,1.9762 
2011-04-18,-1.9999,4.0322,3.2405 
2011-04-19,-1.3579,5.5050,0.4251 
2011-04-20,3.6924,10.0739,17.4191 
2011-04-21,-1.2459,7.0661,0.8916 
2011-04-22,1.1218,6.6052,1.0049 
2011-04-23,4.7951,17.0992,23.8705 
2011-04-24,5.9783,16.5600,0.7583 
2011-04-25,7.3324,12.6571,12.1973 
2011-04-26,7.1779,20.7959,7.0381 
2011-04-27,13.1016,21.8039,4.7274 
2011-04-28,8.4999,15.0875,7.8135 
2011-04-29,2.9151,9.0310,0.3137 
2011-04-30,3.2001,14.4615,0.0939 
2011-05-01,11.0247,13.9997,6.5502 
2011-05-02,8.6953,14.1366,2.5459 
2011-05-03,4.7836,11.8758,12.3411 
2011-05-04,2.9327,11.5263,0.2365 
2011-05-05,4.5186,14.5218,0.0491 
2011-05-06,7.6223,13.3983,3.8359 
2011-05-07,7.6096,14.6116,1.1015 
2011-05-08,6.4913,16.0488,0.1042 
2011-05-09,9.2937,16.1161,0.0064 
2011-05-10,9.8939,17.1729,0.0535 
2011-05-11,11.0395,21.3154,0.0139 
2011-05-12,12.7144,23.1559,0.1688 
2011-05-13,15.2056,24.5160,0.3900 
2011-05-14,15.4329,20.8103,1.3580 
2011-05-15,7.3988,15.3980,17.3630 
2011-05-16,5.3366,8.8079,8.4149 
2011-05-17,6.1722,12.4694,3.2050 
2011-05-18,11.3783,20.1065,4.5647 
2011-05-19,11.7485,16.8156,8.3599 
2011-05-20,10.5738,19.9278,0.5858 
2011-05-21,15.0409,22.5089,0.1996 
2011-05-22,17.0239,23.0073,2.6636 
2011-05-23,16.3969,22.7821,1.9499 
2011-05-24,15.9145,18.1668,0.9149 
2011-05-25,8.8482,21.5071,0.1581 
2011-05-26,13.8507,20.2519,36.2340 
2011-05-27,11.7170,17.3061,15.1181 
2011-05-28,11.5422,19.1689,1.1346 
2011-05-29,15.5116,23.1770,2.0754 
2011-05-30,17.9867,24.6837,12.1553 
2011-05-31,19.0691,26.7950,0.0148 
2011-06-01,21.3964,26.0133,0.0019 
2011-06-02,9.9142,20.3334,1.4909e-05 
2011-06-03,10.1510,19.5676,0.0999 
2011-06-04,15.8584,24.2797,7.9534 
2011-06-05,16.8586,24.8276,0.9274 
2011-06-06,16.6789,24.5803,0.0351 
2011-06-07,19.2295,28.1138,16.7094 
2011-06-08,20.6314,29.2209,0.1654 
2011-06-09,20.8403,28.4071,0.2425 
2011-06-10,11.6102,24.0189,0.0100 
2011-06-11,13.4693,23.1249,0.0663 
2011-06-12,11.3759,22.7427,0.2619 
2011-06-13,10.4143,19.0790,0.0251 
2011-06-14,11.4607,20.1050,0.0616 
2011-06-15,15.3342,23.7288,0.0020 
2011-06-16,17.2974,22.9084,0.4729 
2011-06-17,14.9348,22.6339,0.5361 
2011-06-18,17.7876,25.5462,0.0267 
2011-06-19,14.7785,24.4281,0.0082 
2011-06-20,15.6243,24.5636,0.0098 
2011-06-21,18.5630,26.3514,0.2804 
2011-06-22,19.1352,26.1796,13.6066 
2011-06-23,18.0074,24.6358,13.7614 
2011-06-24,17.5998,19.9139,5.5253 
2011-06-25,15.0772,19.5548,0.5662 
2011-06-26,14.4137,22.3062,0.0495 
2011-06-27,17.3724,24.7375,0.0140 
2011-06-28,17.9871,24.4573,0.0814 
2011-06-29,14.1006,20.6361,0.0293 
2011-06-30,15.1005,23.2226,1.8048e-04 
2011-07-01,17.3211,24.3383,2.0995e-04 
2011-07-02,20.0589,24.3158,1.0297 
2011-07-03,19.1024,26.2444,3.8238 
2011-07-04,19.3508,24.9518,1.1840e-04 
2011-07-05,19.3651,25.0159,2.1255e-04 
2011-07-06,21.1530,26.5834,0.0233 
2011-07-07,18.7506,25.1175,0.0196 
2011-07-08,18.9902,26.1645,0.0746 
2011-07-09,16.5962,25.9507,0.0457 
2011-07-10,21.1055,28.2312,0.0206 
2011-07-11,23.8273,29.7075,0.0152 
2011-07-12,20.4889,29.2673,0.0391 
2011-07-13,16.0454,25.9971,0.0097 
2011-07-14,16.4046,25.1303,0.0415 
2011-07-15,19.4687,27.3057,5.9430e-04 
2011-07-16,20.6671,27.9561,1.1936e-04 
2011-07-17,23.1560,29.1035,0.0000 
2011-07-18,23.4825,30.1975,1.3428 
2011-07-19,20.6774,28.9581,1.0085 
2011-07-20,21.8968,30.2549,0.0179 
2011-07-21,25.9045,33.1861,0.0123 
2011-07-22,22.0106,30.7946,0.0059 
2011-07-23,24.4920,30.2648,0.0620 
2011-07-24,20.8302,26.2261,4.6528 
2011-07-25,20.5774,26.2285,0.0267 
2011-07-26,20.1470,24.5735,0.0115 
2011-07-27,16.7458,24.0146,0.0042 
2011-07-28,20.7518,27.3048,12.3415 
2011-07-29,20.8563,27.5896,17.1944 
2011-07-30,18.7820,28.1635,0.0668 
2011-07-31,23.6896,29.0176,1.0005 
2011-08-01,22.7332,27.9907,0.3526 
2011-08-02,20.2379,26.5831,0.0534 
2011-08-03,20.4322,25.8346,6.2357 
2011-08-04,17.7761,25.5690,0.6587 
2011-08-05,20.1911,27.2540,0.0165 
2011-08-06,20.3596,27.4651,1.3674 
2011-08-07,20.3708,26.6626,3.5540 
2011-08-08,19.6200,25.2250,2.2025 
2011-08-09,18.9780,23.6946,29.8130 
2011-08-10,17.2676,20.8316,0.4702 
2011-08-11,14.3688,22.5177,0.1161 
2011-08-12,19.2894,24.6009,1.6986e-04 
2011-08-13,21.1916,24.5683,0.0127 
2011-08-14,19.4506,24.5527,11.6058 
2011-08-15,16.3274,23.5833,3.0449 
2011-08-16,16.5472,26.3453,0.0113 
2011-08-17,20.7166,25.5997,0.0216 
2011-08-18,20.8866,25.2505,0.9301 
2011-08-19,19.3504,25.7389,0.3947 
2011-08-20,21.4366,25.8762,1.5316 
2011-08-21,17.4863,24.7686,6.7947 
2011-08-22,13.6359,19.9575,0.6665 
2011-08-23,17.0497,22.7179,0.0093 
2011-08-24,18.1548,26.5727,0.3068 
2011-08-25,18.6612,26.6611,33.1557 
2011-08-26,15.9154,22.0178,0.0483 
2011-08-27,16.8670,25.0618,0.0028 
2011-08-28,16.5255,23.9275,0.0570 
2011-08-29,14.2656,22.2601,0.0959 
2011-08-30,17.6998,23.2888,0.0339 
2011-08-31,19.9127,22.6384,0.0116 
2011-09-01,18.2402,25.7845,4.2227 
2011-09-02,20.9157,27.4608,0.0099 
2011-09-03,22.7565,28.6556,0.0318 
2011-09-04,22.1741,27.1926,7.1556 
2011-09-05,14.9013,22.2881,3.5704 
2011-09-06,10.2758,16.2800,0.0341 
2011-09-07,13.3606,16.5799,3.8193 
2011-09-08,15.9127,18.8587,2.0260 
2011-09-09,15.6545,23.8640,0.4556 
2011-09-10,16.3326,22.7865,0.4187 
2011-09-11,15.6640,22.0381,0.2661 
2011-09-12,17.2026,23.0054,0.1868 
2011-09-13,19.6762,23.1926,0.1329 
2011-09-14,10.9225,19.5408,0.0335 
2011-09-15,8.9134,14.6215,3.0020 
2011-09-16,8.4464,13.3759,0.0355 
2011-09-17,9.8342,15.3384,0.0062 
2011-09-18,9.9367,17.2042,0.0015 
2011-09-19,14.4666,17.5045,9.3630 
2011-09-20,11.6973,18.0612,10.9087 
2011-09-21,14.8479,19.4418,13.8959 
2011-09-22,15.7220,19.1454,1.1644 
2011-09-23,13.7585,17.2065,4.4741 
2011-09-24,10.1853,17.7271,0.1804 
2011-09-25,14.3761,20.1527,0.2034 
2011-09-26,16.5326,22.8963,6.6573 
2011-09-27,15.5963,19.6245,19.0321 
2011-09-28,15.4894,18.9075,1.0368 
2011-09-29,13.3379,16.4756,7.2485 
2011-09-30,8.5909,14.7891,20.4671 
2011-10-01,6.1053,10.9567,4.6732 
2011-10-02,2.4603,8.8038,4.7297 
2011-10-03,6.4820,13.3334,3.2413 
2011-10-04,9.5497,18.4363,0.3833 
2011-10-05,12.2334,18.8148,0.0015 
2011-10-06,10.9882,16.5572,0.0012 
2011-10-07,13.1039,19.6416,8.7819e-04 
2011-10-08,15.0752,20.7224,0.0022 
2011-10-09,16.1389,22.0208,0.0022 
2011-10-10,16.5341,22.9481,0.0013 
2011-10-11,17.0350,22.4891,5.5319e-04 
2011-10-12,14.0102,19.5101,11.7419 
2011-10-13,13.5760,17.5786,7.4668 
2011-10-14,11.4489,17.1695,26.2870 
2011-10-15,7.7911,11.1556,0.5811 
2011-10-16,9.2853,12.7115,2.3703 
2011-10-17,7.6070,12.0950,0.0928 
2011-10-18,6.9304,12.3142,0.0146 
2011-10-19,8.3809,13.6494,12.5417 
2011-10-20,8.1813,11.5073,18.2399 
2011-10-21,5.3198,9.4165,3.6012 
2011-10-22,5.3822,9.7900,0.0890 
2011-10-23,8.2448,12.8333,0.0017 
2011-10-24,10.3910,12.6653,2.6825 
2011-10-25,4.7238,11.2974,1.0591 
2011-10-26,7.0503,10.9582,5.9688 
2011-10-27,2.0762,6.6703,4.6691 
2011-10-28,1.1890,7.4433,0.0296 
2011-10-29,4.4614,6.8953,0.3535 
2011-10-30,2.8621,8.1398,0.0757 
2011-10-31,7.2142,8.6710,0.2540 
2011-11-01,6.8289,10.3333,1.9145 
2011-11-02,8.8024,13.6682,1.4391e-04 
2011-11-03,8.5740,13.1319,0.0108 
2011-11-04,1.1474,7.9612,0.0011 
2011-11-05,1.6173,7.5462,6.2037e-04 
2011-11-06,6.3081,11.8800,8.2576e-04 
2011-11-07,9.4008,14.0397,0.2281 
2011-11-08,10.5073,15.8723,1.3544 
2011-11-09,12.3236,15.5201,10.0374 
2011-11-10,3.8108,13.5552,1.0592 
2011-11-11,-0.5366,4.7186,0.4898 
2011-11-12,3.0380,10.9901,0.0029 
2011-11-13,9.7512,13.8863,0.0050 
2011-11-14,10.5315,14.0352,9.9468 
2011-11-15,6.9681,10.5726,2.5222 
2011-11-16,4.6131,10.7263,0.0039 
2011-11-17,-0.6632,3.9017,0.0291 
2011-11-18,-3.5700,5.7043,0.0494 
2011-11-19,5.5703,9.1920,0.0310 
2011-11-20,5.6618,11.8833,0.1893 
2011-11-21,-2.4681,4.8456,6.0458e-04 
2011-11-22,-2.2137,3.7772,0.4220 
2011-11-23,1.2096,6.6079,23.7004 
2011-11-24,0.0800,7.0303,0.0088 
2011-11-25,5.7770,9.6327,0.0014 
2011-11-26,8.2326,11.5461,0.0663 
2011-11-27,10.4168,11.9479,15.7313 
2011-11-28,2.6106,10.0961,3.1032 
2011-11-29,4.0650,7.1680,49.1900 
2011-11-30,0.0882,6.8059,4.1000 
2011-12-01,-1.2820,4.3289,4.3290e-05 
2011-12-02,-0.2484,3.2415,1.2226 
2011-12-03,-0.0746,6.8477,0.1543 
2011-12-04,6.2553,7.9206,6.5839 
2011-12-05,4.0478,8.7547,19.5040 
2011-12-06,-1.6027,3.4652,14.0901 
2011-12-07,-3.4450,0.4752,0.1850 
2011-12-08,-5.2178,1.4993,0.0154 
2011-12-09,-1.6439,0.6818,1.4421 
2011-12-10,-8.8625,-2.1508,0.0290 
2011-12-11,-6.5899,1.1672,6.2335e-04 
2011-12-12,-0.4956,3.3115,0.0011 
2011-12-13,-0.0682,4.6449,7.7723e-04 
2011-12-14,3.0108,6.1885,2.7410 
2011-12-15,6.7617,11.9055,26.9813 
2011-12-16,-0.4055,7.8017,0.6870 
2011-12-17,-6.9176,0.3534,0.9921 
2011-12-18,-5.6670,0.5152,0.9369 
2011-12-19,0.4119,6.3014,0.0288 
2011-12-20,-5.5414,4.9670,0.0996 
2011-12-21,1.3471,9.7182,7.9821 
2011-12-22,1.5346,6.2622,0.5944 
2011-12-23,-3.2986,3.2500,2.0926 
2011-12-24,-7.4375,0.0755,0.0261 
2011-12-25,0.1841,3.2006,0.1098 
2011-12-26,-1.0292,2.6562,0.7600 
2011-12-27,0.6196,2.8765,7.6903 
2011-12-28,-5.1578,0.4386,3.8165 
2011-12-29,-7.9816,0.8512,2.0255 
2011-12-30,1.1778,5.4269,2.4159 
2011-12-31,2.3898,6.3735,10.7269 
2012-01-01,1.1802,6.4667,5.4476 
2012-01-02,-3.4331,2.0713,1.7158 
2012-01-03,-12.8285,-3.9985,4.2944 
2012-01-04,-13.1357,-0.5305,0.0406 
2012-01-05,-3.1864,0.9259,0.0047 
2012-01-06,1.0136,5.8546,0.0018 
2012-01-07,0.7251,4.8274,0.0028 
2012-01-08,-3.6439,1.4949,0.0413 
2012-01-09,-1.8482,2.2955,0.0021 
2012-01-10,0.1183,4.3960,0.0026 
2012-01-11,0.9085,6.5065,0.0012 
2012-01-12,3.0856,5.8401,7.5967 
2012-01-13,-4.3659,3.1921,8.0765 
2012-01-14,-8.4620,-3.9004,2.3213 
2012-01-15,-15.4956,-7.6330,0.0069 
2012-01-16,-7.6602,3.8905,0.0908 
2012-01-17,3.6948,8.3125,22.8839 
2012-01-18,-6.2160,2.2190,0.4831 
2012-01-19,-7.2811,-2.2902,8.3599 
2012-01-20,-14.7018,-8.1993,1.0437 
2012-01-21,-10.2451,-4.1225,3.6687 
2012-01-22,-7.0851,2.2659,0.0025 
2012-01-23,2.3130,7.9387,8.8007 
2012-01-24,-2.3101,5.5787,0.1585 
2012-01-25,-5.2860,-0.4160,0.2099 
2012-01-26,-3.3927,0.6497,2.8033 
2012-01-27,0.5242,2.2301,12.9858 
2012-01-28,-2.0137,0.4582,4.4265 
2012-01-29,-2.7871,-0.6780,8.4025 
2012-01-30,-8.6303,-1.4496,3.1492 
2012-01-31,-0.8096,6.7058,0.6367 
2012-02-01,2.4524,7.2278,0.3913 
2012-02-02,-2.2958,2.4649,0.0195 
2012-02-03,-2.9030,3.9487,0.0081 
2012-02-04,-3.2862,2.8394,0.0043 
2012-02-05,-2.0109,2.9183,0.0070 
2012-02-06,-2.5785,4.1102,0.0023 
2012-02-07,-2.9348,3.0633,0.0875 
2012-02-08,-7.9804,-0.4005,0.0059 
2012-02-09,-6.5008,1.2364,7.4998e-04 
2012-02-10,-4.6662,-0.8345,0.8811 
2012-02-11,-10.3007,-1.1496,12.5637 
2012-02-12,-9.8553,-3.6383,2.8718 
2012-02-13,-7.5814,-1.2436,0.0370 
2012-02-14,-3.2141,-0.0960,0.6598 
2012-02-15,-3.3362,1.0476,0.2577 
2012-02-16,-0.4262,3.4345,4.4341 
2012-02-17,-2.8758,2.2022,0.1544 
2012-02-18,-0.9782,1.0366,2.0009 
2012-02-19,-6.4313,-0.1856,0.0243 
2012-02-20,-8.7504,-0.2231,0.0034 
2012-02-21,-3.1081,3.7906,2.0376 
2012-02-22,0.5817,4.0282,5.9976 
2012-02-23,-0.9572,3.8899,2.7556 
2012-02-24,-0.5514,3.5924,7.3650 
2012-02-25,-3.2205,-0.0069,1.0095 
2012-02-26,-7.9617,-0.8145,0.0244 
2012-02-27,-1.6502,4.2413,0.0078 
2012-02-28,-4.4299,0.5362,0.0100 
2012-02-29,-1.5750,2.2041,0.6750 
2012-03-01,0.7469,3.6569,0.0902 
2012-03-02,-0.3138,8.4195,0.8840 
2012-03-03,-0.2258,9.1075,6.4059 
2012-03-04,-5.3315,0.6959,0.2849 
2012-03-05,-11.9586,-3.1616,0.0499 
2012-03-06,-6.5460,6.3709,0.0494 
2012-03-07,5.3345,12.3635,0.0013 
2012-03-08,4.2296,12.2666,11.0027 
2012-03-09,-2.9196,3.0048,0.7326 
2012-03-10,-7.1193,0.5791,0.0488 
2012-03-11,1.1808,10.6711,2.4891e-04 
2012-03-12,7.5787,11.2034,7.1734 
2012-03-13,10.1737,13.7283,8.4927 
2012-03-14,4.3180,14.7904,0.0269 
2012-03-15,9.9814,18.6804,5.0481 
2012-03-16,11.1978,18.6976,3.0497 
2012-03-17,6.5204,20.2334,0.0545 
2012-03-18,12.9071,19.2592,0.0941 
2012-03-19,12.2729,20.4197,0.1133 
2012-03-20,13.2225,22.4358,0.0087 
2012-03-21,15.2860,23.6855,0.0100 
2012-03-22,13.9934,23.1801,0.0115 
2012-03-23,12.8874,22.1436,0.0410 
2012-03-24,7.7034,15.0586,5.8839 
2012-03-25,7.0051,17.8051,1.8339 
2012-03-26,-2.9575,13.8987,0.0119 
2012-03-27,-5.5231,4.9804,6.5803e-05 
2012-03-28,3.5789,15.6675,0.0132 
2012-03-29,1.9158,10.5160,0.0939 
2012-03-30,-2.9696,7.3244,9.0947 
2012-03-31,0.2053,7.5141,1.4359 
2012-04-01,1.8053,9.6808,2.0927 
2012-04-02,-0.2174,11.8451,0.0095 
2012-04-03,3.0412,12.6049,0.0065 
2012-04-04,2.4745,12.3499,0.0147 
2012-04-05,-2.1113,8.1961,0.0018 
2012-04-06,-0.9101,11.4759,0.0010 
2012-04-07,0.9770,12.8089,0.0012 
2012-04-08,6.4925,11.3663,0.1653 
2012-04-09,2.5221,10.4007,0.0750 
2012-04-10,1.6383,8.4907,0.0311 
2012-04-11,1.2208,9.1803,0.9464 
2012-04-12,0.3337,9.9928,0.0611 
2012-04-13,3.3395,11.9717,0.0588 
2012-04-14,6.5925,13.0794,0.8078 
2012-04-15,10.9148,19.6062,5.4969 
2012-04-16,14.5246,20.5444,0.0261 
2012-04-17,2.8541,15.9081,0.0037 
2012-04-18,-0.8285,11.2261,0.0014 
2012-04-19,7.2202,16.9322,0.0598 
2012-04-20,11.5686,19.5058,0.0651 
2012-04-21,1.6251,18.0634,9.0512 
2012-04-22,2.1368,8.6845,0.3306 
2012-04-23,1.9196,8.0011,4.0731 
2012-04-24,1.0679,8.1360,2.2554 
2012-04-25,2.8705,12.6618,0.0469 
2012-04-26,6.5731,10.9964,0.0674 
2012-04-27,-0.0487,6.9834,0.0213 
2012-04-28,-1.6457,7.0790,2.0425e-05 
2012-04-29,2.5757,13.6376,0.0034 
2012-04-30,4.5759,12.8687,3.4857 
2012-05-01,8.7853,15.9261,8.0897 
2012-05-02,8.7103,21.8783,0.0603 
2012-05-03,16.1542,25.4442,0.0820 
2012-05-04,16.9104,24.5126,10.4590 
2012-05-05,9.4204,19.1836,0.0039 
2012-05-06,7.7091,18.7799,1.2703e-05 
2012-05-07,12.1998,16.8772,1.8114 
2012-05-08,13.9227,18.7739,7.5287 
2012-05-09,12.6842,17.4920,4.2423 
2012-05-10,5.2942,13.4258,0.0671 
2012-05-11,7.2933,19.5844,0.0015 
2012-05-12,12.7544,20.6487,0.0016 
2012-05-13,11.6162,19.4104,0.3048 
2012-05-14,14.0372,21.3365,0.0191 
2012-05-15,16.0532,21.3319,0.0011 
2012-05-16,12.1674,18.8784,0.9742 
2012-05-17,6.6877,15.6193,1.9625e-05 
2012-05-18,11.1833,20.5467,1.7232e-04 
2012-05-19,16.2995,25.2085,2.0726e-04 
2012-05-20,19.9952,28.3958,0.0037 
2012-05-21,18.5059,27.1096,0.0017 
2012-05-22,12.8202,23.7282,0.0134 
2012-05-23,14.9017,23.3439,0.0047 
2012-05-24,17.1556,26.4703,0.0076 
2012-05-25,19.8581,26.9287,0.0370 
2012-05-26,16.0546,26.3332,0.0116 
2012-05-27,16.0209,27.0071,4.3654 
2012-05-28,19.0328,28.7371,0.4979 
2012-05-29,19.0579,27.7138,3.7485 
2012-05-30,14.6994,23.7858,0.0252 
2012-05-31,8.0861,17.7929,0.0065 
2012-06-01,10.4828,18.8106,41.2517 
2012-06-02,8.6293,16.4480,0.3753 
2012-06-03,12.5052,18.1153,5.8889 
2012-06-04,8.3780,15.8469,2.0712 
2012-06-05,8.8938,18.4452,0.9989 
2012-06-06,14.0918,20.1914,5.3723 
2012-06-07,11.7351,21.9454,0.6491 
2012-06-08,15.4624,24.6478,0.0411 
2012-06-09,19.0467,25.8305,2.1433 
2012-06-10,20.5071,28.3437,0.0106 
2012-06-11,20.6598,27.9859,0.2057 
2012-06-12,18.6883,23.2217,2.5285 
2012-06-13,9.6838,20.6817,0.0331 
2012-06-14,13.6507,23.1340,1.4125e-05 
2012-06-15,15.2602,25.8756,3.0228e-05 
2012-06-16,19.0251,25.6628,6.7554e-04 
2012-06-17,19.7291,26.1847,2.1029 
2012-06-18,17.6703,25.8954,1.1076 
2012-06-19,21.0585,28.6112,0.1271 
2012-06-20,23.1014,29.2950,4.0780e-04 
2012-06-21,22.3813,28.6628,2.0150 
2012-06-22,19.0967,25.2366,6.4453 
2012-06-23,14.9575,24.2558,0.0054 
2012-06-24,19.2859,23.6447,0.0396 
2012-06-25,13.0062,21.4897,3.9379 
2012-06-26,12.1782,22.1986,0.0050 
2012-06-27,15.3414,24.8710,0.1650 
2012-06-28,20.1670,27.8070,0.0060 
2012-06-29,21.7950,29.0730,9.5864e-04 
2012-06-30,23.1852,28.2342,0.0054 
2012-07-01,18.5385,26.8375,0.0211 
2012-07-02,20.4632,27.3790,0.0013 
2012-07-03,23.4471,28.0865,2.6815 
2012-07-04,20.5763,30.6664,7.2343 
2012-07-05,21.7252,29.9177,0.7875 
2012-07-06,24.4279,30.8403,6.3035e-04 
2012-07-07,25.2898,29.5173,0.1718 
2012-07-08,18.8488,27.2976,0.0377 
2012-07-09,15.7210,24.0508,0.0089 
2012-07-10,16.8789,25.0183,0.0373 
2012-07-11,18.0321,26.4924,0.0120 
2012-07-12,22.0184,28.9345,2.3996e-06 
2012-07-13,23.4547,29.6409,0.0000 
2012-07-14,21.8637,28.7470,8.5147e-04 
2012-07-15,22.4787,26.9012,2.3094 
2012-07-16,20.0441,28.9460,1.3056 
2012-07-17,24.3505,31.0776,0.0234 
2012-07-18,22.9198,29.9772,0.1055 
2012-07-19,17.5752,27.0244,4.7538 
2012-07-20,16.1358,23.2809,2.9982 
2012-07-21,17.8229,24.9360,0.0138 
2012-07-22,21.1101,27.3289,0.1155 
2012-07-23,22.4810,29.1911,0.0420 
2012-07-24,20.8033,26.8503,0.0139 
2012-07-25,17.5076,24.5265,6.4784e-05 
2012-07-26,21.4242,30.0769,15.7025 
2012-07-27,18.9248,23.1362,4.8187 
2012-07-28,18.9373,25.9026,0.4813 
2012-07-29,16.7162,26.3265,0.0125 
2012-07-30,21.1146,25.8866,2.7709e-05 
2012-07-31,22.1442,27.7284,0.4781 
2012-08-01,17.6793,26.6329,0.4339 
2012-08-02,19.6998,26.4869,0.0220 
2012-08-03,22.9767,29.8035,0.0142 
2012-08-04,23.4020,29.9911,0.0298 
2012-08-05,21.7272,28.4167,5.9723 
2012-08-06,15.6735,23.8677,0.0399 
2012-08-07,19.8467,25.9596,3.8324e-04 
2012-08-08,22.0121,27.9906,0.1002 
2012-08-09,18.8092,26.3366,6.3960 
2012-08-10,17.2261,21.7969,12.7355 
2012-08-11,16.9101,20.5907,16.1756 
2012-08-12,15.0945,22.2176,1.4660 
2012-08-13,20.1345,23.6516,0.6679 
2012-08-14,18.2540,22.2268,10.4226 
2012-08-15,16.3493,23.0642,0.5398 
2012-08-16,18.5290,25.2900,0.7270 
2012-08-17,16.9614,24.4546,3.5911 
2012-08-18,13.6316,20.2264,0.0036 
2012-08-19,17.5473,21.8554,0.0079 
2012-08-20,14.5984,21.4730,0.0413 
2012-08-21,15.5176,21.3122,0.2051 
2012-08-22,18.3360,22.4874,0.0661 
2012-08-23,19.2669,24.1301,0.0010 
2012-08-24,20.5761,26.5491,0.0000 
2012-08-25,21.6651,27.7329,3.0308e-05 
2012-08-26,21.3179,27.2130,3.5819e-05 
2012-08-27,19.7157,25.4652,6.9022 
2012-08-28,16.2789,23.8550,0.0328 
2012-08-29,12.7622,22.8078,0.0093 
2012-08-30,18.2087,23.4062,0.0016 
2012-08-31,20.3180,28.5821,0.0126 
2012-09-01,18.0839,27.6615,0.0178 
2012-09-02,18.5952,25.4374,1.3466e-04 
2012-09-03,18.6544,28.2313,7.3579e-04 
2012-09-04,20.1195,25.8727,18.8884 
2012-09-05,19.0328,24.1086,0.0946 
2012-09-06,17.1788,23.8585,0.0296 
2012-09-07,19.3348,24.6109,0.0209 
2012-09-08,14.7130,22.2597,35.6731 
2012-09-09,12.7825,17.5313,1.2277 
2012-09-10,12.2358,18.7812,0.0143 
2012-09-11,15.3336,20.4639,0.0012 
2012-09-12,18.5103,22.3846,0.0431 
2012-09-13,19.7754,24.4623,0.0040 
2012-09-14,13.3428,22.7731,7.5824 
2012-09-15,12.0797,17.5906,0.0203 
2012-09-16,10.6119,20.7712,0.0016 
2012-09-17,17.3568,20.8632,1.0075e-04 
2012-09-18,13.0359,20.2513,35.1254 
2012-09-19,6.9707,13.5515,0.1785 
2012-09-20,13.2550,17.9211,1.3874 
2012-09-21,14.8733,18.5770,0.3295 
2012-09-22,10.0604,16.7560,14.4384 
2012-09-23,6.2837,11.7480,0.1115 
2012-09-24,6.2072,13.5012,0.0159 
2012-09-25,13.5729,18.4286,0.0038 
2012-09-26,14.6094,18.4438,0.0683 
2012-09-27,7.4265,17.5681,0.0035 
2012-09-28,9.1724,15.9351,0.0169 
2012-09-29,9.2815,15.9420,0.6885 
2012-09-30,9.8435,15.2406,1.4180 
2012-10-01,8.9578,16.7245,0.0048 
2012-10-02,12.5325,18.4780,0.4465 
2012-10-03,14.7197,18.7688,1.9456 
2012-10-04,15.3514,19.2745,0.0352 
2012-10-05,10.1244,18.1520,0.3043 
2012-10-06,5.8491,9.7759,13.2205 
2012-10-07,4.3136,8.7278,0.1282 
2012-10-08,4.4809,9.0806,0.0196 
2012-10-09,8.4813,11.7958,0.1435 
2012-10-10,6.8297,11.9311,2.9182 
2012-10-11,2.7294,12.0369,0.0041 
2012-10-12,3.3224,11.9431,0.9197 
2012-10-13,5.2196,14.3063,0.4175 
2012-10-14,12.8447,18.6754,16.4423 
2012-10-15,7.4748,17.6183,0.8852 
2012-10-16,5.6618,10.0988,0.1532 
2012-10-17,8.7026,16.7626,2.9266 
2012-10-18,11.7106,16.2513,1.6972 
2012-10-19,9.8532,14.4841,0.5141 
2012-10-20,8.1114,11.2724,23.8860 
2012-10-21,5.3696,12.8128,0.2477 
2012-10-22,8.8025,15.4134,0.2032 
2012-10-23,12.9831,14.9519,9.6742 
2012-10-24,9.7863,16.4044,0.2766 
2012-10-25,13.8266,21.1811,0.0184 
2012-10-26,7.9198,20.0474,2.5036 
2012-10-27,4.7758,7.5003,22.4577 
2012-10-28,1.4004,5.3594,7.5764 
2012-10-29,2.6208,5.1075,15.9877 
2012-10-30,4.2438,13.0103,19.5065 
2012-10-31,3.8994,8.6396,8.9394 
2012-11-01,4.7759,6.3946,4.7771 
2012-11-02,1.3624,5.1964,0.7051 
2012-11-03,-1.0931,4.1932,0.1390 
2012-11-04,-2.7349,4.2839,0.0148 
2012-11-05,-3.5402,2.6488,0.0064 
2012-11-06,-1.9364,3.5507,0.0216 
2012-11-07,-0.6005,5.1924,9.7540e-04 
2012-11-08,-2.1350,5.4051,0.0020 
2012-11-09,1.6266,7.7982,0.1707 
2012-11-10,5.9758,10.2243,0.2449 
2012-11-11,10.4501,15.5709,8.6672e-04 
2012-11-12,4.7134,16.0819,8.6029 
2012-11-13,-1.9820,3.2113,2.3307 
2012-11-14,-1.6324,3.7769,0.0013 
2012-11-15,1.0748,5.5559,0.0016 
2012-11-16,2.1153,7.8045,0.0011 
2012-11-17,3.4404,7.9839,0.0053 
2012-11-18,4.4136,8.3907,0.0012 
2012-11-19,5.0950,8.0842,0.0012 
2012-11-20,4.0318,8.6847,0.0016 
2012-11-21,3.0702,10.3517,0.0084 
2012-11-22,6.5088,11.2100,0.0037 
2012-11-23,1.8576,10.9424,4.7268 
2012-11-24,-0.4776,1.4856,1.5597 
2012-11-25,-4.0220,0.2911,0.7653 
2012-11-26,-3.6176,0.8463,0.0072 
2012-11-27,-3.4247,0.2928,0.0031 
2012-11-28,-2.8127,1.1863,0.0071 
2012-11-29,-3.1404,4.6046,0.0011 
2012-11-30,-0.9202,3.4224,0.7683 
2012-12-01,-1.3875,6.0192,0.2596 
2012-12-02,6.0506,10.9661,14.5884 
2012-12-03,1.0937,11.7095,0.2243 
2012-12-04,8.0010,13.8033,6.8156 
2012-12-05,-0.4003,7.9444,0.2907 
2012-12-06,-5.0176,2.5000,0.0214 
2012-12-07,2.8193,6.1621,0.0200 
2012-12-08,2.2973,5.4855,4.7578 
2012-12-09,-3.0080,1.7658,3.3061 
2012-12-10,0.8233,10.3524,10.7860 
2012-12-11,-4.8508,0.4428,0.2406 
2012-12-12,-2.5570,3.3259,0.0531 
2012-12-13,1.2030,4.0082,0.0013 
2012-12-14,0.1648,5.6739,1.3120e-04 
2012-12-15,-0.9136,6.1039,0.1559 
2012-12-16,5.5558,9.5194,8.7795 
2012-12-17,4.6119,9.0041,0.0966 
2012-12-18,1.5249,5.3153,1.0193 
2012-12-19,0.2482,4.7165,0.1857 
2012-12-20,1.7785,6.2574,10.3696 
2012-12-21,0.8299,7.2516,11.7498 
2012-12-22,-1.4499,0.3968,0.9932 
2012-12-23,-3.8942,-0.0319,0.0107 
2012-12-24,-4.3728,-0.8990,0.0275 
2012-12-25,-4.1328,0.3638,0.2322 
2012-12-26,-4.4921,-1.3457,5.1567 
2012-12-27,-4.7588,-1.4112,15.7826 
2012-12-28,-6.4506,-2.8333,0.5112 
2012-12-29,-4.4689,-2.0846,5.4498 
2012-12-30,-5.4049,-2.1495,0.5085 
2012-12-31,-5.0941,0.5169,0.0946 
2013-01-01,-6.0720,0.1919,0.1436 
2013-01-02,-12.5071,-5.3607,0.0089 
2013-01-03,-8.4825,-3.0809,0.4987 
2013-01-04,-5.1488,-2.4522,0.0417 
2013-01-05,-5.9613,-1.0658,0.0432 
2013-01-06,-0.7627,1.4446,1.4887 
2013-01-07,-6.1834,0.7493,0.0949 
2013-01-08,-2.1087,0.4243,5.0901e-04 
2013-01-09,0.0309,3.1388,0.1715 
2013-01-10,-2.2491,1.9869,0.0040 
2013-01-11,0.0710,8.8823,7.8146 
2013-01-12,5.6460,9.6454,0.0538 
2013-01-13,7.3824,12.1417,37.2734 
2013-01-14,-5.8356,6.8729,2.8109 
2013-01-15,-6.1332,-1.3410,0.0147 
2013-01-16,-4.4507,0.3310,3.6324e-05 
2013-01-17,-4.1629,-0.8335,0.2606 
2013-01-18,-10.7177,-2.1104,0.9004 
2013-01-19,-0.8283,4.5375,0.0418 
2013-01-20,-7.6254,4.9741,0.4167 
2013-01-21,-12.5887,-7.9687,0.2994 
2013-01-22,-17.5300,-11.0083,0.0283 
2013-01-23,-17.7181,-11.2600,0.0821 
2013-01-24,-16.1768,-10.2943,0.2723 
2013-01-25,-13.1127,-7.7378,4.3357 
2013-01-26,-9.2610,-3.9347,1.3508 
2013-01-27,-8.5688,-3.1822,0.0107 
2013-01-28,-3.1285,5.2983,14.5202 
2013-01-29,1.0684,8.3452,19.5611 
2013-01-30,8.4055,12.3783,12.3991 
2013-01-31,-5.3486,9.6035,3.1412 
2013-02-01,-8.6464,-5.5562,2.5180 
2013-02-02,-12.7981,-6.9895,4.7495 
2013-02-03,-11.6090,-7.5861,0.7282 
2013-02-04,-13.7988,-7.2317,0.4050 
2013-02-05,-11.1973,-5.7197,0.1131 
2013-02-06,-8.5985,-3.6810,0.4712 
2013-02-07,-6.7326,-1.8399,1.2037 
2013-02-08,-5.7179,0.3367,28.0469 
2013-02-09,-11.6464,-4.8480,0.5216 
2013-02-10,-8.5476,0.5888,6.8134e-04 
2013-02-11,0.4364,6.2064,5.0351 
2013-02-12,-2.3722,0.3223,0.1748 
2013-02-13,-6.1362,-0.7666,0.0224 
2013-02-14,-5.3245,1.5419,0.8359 
2013-02-15,-4.1154,2.0429,0.6296 
2013-02-16,-7.8263,-4.2136,0.2337 
2013-02-17,-13.7552,-5.2409,0.1489 
2013-02-18,-11.4797,1.2214,0.0989 
2013-02-19,-4.2063,4.1639,16.9835 
2013-02-20,-8.9414,-4.4800,0.9524 
2013-02-21,-12.5305,-5.4853,0.2659 
2013-02-22,-10.2097,1.1730,2.3722 
2013-02-23,-2.0119,2.2248,2.4555 
2013-02-24,-6.5287,-0.2407,0.5717 
2013-02-25,-5.1391,1.1237,0.0016 
2013-02-26,-4.1363,3.1344,1.3629 
2013-02-27,0.0262,1.0249,15.9266 
2013-02-28,-1.1947,2.1387,2.4197 
2013-03-01,-4.7969,0.0261,0.0275 
2013-03-02,-11.1914,-3.5068,0.0232 
2013-03-03,-9.6104,-3.8489,0.0456 
2013-03-04,-8.4145,-2.1448,0.0842 
2013-03-05,-8.7487,-1.1594,0.0019 
2013-03-06,-3.3270,1.9612,0.0142 
2013-03-07,-1.4624,2.0172,0.4465 
2013-03-08,-3.1038,3.4201,0.0771 
2013-03-09,-1.3446,3.0333,0.0012 
2013-03-10,1.0061,10.3755,0.0076 
2013-03-11,6.3578,8.9181,14.5740 
2013-03-12,0.4903,7.8871,8.3409 
2013-03-13,-3.8599,1.4697,2.7234 
2013-03-14,-5.6131,-0.8271,0.7551 
2013-03-15,-3.9876,2.3018,0.6470 
2013-03-16,-5.0832,0.0952,1.8839 
2013-03-17,-7.8948,-0.4521,0.2643 
2013-03-18,-7.0449,1.3210,1.7478 
2013-03-19,-4.1528,3.6210,3.4333 
2013-03-20,-6.5571,-2.4521,1.1311 
2013-03-21,-11.7354,-1.0839,0.7804 
2013-03-22,-4.9356,-0.2515,0.5101 
2013-03-23,-4.9683,2.5444,0.0155 
2013-03-24,-5.2296,2.1031,0.0017 
2013-03-25,-1.7892,2.7927,0.5037 
2013-03-26,-0.6311,6.1390,0.0077 
2013-03-27,-1.2511,4.1950,0.0152 
2013-03-28,0.4499,5.8325,0.8050 
2013-03-29,-0.0752,7.8573,0.0207 
2013-03-30,1.9716,7.6985,4.7855e-04 
2013-03-31,4.0213,7.8686,0.2154 
2013-04-01,-2.7550,7.2313,2.0900 
2013-04-02,-5.8010,0.8522,0.2908 
2013-04-03,-6.3851,0.7875,0.2428 
2013-04-04,-2.6385,6.0422,0.0033 
2013-04-05,-1.4661,5.1615,0.0039 
2013-04-06,-4.0880,5.2854,7.5163e-04 
2013-04-07,5.2642,14.1656,0.2769 
2013-04-08,1.6553,11.4441,3.9455 
2013-04-09,4.4086,12.1759,14.1382 
2013-04-10,4.8851,9.3589,39.1618 
2013-04-11,-0.0307,4.6130,12.4537 
2013-04-12,0.2571,8.1491,18.0011 
2013-04-13,1.6489,5.1726,0.3104 
2013-04-14,-1.8489,6.5723,0.0904 
2013-04-15,3.1612,18.2492,0.0292 
2013-04-16,10.1984,16.3215,4.2459 
2013-04-17,2.8077,11.2381,0.0047 
2013-04-18,8.1378,22.4445,5.1785 
2013-04-19,4.9697,19.2144,3.8951 
2013-04-20,-0.2871,5.4939,0.4466 
2013-04-21,-2.9661,6.1021,0.0812 
2013-04-22,1.1387,12.8172,0.0011 
2013-04-23,5.3802,16.0866,1.0828e-04 
2013-04-24,2.1201,15.0590,14.4457 
2013-04-25,-0.3756,7.4168,1.7306 
2013-04-26,3.5124,9.5959,0.5106 
2013-04-27,6.1802,17.7627,5.0925e-04 
2013-04-28,10.2025,17.6351,6.6222 
2013-04-29,10.7978,14.9170,3.6881 
2013-04-30,9.5639,20.9011,0.1187 
2013-05-01,13.2578,22.6450,1.3148e-04 
2013-05-02,11.7185,22.1971,1.3745e-05 
2013-05-03,12.7688,22.2310,0.0000 
2013-05-04,12.2481,20.9818,2.7007e-06 
2013-05-05,13.4652,21.8435,4.8210e-05 
2013-05-06,12.2833,21.9511,1.6933e-05 
2013-05-07,14.7769,23.5304,6.3960e-05 
2013-05-08,15.3597,22.3689,0.8758 
2013-05-09,14.0780,22.2474,1.1335 
2013-05-10,13.5711,21.4140,2.3740 
2013-05-11,5.4609,15.2465,0.6851 
2013-05-12,2.7760,10.1591,2.9051 
2013-05-13,-0.8121,7.6655,0.1353 
2013-05-14,5.0901,10.6284,0.3882 
2013-05-15,9.9758,21.3962,0.3037 
2013-05-16,13.3671,20.4910,0.0075 
2013-05-17,8.4447,16.9434,0.0013 
2013-05-18,12.6223,19.2251,0.0127 
2013-05-19,14.3361,25.2164,0.0451 
2013-05-20,16.4578,26.1773,0.0194 
2013-05-21,18.2279,26.2771,1.4851 
2013-05-22,17.4941,25.9691,0.2872 
2013-05-23,11.9867,23.9196,2.0813 
2013-05-24,2.5097,10.8016,2.8117 
2013-05-25,2.3777,13.6501,4.2208e-04 
2013-05-26,3.4372,15.9640,0.0000 
2013-05-27,9.2627,17.2622,0.0037 
2013-05-28,10.8011,20.5364,25.8983 
2013-05-29,17.2376,23.5049,37.7944 
2013-05-30,18.5251,25.9284,0.1515 
2013-05-31,19.1723,26.8038,1.5043 
2013-06-01,18.0653,24.3885,10.8882 
2013-06-02,16.6152,20.9452,12.4512 
2013-06-03,5.7646,16.8173,0.0043 
2013-06-04,7.1806,17.7478,0.0081 
2013-06-05,10.8362,19.3415,0.0139 
2013-06-06,10.6128,16.7292,2.0721 
2013-06-07,11.9229,18.0459,1.0733 
2013-06-08,12.8514,17.5956,0.1832 
2013-06-09,14.4861,22.4325,0.0046 
2013-06-10,16.7630,21.9580,12.6102 
2013-06-11,16.0985,21.3268,7.4224 
2013-06-12,15.5540,21.5184,7.9240 
2013-06-13,15.4622,20.5922,23.4692 
2013-06-14,12.1776,20.9669,0.7533 
2013-06-15,12.4898,20.7786,0.0046 
2013-06-16,15.8920,22.7337,2.7895 
2013-06-17,16.2523,24.0882,1.6006 
2013-06-18,13.6230,19.7877,0.9989 
2013-06-19,10.5620,19.3312,0.0064 
2013-06-20,15.0477,21.6662,0.0326 
2013-06-21,17.4364,24.8941,0.0106 
2013-06-22,18.9828,28.3165,0.0308 
2013-06-23,19.6160,28.1656,0.1093 
2013-06-24,21.5421,26.9496,8.2205e-04 
2013-06-25,21.1841,27.2346,0.7616 
2013-06-26,18.7948,26.7070,1.2707 
2013-06-27,19.7128,24.5178,17.8520 
2013-06-28,17.9871,23.8378,21.4766 
2013-06-29,15.7996,20.9556,4.6054 
2013-06-30,14.4687,22.5641,0.0340 
2013-07-01,16.7837,21.9505,0.0739 
2013-07-02,15.6937,24.9964,0.0654 
2013-07-03,18.5396,26.2041,1.5000 
2013-07-04,17.4240,24.5754,10.6816 
2013-07-05,19.9331,22.6624,6.9110 
2013-07-06,20.0685,26.2960,0.2913 
2013-07-07,19.6973,25.4112,13.7907 
2013-07-08,20.3134,25.6837,0.6195 
2013-07-09,19.3447,24.5936,3.0966 
2013-07-10,20.3323,26.0065,5.5390 
2013-07-11,15.5531,23.1299,0.1637 
2013-07-12,16.1302,25.0731,0.0288 
2013-07-13,16.4408,26.4066,0.0000 
2013-07-14,20.8906,28.4392,0.0483 
2013-07-15,23.2980,28.7336,0.0669 
2013-07-16,24.5220,30.0294,0.0902 
2013-07-17,24.0732,30.8478,0.2426 
2013-07-18,24.3094,30.5456,0.1060 
2013-07-19,25.2706,30.3144,0.4204 
2013-07-20,21.2771,29.5158,27.6191 
2013-07-21,16.6718,25.1847,0.0272 
2013-07-22,18.9942,24.5944,0.0205 
2013-07-23,19.4894,24.6153,0.6252 
2013-07-24,11.2189,20.5077,0.1405 
2013-07-25,14.5281,21.6793,0.0045 
2013-07-26,16.0287,21.9846,0.0681 
2013-07-27,18.9726,21.3815,2.5944 
2013-07-28,14.5648,19.8932,9.3939 
2013-07-29,12.2074,18.4934,1.3152 
2013-07-30,16.5270,22.1759,0.0302 
2013-07-31,17.9946,24.1536,0.0920 
2013-08-01,17.3391,22.8680,18.4618 
2013-08-02,15.5536,22.2935,0.3151 
2013-08-03,14.9426,22.1856,1.2346 
2013-08-04,12.6858,20.3874,0.2122 
2013-08-05,13.2898,20.2691,0.0101 
2013-08-06,17.7991,23.6039,0.1617 
2013-08-07,18.4473,23.9251,2.0298 
2013-08-08,18.4767,24.4149,10.8587 
2013-08-09,17.0765,23.8127,1.6372 
2013-08-10,15.1447,22.3963,0.0740 
2013-08-11,15.6140,21.1370,0.0045 
2013-08-12,17.9773,22.1765,0.5728 
2013-08-13,15.0818,18.1243,10.0707 
2013-08-14,11.2606,18.6255,0.1930 
2013-08-15,14.4340,19.5066,0.0200 
2013-08-16,17.0812,22.5837,3.6206e-05 
2013-08-17,17.8070,24.7147,0.0571 
2013-08-18,18.8297,25.0200,1.7639e-04 
2013-08-19,18.1942,24.1448,0.0184 
2013-08-20,19.0889,25.3334,0.0141 
2013-08-21,20.6659,26.4320,0.1909 
2013-08-22,20.8413,26.5665,0.9279 
2013-08-23,16.1051,25.2102,0.0216 
2013-08-24,17.2964,23.2074,0.0537 
2013-08-25,19.3582,24.7511,6.9111e-04 
2013-08-26,21.3766,27.3642,3.3243 
2013-08-27,21.2773,26.5467,2.2899 
2013-08-28,19.9537,25.8789,10.6179 
2013-08-29,20.6728,27.1992,0.0837 
2013-08-30,21.9085,26.9564,0.1228 
2013-08-31,19.4401,24.9728,1.9566 
2013-09-01,19.7980,24.0497,0.8640 
2013-09-02,19.4630,22.9973,0.1279 
2013-09-03,14.7794,19.7189,0.9704 
2013-09-04,13.6116,23.2371,0.2633 
2013-09-05,11.7519,22.2138,0.1903 
2013-09-06,9.5394,18.4771,0.1567 
2013-09-07,16.9101,21.5167,5.2802 
2013-09-08,15.0413,19.4966,0.4985 
2013-09-09,13.5552,22.4287,0.1939 
2013-09-10,22.1537,28.2156,0.9584 
2013-09-11,23.0515,27.9159,0.8352 
2013-09-12,19.5065,26.8861,15.8239 
2013-09-13,10.9602,18.1403,0.1566 
2013-09-14,5.8055,16.7478,0.0059 
2013-09-15,14.0130,18.0456,0.5654 
2013-09-16,11.0860,14.8133,1.0044 
2013-09-17,7.8579,16.0257,0.1653 
2013-09-18,14.2726,18.7751,0.0029 
2013-09-19,15.9993,22.4360,0.0037 
2013-09-20,17.9893,24.4008,3.0414 
2013-09-21,15.3034,21.6236,61.6962 
2013-09-22,8.9663,14.4596,0.3946 
2013-09-23,6.1891,14.8433,0.0079 
2013-09-24,8.4460,16.9638,0.0644 
2013-09-25,10.8083,18.8706,0.0033 
2013-09-26,13.2699,20.4118,0.0381 
2013-09-27,11.4939,19.3592,0.0476 
2013-09-28,12.4072,21.1125,0.0160 
2013-09-29,15.6541,20.4867,0.0134 
2013-09-30,16.3146,18.5647,1.8104 
2013-10-01,15.6190,20.9951,0.1323 
2013-10-02,15.7671,21.7932,0.0064 
2013-10-03,14.9706,20.7614,0.0454 
2013-10-04,17.3306,22.8596,18.6609 
2013-10-05,16.1296,21.1565,3.9519 
2013-10-06,14.7602,22.8419,2.0292 
2013-10-07,10.1052,21.9329,32.6052 
2013-10-08,10.2265,15.8661,0.2646 
2013-10-09,12.9325,17.2281,0.0020 
2013-10-10,11.0293,17.8134,0.0035 
2013-10-11,10.4417,18.8584,1.5186e-04 
2013-10-12,10.8338,20.5191,0.0566 
2013-10-13,16.3905,18.8242,4.1988 
2013-10-14,7.8470,15.4457,0.2312 
2013-10-15,10.2577,17.5335,0.0014 
2013-10-16,14.5428,18.0509,9.0083 
2013-10-17,7.3368,13.6416,7.2138 
2013-10-18,6.2721,13.8857,0.9339 
2013-10-19,6.5377,12.7831,8.7521 
2013-10-20,4.6222,11.2922,0.1478 
2013-10-21,10.0459,12.7544,3.6863 
2013-10-22,1.7786,11.0361,6.6979 
2013-10-23,2.7576,6.5762,0.3931 
2013-10-24,0.1759,6.7643,0.5218 
2013-10-25,3.0214,7.2299,3.2598 
2013-10-26,4.2358,7.3868,9.4878 
2013-10-27,2.0721,7.4164,0.2937 
2013-10-28,2.3794,7.5281,0.0022 
2013-10-29,-1.1552,7.4215,0.0241 
2013-10-30,5.0843,12.3289,0.2264 
2013-10-31,9.5891,15.6147,26.6430 
2013-11-01,8.7482,15.1832,17.9519 
2013-11-02,4.2643,8.6470,5.4189 
2013-11-03,-3.8588,3.9312,0.0603 
2013-11-04,-0.5381,5.4401,0.0198 
2013-11-05,5.6371,12.2431,5.2218e-04 
2013-11-06,9.2243,13.5641,6.8825 
2013-11-07,3.0464,12.8681,10.2949 
2013-11-08,-0.2799,4.7706,0.3136 
2013-11-09,3.2595,9.2243,0.1326 
2013-11-10,3.7008,9.7965,0.2190 
2013-11-11,-0.1564,6.2170,4.4816 
2013-11-12,-5.6530,0.1256,1.2919 
2013-11-13,-5.0705,1.7366,0.4815 
2013-11-14,1.0481,5.7130,3.9447e-04 
2013-11-15,5.0852,7.6492,0.0000 
2013-11-16,5.4654,11.9493,7.1646e-04 
2013-11-17,11.5309,14.9053,1.6522 
2013-11-18,2.3573,14.9702,9.1263 
2013-11-19,0.2401,3.2881,0.0234 
2013-11-20,-3.6908,5.3386,0.0019 
2013-11-21,4.1123,7.3633,0.6710 
2013-11-22,2.3501,7.5851,7.6580 
2013-11-23,-4.9631,1.5271,0.6267 
2013-11-24,-9.7420,-5.1660,7.0186 
2013-11-25,-7.7782,0.8713,0.0242 
2013-11-26,-0.9005,1.1387,2.1554 
2013-11-27,-3.8618,0.1488,2.8147 
2013-11-28,-6.8970,-3.8715,1.4729 
2013-11-29,-8.3615,-2.5717,5.9120 
2013-11-30,-5.4319,2.7684,0.0108 
2013-12-01,2.0320,3.5090,0.3225 
2013-12-02,-1.3887,2.3223,0.0165 
2013-12-03,-4.4173,2.2371,0.0864 
2013-12-04,0.6352,5.8758,0.7435 
2013-12-05,3.2644,11.4363,1.4615 
2013-12-06,-3.6108,2.2672,0.0529 
2013-12-07,-7.9659,-3.3043,0.0685 
2013-12-08,-9.7202,-2.9823,0.0314 
2013-12-09,-2.7566,2.6350,1.1984 
2013-12-10,-10.6444,-2.1534,0.1975 
2013-12-11,-8.5958,-6.0853,0.8165 
2013-12-12,-15.7061,-7.9100,0.1716 
2013-12-13,-8.7776,-4.3695,0.9724 
2013-12-14,-11.0496,-5.4130,10.7738 
2013-12-15,-8.5520,-3.1581,10.7405 
2013-12-16,-12.2917,-7.2766,0.4802 
2013-12-17,-8.8915,-3.4052,5.2781 
2013-12-18,-6.7544,-2.6035,1.5081 
2013-12-19,-3.5111,2.5287,0.1366 
2013-12-20,0.7797,3.3940,10.9499 
2013-12-21,1.2148,6.0412,17.6512 
2013-12-22,-1.1167,7.7371,34.2725 
2013-12-23,-4.2484,3.2971,0.1315 
2013-12-24,-8.4151,-4.5075,4.6527 
2013-12-25,-11.8211,-4.4445,1.0890 
2013-12-26,-4.1913,-2.2909,4.0325 
2013-12-27,-6.6735,-0.6625,3.0861 
2013-12-28,-0.7798,3.3540,0.0021 
2013-12-29,0.4938,3.8375,0.0018 
2013-12-30,-9.6868,-0.0408,0.5447 
2013-12-31,-10.6331,-8.4906,3.5447 
2014-01-01,-13.2628,-8.7731,1.2693 
2014-01-02,-15.1668,-9.4278,6.4764 
2014-01-03,-20.6645,-12.8162,0.7302 
2014-01-04,-12.4835,-1.8231,0.0315 
2014-01-05,-2.0231,-0.5543,2.5926 
2014-01-06,-14.8532,5.9611,6.7713 
2014-01-07,-20.2715,-14.8605,0.4223 
2014-01-08,-17.5425,-9.9610,0.2958 
2014-01-09,-14.9014,-7.6634,0.2283 
2014-01-10,-7.8843,3.5007,5.0562 
2014-01-11,0.9925,6.2383,18.3089 
2014-01-12,-1.4397,0.7798,0.6491 
2014-01-13,-0.3025,4.2968,0.0773 
2014-01-14,-2.5330,4.0880,0.8026 
2014-01-15,-5.4777,-0.5748,0.4141 
2014-01-16,-7.7414,-2.8785,1.0642 
2014-01-17,-2.9000,-0.7987,3.8928 
2014-01-18,-9.0703,-1.6712,4.9766 
2014-01-19,-9.2249,-5.3722,0.5375 
2014-01-20,-9.3922,-2.8207,0.2552 
2014-01-21,-18.9321,-10.3086,0.0196 
2014-01-22,-20.3790,-14.0409,0.3026 
2014-01-23,-15.7134,-12.1414,1.3903 
2014-01-24,-17.9994,-11.8639,0.4349 
2014-01-25,-11.2621,-3.9520,12.4705 
2014-01-26,-17.9664,-7.4110,2.9737 
2014-01-27,-14.6045,-4.2878,5.7051 
2014-01-28,-22.0318,-15.2589,0.0671 
2014-01-29,-21.7783,-12.5715,0.0148 
2014-01-30,-14.6652,-4.8064,0.0018 
2014-01-31,-4.9343,-1.1037,0.4684 
2014-02-01,-4.6025,1.4201,6.4445 
2014-02-02,-5.7943,1.2313,5.7329 
2014-02-03,-11.0741,-6.5433,0.0169 
2014-02-04,-10.6536,-6.2480,0.0032 
2014-02-05,-7.2187,-5.4911,17.3429 
2014-02-06,-16.3420,-8.2393,0.9313 
2014-02-07,-15.8165,-9.4257,1.0944 
2014-02-08,-20.3143,-11.7699,0.5253 
2014-02-09,-13.0642,-8.1389,5.3056 
2014-02-10,-12.6753,-8.8421,0.3614 
2014-02-11,-15.3152,-10.9954,0.0280 
2014-02-12,-14.6129,-8.7463,0.0054 
2014-02-13,-10.0914,-5.6885,0.0054 
2014-02-14,-10.8920,-2.2399,1.2639 
2014-02-15,-10.1271,-3.5051,0.3416 
2014-02-16,-13.3904,-8.1910,1.8198 
2014-02-17,-16.1817,-7.5086,0.0501 
2014-02-18,-6.7514,-1.3750,10.2526 
2014-02-19,-3.9608,2.3481,0.0897 
2014-02-20,-4.9184,3.3734,10.9504 
2014-02-21,-0.4544,8.4321,12.6961 
2014-02-22,-2.0817,-0.3704,0.0025 
2014-02-23,-6.2348,-1.5807,0.0032 
2014-02-24,-11.6282,-5.7756,0.5758 
2014-02-25,-12.5095,-7.3098,0.3533 
2014-02-26,-16.5901,-7.6481,0.3846 
2014-02-27,-16.4961,-11.2233,0.8437 
2014-02-28,-20.5149,-11.2814,0.1367 
2014-03-01,-13.5637,-1.4661,0.1544 
2014-03-02,-15.3566,-5.2800,6.3092 
2014-03-03,-21.8927,-13.4326,0.0064 
2014-03-04,-17.4673,-9.8309,0.1789 
2014-03-05,-11.8127,-6.5052,0.2338 
2014-03-06,-14.3970,-4.0083,0.0824 
2014-03-07,-6.3567,2.4033,4.1141e-05 
2014-03-08,-3.1372,0.8700,0.0530 
2014-03-09,-13.9947,-1.8863,0.0034 
2014-03-10,-3.1577,3.6462,0.0466 
2014-03-11,1.5703,4.5439,0.0074 
2014-03-12,-8.2786,2.7644,23.1876 
2014-03-13,-18.1868,-8.3539,0.1740 
2014-03-14,-9.7340,5.2389,0.0707 
2014-03-15,-3.4568,5.0067,0.5475 
2014-03-16,-14.5658,-4.6062,0.0216 
2014-03-17,-16.8522,-4.4944,0.0043 
2014-03-18,-8.1680,4.4861,0.0174 
2014-03-19,0.5908,4.9146,4.5385 
2014-03-20,-0.6952,4.9680,2.7307 
2014-03-21,-6.8503,0.9353,0.0813 
2014-03-22,-1.3192,3.9415,1.0886 
2014-03-23,-11.6962,0.7201,0.1153 
2014-03-24,-12.6770,-4.1960,0.3797 
2014-03-25,-7.6065,-1.8924,0.9977 
2014-03-26,-14.2463,-3.7357,0.0217 
2014-03-27,-8.5923,2.9374,0.4568 
2014-03-28,1.6050,8.6185,4.5426 
2014-03-29,-3.3201,2.0142,0.3014 
2014-03-30,-2.5686,6.2794,0.6852 
2014-03-31,-0.9961,7.1944,7.1546e-07 
2014-04-01,2.1629,11.5297,0.0264 
2014-04-02,-0.2717,8.3306,8.0885e-05 
2014-04-03,-4.2469,5.6630,0.1838 
2014-04-04,1.7195,10.8250,13.1011 
2014-04-05,-2.6313,7.8597,0.2653 
2014-04-06,0.6462,7.8105,0.0015 
2014-04-07,3.7749,8.5734,5.3909 
2014-04-08,1.7788,10.6175,12.1412 
2014-04-09,0.4523,8.8077,0.0843 
2014-04-10,2.7070,14.3711,0.0741 
2014-04-11,6.6766,13.3843,2.7916 
2014-04-12,6.3835,15.6425,0.0332 
2014-04-13,10.6986,18.7660,4.5863 
2014-04-14,10.5054,18.5714,13.6327 
2014-04-15,-5.2575,8.6128,14.0973 
2014-04-16,-7.7615,1.0708,0.0334 
2014-04-17,-2.1363,11.9740,3.3790e-04 
2014-04-18,5.4118,12.8187,0.0050 
2014-04-19,-1.9807,10.6136,6.9919e-04 
2014-04-20,2.1498,16.4730,1.8431e-04 
2014-04-21,9.0660,18.2587,5.4995e-04 
2014-04-22,8.2890,16.9744,5.6022 
2014-04-23,3.2247,8.9029,0.0219 
2014-04-24,-0.7888,10.1519,0.0013 
2014-04-25,5.3298,12.2817,7.4792 
2014-04-26,2.7944,9.5077,0.4002 
2014-04-27,-0.9659,10.9778,0.0156 
2014-04-28,4.2657,12.5539,0.0080 
2014-04-29,7.9355,11.9191,21.0804 
2014-04-30,7.9162,11.6357,11.4847 
2014-05-01,8.9573,11.3515,2.2563 
2014-05-02,5.4209,11.3282,1.0059 
2014-05-03,6.5579,10.8707,3.6266 
2014-05-04,3.8922,9.9400,2.2122 
2014-05-05,1.9698,11.8276,0.0048 
2014-05-06,3.1460,13.9528,3.7439e-04 
2014-05-07,7.9533,16.3449,0.4420 
2014-05-08,10.0357,22.2725,1.9217 
2014-05-09,15.1953,22.4830,0.0431 
2014-05-10,13.3781,17.3357,0.9117 
2014-05-11,11.5880,20.1126,0.0338 
2014-05-12,15.0815,22.9265,1.2718 
2014-05-13,17.6168,25.5017,11.5069 
2014-05-14,15.8903,23.6358,8.4867 
2014-05-15,12.1825,18.2765,22.5539 
2014-05-16,2.7026,11.9174,1.6670 
2014-05-17,4.0491,10.3086,0.2033 
2014-05-18,6.1490,13.5031,0.3307 
2014-05-19,8.1647,17.8671,0.0846 
2014-05-20,13.2087,16.5566,2.0608 
2014-05-21,13.5103,20.9900,22.4162 
2014-05-22,12.6470,20.1502,5.7992 
2014-05-23,7.7969,16.8176,0.1533 
2014-05-24,9.4449,21.1529,0.0593 
2014-05-25,15.7784,21.8092,1.7626e-04 
2014-05-26,15.9642,24.0215,0.0000 
2014-05-27,19.3945,24.7290,0.8494 
2014-05-28,16.0162,21.9288,1.6051 
2014-05-29,9.7375,20.1294,0.0040 
2014-05-30,14.3488,21.6207,0.0724 
2014-05-31,13.0017,20.7060,0.1771 
2014-06-01,13.9957,23.8178,0.0026 
2014-06-02,18.3363,25.7167,1.4507 
2014-06-03,17.5777,25.0081,23.0118 
2014-06-04,14.3195,22.0901,0.0091 
2014-06-05,9.3816,18.4029,0.0092 
2014-06-06,11.6160,20.6035,0.1793 
2014-06-07,16.4551,22.4473,0.0000 
2014-06-08,15.6918,21.8648,6.8571 
2014-06-09,13.9628,22.2948,0.2712 
2014-06-10,18.3457,23.4787,0.0026 
2014-06-11,17.8737,25.4019,0.5597 
2014-06-12,17.4956,24.6399,9.7722 
2014-06-13,17.3557,20.5913,0.5150 
2014-06-14,8.4314,18.2816,0.0160 
2014-06-15,12.3218,21.5542,4.9774e-04 
2014-06-16,16.9527,25.7451,0.6886 
2014-06-17,19.9730,27.4898,0.1200 
2014-06-18,16.5097,25.7429,2.3415 
2014-06-19,17.6514,24.9261,3.1712 
2014-06-20,14.4941,21.7606,6.2032e-04 
2014-06-21,15.4519,23.3790,0.0308 
2014-06-22,18.5243,24.7400,0.1595 
2014-06-23,17.9051,26.9226,0.2474 
2014-06-24,20.2410,26.4227,7.7367 
2014-06-25,17.8820,22.8672,2.3333 
2014-06-26,16.4415,21.3982,3.2286 
2014-06-27,18.6650,25.3839,0.0640 
2014-06-28,21.0602,27.6916,0.0049 
2014-06-29,21.3984,27.0811,6.2105 
2014-06-30,21.1384,26.8100,1.4324 
2014-07-01,22.2773,26.2163,0.2218 
2014-07-02,20.7267,25.8988,0.2330 
2014-07-03,16.3036,21.9419,2.2721 
2014-07-04,10.7854,20.1526,0.0298 
2014-07-05,14.6849,23.1649,0.1477 
2014-07-06,17.9284,24.3202,0.1298 
2014-07-07,20.7002,24.2164,26.1438 
2014-07-08,18.3398,22.4068,21.8189 
2014-07-09,14.3684,20.5545,0.1227 
2014-07-10,13.9499,21.9426,0.0113 
2014-07-11,16.5404,24.1583,0.1182 
2014-07-12,19.7563,25.4187,0.2014 
2014-07-13,20.6473,26.8802,3.3695 
2014-07-14,17.5070,25.9897,0.3987 
2014-07-15,16.5634,23.2236,7.0234 
2014-07-16,13.3138,18.4528,0.0704 
2014-07-17,14.0475,20.9687,0.0257 
2014-07-18,17.3078,22.7111,0.4297 
2014-07-19,17.5070,22.2697,3.6000 
2014-07-20,17.8658,22.4124,5.9842 
2014-07-21,18.9067,25.1152,0.1687 
2014-07-22,20.9416,26.4765,7.6188e-04 
2014-07-23,18.2157,25.7310,14.5335 
2014-07-24,14.7134,20.7003,0.0010 
2014-07-25,15.3243,20.9236,0.0022 
2014-07-26,18.4015,23.5823,0.0639 
2014-07-27,19.1439,24.7007,0.1552 
2014-07-28,15.7081,24.4870,39.0893 
2014-07-29,10.8251,18.5138,0.1979 
2014-07-30,14.9552,19.7458,0.8053 
2014-07-31,14.5745,20.9675,2.0981 
2014-08-01,17.0022,24.6767,3.1501 
2014-08-02,17.4395,25.1254,1.3533 
2014-08-03,18.7666,24.4872,0.9142 
2014-08-04,19.1644,24.3143,0.7325 
2014-08-05,18.1037,23.7383,9.2451 
2014-08-06,15.4820,22.7646,0.0727 
2014-08-07,15.8838,23.6205,0.0354 
2014-08-08,16.5032,23.0094,0.0259 
2014-08-09,17.9536,23.7028,7.9632e-04 
2014-08-10,17.5894,25.9404,3.6938e-09 
2014-08-11,19.6354,25.1285,2.7508 
2014-08-12,18.0774,22.0060,15.8671 
2014-08-13,14.9928,19.8189,0.2944 
2014-08-14,12.7845,18.4607,0.0706 
2014-08-15,10.7343,20.8256,0.0396 
2014-08-16,14.9555,21.7023,0.8006 
2014-08-17,14.3461,22.7599,1.4938 
2014-08-18,13.2915,21.9788,0.0030 
2014-08-19,15.6128,24.1005,0.0245 
2014-08-20,19.2774,23.3420,5.5089 
2014-08-21,18.7829,24.0743,1.5412 
2014-08-22,19.7782,24.4933,0.0562 
2014-08-23,17.4627,24.3497,0.0575 
2014-08-24,18.0942,24.4983,0.0119 
2014-08-25,19.3141,24.1408,0.0024 
2014-08-26,20.1300,26.2097,0.0285 
2014-08-27,16.5051,25.4000,0.0114 
2014-08-28,11.7167,20.7437,1.6065e-04 
2014-08-29,14.7009,21.8269,0.0247 
2014-08-30,19.7896,27.8884,0.0011 
2014-08-31,20.1218,26.3778,0.1574 
2014-09-01,20.3005,26.2557,0.1308 
2014-09-02,18.9872,23.1408,22.2977 
2014-09-03,18.6550,23.7561,0.2740 
2014-09-04,20.4752,25.3722,8.4818e-05 
2014-09-05,21.4065,27.2115,2.9941 
2014-09-06,16.1978,26.5351,47.3329 
2014-09-07,14.5753,20.3207,0.0603 
2014-09-08,16.7407,22.5704,0.0200 
2014-09-09,18.1359,21.8849,0.1230 
2014-09-10,18.7549,23.9063,15.0210 
2014-09-11,14.6795,21.4424,19.3683 
2014-09-12,7.4276,14.6471,0.1845 
2014-09-13,9.5494,13.8498,5.5217 
2014-09-14,7.2307,13.7155,0.0977 
2014-09-15,12.3153,16.4633,0.1333 
2014-09-16,9.3265,16.2497,2.5331 
2014-09-17,11.5188,16.4337,6.5131e-05 
2014-09-18,10.2013,15.6926,0.0207 
2014-09-19,7.3724,16.1783,0.0117 
2014-09-20,15.6258,22.5115,0.0037 
2014-09-21,14.3566,21.5434,6.5286 
2014-09-22,7.6456,12.8676,0.3143 
2014-09-23,9.9941,17.5595,0.0057 
2014-09-24,14.0823,20.8320,0.0031 
2014-09-25,15.0258,20.1821,9.1153e-05 
2014-09-26,15.1839,21.2928,0.0012 
2014-09-27,16.0647,22.4281,0.0070 
2014-09-28,17.0948,21.8062,1.2416e-05 
2014-09-29,16.7753,21.4246,0.0030 
2014-09-30,14.9904,20.0875,8.8973 
2014-10-01,12.7273,19.6694,0.5627 
2014-10-02,14.8124,19.4200,0.0060 
2014-10-03,16.6762,21.5656,13.0671 
2014-10-04,6.4190,15.7974,15.6981 
2014-10-05,4.7856,10.3437,2.0133 
2014-10-06,8.9397,16.2315,6.6659 
2014-10-07,12.0117,15.7676,13.2866 
2014-10-08,9.3675,12.8862,5.6242 
2014-10-09,6.4816,11.7459,0.0597 
2014-10-10,7.8415,12.0933,0.0085 
2014-10-11,4.8331,11.9490,0.0033 
2014-10-12,6.5895,13.2564,3.1554e-04 
2014-10-13,12.2143,19.9177,7.1955 
2014-10-14,17.5715,22.1940,1.0347 
2014-10-15,15.0967,20.0516,10.8305 
2014-10-16,11.6095,15.4652,6.0925 
2014-10-17,11.1205,14.8928,1.2912 
2014-10-18,7.2331,14.8628,2.4000 
2014-10-19,1.9132,7.8715,0.3157 
2014-10-20,6.0721,11.6133,1.6267 
2014-10-21,7.7243,10.8833,3.0931 
2014-10-22,3.2709,11.2248,0.4967 
2014-10-23,4.1957,14.5194,0.0025 
2014-10-24,4.4136,12.4259,0.0058 
2014-10-25,9.5002,16.2127,0.0192 
2014-10-26,7.1809,14.2070,0.0018 
2014-10-27,6.5709,15.4141,8.2120e-04 
2014-10-28,14.7364,17.6531,1.2941 
2014-10-29,7.7309,14.1304,0.0272 
2014-10-30,4.5769,8.3166,0.2727 
2014-10-31,5.3087,6.9073,5.9653 
2014-11-01,0.6243,6.3018,0.9458 
2014-11-02,-4.8380,6.1259,0.0307 
2014-11-03,1.7446,9.5223,0.0045 
2014-11-04,9.4685,13.2316,2.9492 
2014-11-05,6.6381,11.2410,4.6533 
2014-11-06,6.9706,9.0760,1.7105 
2014-11-07,0.2342,6.5867,1.8653 
2014-11-08,0.8542,5.4739,3.2014 
2014-11-09,0.6362,6.5634,0.5189 
2014-11-10,5.2832,11.9775,0.0040 
2014-11-11,11.0650,15.7183,1.1490e-04 
2014-11-12,-1.4402,14.1322,1.5021 
2014-11-13,-3.0683,0.7320,0.2229 
2014-11-14,-6.1256,0.7725,0.2551 
2014-11-15,-5.8025,-0.1834,0.3146 
2014-11-16,-2.9798,0.8991,3.1241 
2014-11-17,-3.7155,-0.0098,12.0251 
2014-11-18,-9.1196,-4.8180,0.2241 
2014-11-19,-10.2145,-0.8082,9.6049 
2014-11-20,-6.2932,0.3994,6.8766 
2014-11-21,-9.0089,-4.9841,0.4265 
2014-11-22,-7.3419,4.8967,2.0615 
2014-11-23,4.8862,7.9823,5.5222 
2014-11-24,5.3025,13.2862,23.2581 
2014-11-25,-0.5744,4.5159,0.0269 
2014-11-26,-2.9504,0.5916,0.0063 
2014-11-27,-2.4461,0.3756,1.3359 
2014-11-28,-7.7786,-0.8888,0.6118 
2014-11-29,-5.2944,4.5037,0.5018 
2014-11-30,4.5157,10.9485,0.1313 
2014-12-01,-3.7247,10.9654,0.8616 
2014-12-02,-8.6559,0.7794,0.4797 
2014-12-03,-1.8874,2.8545,0.4216 
2014-12-04,-6.0594,0.1071,0.0019 
2014-12-05,-1.6098,3.3437,0.0184 
2014-12-06,0.7820,3.6596,0.2421 
2014-12-07,-7.0287,0.4569,7.5028e-04 
2014-12-08,-3.2777,3.3311,0.0021 
2014-12-09,2.5727,5.8215,0.3223 
2014-12-10,-3.4848,2.6642,0.5732 
2014-12-11,-3.6125,-0.0822,1.8140 
2014-12-12,-2.1660,2.1593,0.2156 
2014-12-13,-2.4568,2.2519,0.5304 
2014-12-14,1.9539,5.5264,0.5929 
2014-12-15,1.7065,5.6101,0.1935 
2014-12-16,2.8454,6.4283,6.4693 
2014-12-17,-1.3389,6.3552,1.9591 
2014-12-18,-2.9422,0.0589,0.3208 
2014-12-19,-6.8907,-1.0135,0.0053 
2014-12-20,-7.7385,-1.7034,0.0016 
2014-12-21,-3.1557,-0.3409,0.0025 
2014-12-22,-1.8684,3.3043,4.1898e-05 
2014-12-23,2.0217,7.0229,0.1092 
2014-12-24,6.9113,10.8496,5.7171 
2014-12-25,2.1299,11.4053,6.7813 
2014-12-26,1.1265,4.1284,0.0173 
2014-12-27,3.0832,8.3597,0.1098 
2014-12-28,-1.0040,7.2961,5.5995 
2014-12-29,-3.8944,-0.3763,0.0863 
2014-12-30,-6.7300,-4.1370,0.0657 
2014-12-31,-12.2550,-6.9286,0.0452 
2015-01-01,-8.3583,-6.3816,0.0505 
