Meteorological forcing data for the Large Basin Runoff Model.      
eri, 04,   <- lake basin, subbasin            
yyyy-mm-dd, Tmin(C), Tmax(C), Prec(mm)                             
2010-01-01,-9.2194,-4.1838,0.0622 
2010-01-02,-14.5934,-7.5197,0.1075 
2010-01-03,-16.8210,-6.4462,0.0426 
2010-01-04,-8.7957,-6.4645,1.5250 
2010-01-05,-9.0504,-4.6924,0.5113 
2010-01-06,-4.9779,-2.5573,0.1611 
2010-01-07,-7.2959,-3.3374,0.8264 
2010-01-08,-7.5712,-5.1091,0.6035 
2010-01-09,-15.2287,-7.4733,0.0645 
2010-01-10,-11.2163,-7.7377,0.0288 
2010-01-11,-13.4541,-5.1575,1.5740 
2010-01-12,-8.0969,-5.3169,0.2115 
2010-01-13,-9.1433,-2.7850,0.0234 
2010-01-14,-4.7544,0.9069,0.0093 
2010-01-15,-0.3314,2.0054,0.1293 
2010-01-16,-6.1440,-0.2190,0.0135 
2010-01-17,-3.3486,-0.2786,0.0051 
2010-01-18,-5.4635,-0.3325,0.0091 
2010-01-19,-3.9501,-0.7068,0.1026 
2010-01-20,-7.1099,-1.4184,0.0439 
2010-01-21,-7.0892,-0.6026,0.0070 
2010-01-22,-1.0288,0.5813,0.1920 
2010-01-23,-2.8793,1.4179,0.0484 
2010-01-24,1.8217,9.2229,6.8943 
2010-01-25,-1.3162,8.5881,2.4126 
2010-01-26,-5.7675,-0.6599,0.6406 
2010-01-27,-9.3805,-2.7111,0.1462 
2010-01-28,-10.7875,-4.0634,0.5144 
2010-01-29,-15.8095,-9.0980,0.0337 
2010-01-30,-12.3975,-7.9398,0.0163 
2010-01-31,-12.2468,-4.4808,0.0695 
2010-02-01,-9.2339,-4.4926,0.1676 
2010-02-02,-5.5914,-1.6193,0.5107 
2010-02-03,-3.5158,0.1600,0.5457 
2010-02-04,-6.4991,-0.2951,0.0801 
2010-02-05,-3.4374,-0.6100,0.2316 
2010-02-06,-7.8962,-1.5753,0.7393 
2010-02-07,-9.3084,-3.4457,0.0642 
2010-02-08,-6.9746,-3.1143,0.0019 
2010-02-09,-6.6318,-3.2105,9.1051 
2010-02-10,-4.9436,-3.4546,8.3896 
2010-02-11,-7.5385,-3.0493,0.1138 
2010-02-12,-8.3345,-2.8503,0.1767 
2010-02-13,-9.1660,-2.9320,0.2305 
2010-02-14,-6.5120,-2.2001,0.0513 
2010-02-15,-6.8746,-2.2343,0.0544 
2010-02-16,-5.8808,-2.2439,0.9014 
2010-02-17,-5.0942,0.3440,0.3892 
2010-02-18,-5.0178,0.5978,0.0435 
2010-02-19,-6.0529,1.3011,0.0000 
2010-02-20,-5.4269,-0.1402,7.9081e-04 
2010-02-21,-1.6749,0.5481,0.0122 
2010-02-22,-1.6659,-0.3470,15.1157 
2010-02-23,-4.3755,-0.6357,0.5620 
2010-02-24,-3.9798,-1.0302,3.0070 
2010-02-25,-7.0342,-1.8506,1.4516 
2010-02-26,-6.4267,-3.7136,7.0002 
2010-02-27,-3.8252,0.2651,2.8656 
2010-02-28,-3.3381,1.3106,0.2200 
2010-03-01,-4.4074,0.8761,0.0322 
2010-03-02,-6.5178,0.3484,0.0099 
2010-03-03,-7.4742,0.4393,0.0371 
2010-03-04,-7.4097,1.5571,0.0014 
2010-03-05,-7.1651,1.4927,6.5761e-04 
2010-03-06,-2.3450,2.9993,4.1397e-05 
2010-03-07,-0.8819,3.4777,2.7995e-05 
2010-03-08,2.0555,4.5257,0.0089 
2010-03-09,1.9205,9.4309,0.0039 
2010-03-10,4.2283,13.9715,0.9267 
2010-03-11,7.3325,14.2175,0.0631 
2010-03-12,10.6270,14.7891,12.0078 
2010-03-13,5.3990,12.4816,7.6921 
2010-03-14,2.8244,5.4428,3.8236 
2010-03-15,3.1341,11.4217,0.8685 
2010-03-16,2.1749,14.1929,5.4701e-05 
2010-03-17,7.1860,14.9585,0.0000 
2010-03-18,6.0447,16.0176,6.9014e-05 
2010-03-19,6.4892,16.6415,1.0619e-04 
2010-03-20,3.0745,15.7943,0.0553 
2010-03-21,-2.1799,9.6522,0.1101 
2010-03-22,1.0091,8.5220,1.7494 
2010-03-23,2.4162,11.6223,0.1679 
2010-03-24,2.5358,12.6818,2.3003e-04 
2010-03-25,2.6894,12.3205,5.8462 
2010-03-26,-5.7993,2.7058,0.0040 
2010-03-27,-3.8011,7.5159,3.8999e-04 
2010-03-28,3.5626,8.8945,7.0318 
2010-03-29,0.8641,10.2917,1.1398 
2010-03-30,-1.0737,12.1230,0.0044 
2010-03-31,6.1403,20.5693,1.7840e-04 
2010-04-01,12.7901,25.2728,2.0664e-04 
2010-04-02,13.5407,26.1217,0.0000 
2010-04-03,11.2881,25.1908,0.1386 
2010-04-04,7.1877,20.8311,0.0036 
2010-04-05,10.3222,21.3599,0.2797 
2010-04-06,14.8561,25.7915,1.6432 
2010-04-07,15.6070,25.3947,11.0300 
2010-04-08,4.4646,15.5422,10.6416 
2010-04-09,-2.1792,7.6163,0.0827 
2010-04-10,1.3418,19.0165,0.0072 
2010-04-11,8.2406,18.8783,0.0394 
2010-04-12,6.4372,17.1872,0.1557 
2010-04-13,4.8852,12.7544,4.4379 
2010-04-14,5.3084,20.1645,7.3052e-05 
2010-04-15,13.7789,26.8231,1.4742e-06 
2010-04-16,14.9079,25.7207,0.1244 
2010-04-17,2.8064,13.4170,0.0094 
2010-04-18,0.0352,11.8088,2.9031e-04 
2010-04-19,4.8714,14.9097,7.3465e-05 
2010-04-20,6.7477,15.8948,7.6600e-06 
2010-04-21,9.0931,18.7184,0.0265 
2010-04-22,2.9012,17.0652,0.0014 
2010-04-23,2.5421,15.1846,0.0121 
2010-04-24,7.5634,16.8907,3.0400 
2010-04-25,10.7688,16.8191,30.8899 
2010-04-26,7.8088,14.8082,13.3583 
2010-04-27,0.6919,12.1440,0.0062 
2010-04-28,4.1766,13.8157,1.2959e-04 
2010-04-29,8.7991,18.6333,0.0172 
2010-04-30,13.8529,25.6578,5.4700e-06 
2010-05-01,17.5613,25.3820,11.7525 
2010-05-02,16.8961,20.8614,12.4881 
2010-05-03,13.6573,20.6334,10.7224 
2010-05-04,11.8119,21.5200,2.5665 
2010-05-05,15.4438,23.5887,0.3558 
2010-05-06,8.9590,18.7885,0.0815 
2010-05-07,9.1012,18.7877,14.8995 
2010-05-08,5.4202,16.1637,8.4263 
2010-05-09,-0.9311,10.2446,0.1043 
2010-05-10,3.9672,11.7131,4.3632e-04 
2010-05-11,6.1595,11.7226,32.2364 
2010-05-12,7.2015,13.2092,0.4517 
2010-05-13,6.2232,23.0433,7.8934 
2010-05-14,11.4861,22.8117,3.1151 
2010-05-15,9.8059,17.5514,1.1470e-05 
2010-05-16,8.6569,17.1472,1.2775e-06 
2010-05-17,10.9622,16.1010,5.4737 
2010-05-18,9.6174,12.9183,11.0545 
2010-05-19,7.1823,19.7840,0.1159 
2010-05-20,15.7848,24.5048,1.6240e-04 
2010-05-21,14.4631,23.4831,13.1095 
2010-05-22,15.5133,21.8082,31.2786 
2010-05-23,17.6934,26.2093,0.5173 
2010-05-24,17.6626,25.8636,1.2997e-06 
2010-05-25,18.2978,26.1446,2.3718e-06 
2010-05-26,20.0081,27.9218,2.8030e-06 
2010-05-27,19.5974,27.6972,0.0167 
2010-05-28,17.5006,26.3366,0.0441 
2010-05-29,19.0788,26.4273,0.0024 
2010-05-30,19.5545,28.1971,6.9656e-05 
2010-05-31,20.9084,28.2273,18.3935 
2010-06-01,17.1854,25.1511,2.6155 
2010-06-02,19.2363,26.4945,7.3836 
2010-06-03,17.2454,26.2231,2.0181 
2010-06-04,14.7793,27.3054,0.0097 
2010-06-05,18.4369,27.1484,2.1917 
2010-06-06,15.1453,19.5864,26.3928 
2010-06-07,10.1757,19.0435,0.0354 
2010-06-08,11.4911,19.1344,1.9195 
2010-06-09,13.7667,24.5513,10.3832 
2010-06-10,14.5671,23.1339,0.0131 
2010-06-11,16.3034,27.6644,1.3194 
2010-06-12,21.6731,28.9185,0.3733 
2010-06-13,18.0040,28.1509,0.6457 
2010-06-14,18.5169,26.1038,1.1484 
2010-06-15,18.0783,24.9319,0.1591 
2010-06-16,19.2945,23.6154,1.6364 
2010-06-17,14.4992,23.6624,0.0017 
2010-06-18,17.6013,29.9624,0.0610 
2010-06-19,24.0304,29.9768,11.2676 
2010-06-20,18.7866,25.6997,2.8927e-04 
2010-06-21,18.5252,26.2249,0.0422 
2010-06-22,18.6901,28.0648,13.2368 
2010-06-23,22.9623,30.9523,4.9961 
2010-06-24,20.1646,30.4087,22.8562 
2010-06-25,15.2563,25.3046,2.4598e-04 
2010-06-26,19.5160,29.2283,0.0265 
2010-06-27,20.3695,30.5302,2.2362 
2010-06-28,19.7035,26.0594,0.0445 
2010-06-29,12.9940,22.9164,1.0722e-04 
2010-06-30,11.4386,20.3616,0.0000 
2010-07-01,12.1239,22.2982,1.7151e-05 
2010-07-02,15.9492,24.9484,2.7649e-04 
2010-07-03,19.0816,27.5702,2.1534e-09 
2010-07-04,21.7147,31.9239,2.9106e-04 
2010-07-05,22.9620,31.6440,0.0024 
2010-07-06,23.8422,32.2113,0.0000 
2010-07-07,25.5192,32.1367,3.2145e-04 
2010-07-08,25.5610,31.6270,8.8936 
2010-07-09,21.0126,28.4551,2.1362 
2010-07-10,20.9088,27.4846,0.0047 
2010-07-11,22.3818,28.3872,0.3847 
2010-07-12,18.0596,27.5268,1.4386 
2010-07-13,19.4896,26.3151,2.2269 
2010-07-14,20.5195,27.6588,1.9157 
2010-07-15,21.7774,31.1874,0.2706 
2010-07-16,21.7857,28.2804,0.4813 
2010-07-17,21.6712,29.4329,5.2493e-05 
2010-07-18,21.4704,30.7327,0.2462 
2010-07-19,21.3464,29.3974,1.3598 
2010-07-20,18.3891,28.6433,6.3906 
2010-07-21,20.1407,28.2678,0.1067 
2010-07-22,21.0561,28.8640,2.6639 
2010-07-23,24.1904,31.5510,16.8273 
2010-07-24,25.2269,31.0062,19.3887 
2010-07-25,20.2274,29.9363,23.2633 
2010-07-26,20.1727,26.3410,0.5901 
2010-07-27,21.5494,28.6551,0.0073 
2010-07-28,22.2112,30.2333,2.7140 
2010-07-29,16.1607,24.7590,2.3808 
2010-07-30,19.4577,25.6982,0.0018 
2010-07-31,20.4139,25.2778,0.1389 
2010-08-01,19.0926,26.3008,0.0773 
2010-08-02,21.9201,28.5996,0.0044 
2010-08-03,23.7725,29.5344,0.0363 
2010-08-04,24.2322,29.5147,0.4571 
2010-08-05,20.9816,28.9714,0.2785 
2010-08-06,17.6472,24.1203,0.0051 
2010-08-07,17.8364,24.8718,7.4116e-04 
2010-08-08,20.2590,28.4008,0.0067 
2010-08-09,22.1419,30.3457,1.3189 
2010-08-10,21.5005,29.2747,2.6361 
2010-08-11,21.8394,29.7938,11.0964 
2010-08-12,21.3660,28.1643,1.6063 
2010-08-13,21.4863,28.7542,0.0337 
2010-08-14,22.3909,31.5160,0.0406 
2010-08-15,21.6975,30.9677,0.1199 
2010-08-16,18.0153,26.8207,9.8742e-04 
2010-08-17,17.5493,25.7174,7.6516e-08 
2010-08-18,17.7065,24.8421,0.2457 
2010-08-19,21.1734,28.3222,0.0295 
2010-08-20,18.9485,29.1669,0.0059 
2010-08-21,21.0058,28.3784,10.6835 
2010-08-22,19.1316,25.2483,0.2529 
2010-08-23,16.0403,25.5909,0.0013 
2010-08-24,16.6304,25.1959,0.0172 
2010-08-25,19.2968,24.4340,0.0256 
2010-08-26,12.6315,21.6742,0.0216 
2010-08-27,16.2734,24.3599,2.1123e-04 
2010-08-28,18.3721,26.1953,0.0000 
2010-08-29,21.7854,31.2161,0.0059 
2010-08-30,24.4244,30.6638,0.0189 
2010-08-31,22.8770,31.0044,8.0366e-04 
2010-09-01,22.0502,30.5838,0.5045 
2010-09-02,21.1549,27.4941,5.4446 
2010-09-03,17.2192,24.1443,3.8064 
2010-09-04,12.2177,17.1763,0.5023 
2010-09-05,10.1778,19.9553,0.0166 
2010-09-06,15.2270,26.3933,1.4797 
2010-09-07,19.4320,26.6523,0.0469 
2010-09-08,13.3041,21.9043,0.0032 
2010-09-09,9.2943,18.1336,1.0898e-04 
2010-09-10,11.1296,19.5657,6.0635e-04 
2010-09-11,12.6095,19.6541,6.0552 
2010-09-12,12.5745,21.6235,1.6406 
2010-09-13,15.4894,23.7911,0.4133 
2010-09-14,14.2985,20.9984,0.0012 
2010-09-15,11.6666,20.9469,0.0015 
2010-09-16,14.7483,21.2982,11.0586 
2010-09-17,10.7011,17.8754,5.2235 
2010-09-18,13.3021,24.1042,0.2735 
2010-09-19,12.0579,18.7233,0.0855 
2010-09-20,10.7113,17.9482,5.4082e-05 
2010-09-21,15.5865,29.9508,0.0557 
2010-09-22,18.8899,28.6315,3.6539 
2010-09-23,16.3287,29.5716,0.0064 
2010-09-24,21.8117,28.2333,0.0045 
2010-09-25,12.0751,20.0562,8.1974e-04 
2010-09-26,5.8123,14.8926,5.9254e-04 
2010-09-27,7.7800,16.7098,0.2630 
2010-09-28,11.4812,15.9943,12.2283 
2010-09-29,10.8337,18.5409,0.4511 
2010-09-30,14.1913,19.5154,3.4806e-04 
2010-10-01,7.4381,16.9930,7.7827e-04 
2010-10-02,8.3444,15.5395,5.3252 
2010-10-03,5.5212,10.4984,0.2511 
2010-10-04,3.5845,13.2839,0.0013 
2010-10-05,6.7686,15.8880,0.0051 
2010-10-06,7.9373,19.1584,9.1316e-05 
2010-10-07,9.1501,19.3736,6.5650e-06 
2010-10-08,11.3223,23.4105,0.0000 
2010-10-09,14.2291,21.6256,0.0000 
2010-10-10,12.7669,26.1305,3.7390e-05 
2010-10-11,17.8999,24.7838,0.0032 
2010-10-12,8.7127,21.6138,0.0042 
2010-10-13,10.3889,17.7213,0.8094 
2010-10-14,5.9997,14.4886,8.3449 
2010-10-15,7.4234,13.5767,0.0029 
2010-10-16,7.1114,16.2260,1.0035e-06 
2010-10-17,8.0981,15.3332,0.0000 
2010-10-18,7.8592,13.0692,0.0053 
2010-10-19,5.5362,12.5680,0.0025 
2010-10-20,5.6331,16.3776,0.0685 
2010-10-21,4.0644,14.6402,3.4231 
2010-10-22,3.1356,13.1147,0.0230 
2010-10-23,8.3604,17.3683,0.1021 
2010-10-24,15.2306,23.5219,0.0859 
2010-10-25,15.4039,19.7594,0.1708 
2010-10-26,12.2997,21.3633,5.4570 
2010-10-27,9.7713,15.5931,0.0107 
2010-10-28,5.4620,14.1493,0.3531 
2010-10-29,3.5387,9.1687,0.4989 
2010-10-30,2.6123,11.9018,0.0021 
2010-10-31,-0.2991,10.8175,0.0080 
2010-11-01,0.4944,7.1753,0.0050 
2010-11-02,0.9360,7.3561,2.7245e-04 
2010-11-03,1.4076,8.1901,0.3860 
2010-11-04,1.0767,7.5134,0.1377 
2010-11-05,0.3800,5.9649,0.2832 
2010-11-06,-5.6681,3.9025,0.1100 
2010-11-07,-1.6659,9.3494,0.0000 
2010-11-08,3.9560,13.6579,1.2157e-04 
2010-11-09,5.1360,13.5943,0.0048 
2010-11-10,4.5815,12.3893,0.0021 
2010-11-11,5.1357,14.9226,0.0081 
2010-11-12,7.6147,15.1109,0.0192 
2010-11-13,5.3769,17.3343,0.0461 
2010-11-14,1.9701,16.5988,1.5714 
2010-11-15,0.4221,8.9168,0.0181 
2010-11-16,3.4016,9.0388,1.4849 
2010-11-17,4.7479,10.1185,12.0716 
2010-11-18,1.7720,7.7202,0.2335 
2010-11-19,-0.0663,6.8040,0.0105 
2010-11-20,0.7766,6.8115,1.0236e-05 
2010-11-21,0.6168,13.1626,0.0730 
2010-11-22,13.2414,16.0168,11.1242 
2010-11-23,-0.7902,16.9406,19.4875 
2010-11-24,-4.3652,2.1770,0.0593 
2010-11-25,1.9211,9.6544,28.5140 
2010-11-26,-7.3038,5.6413,4.9023 
2010-11-27,-3.8726,0.7787,0.1070 
2010-11-28,-5.6959,1.3766,0.0138 
2010-11-29,-2.6267,6.2639,7.3441e-04 
2010-11-30,4.4908,11.7817,15.6991 
2010-12-01,-5.4678,3.3356,1.0444 
2010-12-02,-6.9736,-2.0930,0.1356 
2010-12-03,-4.7306,-1.2845,0.1558 
2010-12-04,-4.4790,-0.8670,0.0787 
2010-12-05,-6.4191,-1.7151,0.1626 
2010-12-06,-6.4015,-2.6814,0.0376 
2010-12-07,-6.6052,-3.6476,0.1444 
2010-12-08,-8.0150,-3.5724,0.3848 
2010-12-09,-8.2411,-3.9337,0.0837 
2010-12-10,-5.1199,1.9938,3.0622 
2010-12-11,-2.6072,3.3946,0.1417 
2010-12-12,-3.3112,2.4459,23.8062 
2010-12-13,-11.5004,-4.3561,1.2626 
2010-12-14,-13.3824,-7.3804,0.0821 
2010-12-15,-11.7943,-6.2296,0.1110 
2010-12-16,-11.7572,-5.3449,0.0264 
2010-12-17,-6.9583,-3.7310,0.1500 
2010-12-18,-12.7364,-7.1258,0.1843 
2010-12-19,-11.2721,-5.4047,0.3130 
2010-12-20,-9.5824,-3.9716,0.1349 
2010-12-21,-6.9828,-2.4011,0.1507 
2010-12-22,-4.6176,-1.5480,0.9565 
2010-12-23,-5.4993,-1.3870,0.0440 
2010-12-24,-7.8320,-2.3881,0.0117 
2010-12-25,-5.6789,-2.8180,0.1597 
2010-12-26,-4.8053,-3.2319,0.2987 
2010-12-27,-11.4830,-4.1743,0.0590 
2010-12-28,-10.5001,-3.4646,0.0031 
2010-12-29,-8.1354,-2.7777,0.0173 
2010-12-30,-3.8979,2.7857,0.5323 
2010-12-31,3.0019,10.9723,3.5722 
2011-01-01,-3.1588,11.4861,11.5006 
2011-01-02,-10.3891,-4.5408,0.3475 
2011-01-03,-9.0933,-0.3845,0.0225 
2011-01-04,-3.4502,-0.8755,0.2527 
2011-01-05,-7.5093,-3.7214,0.4615 
2011-01-06,-6.7363,-2.1104,0.8230 
2011-01-07,-9.7271,-4.5790,0.9506 
2011-01-08,-11.5441,-7.0302,1.6568 
2011-01-09,-13.1820,-4.7520,0.0568 
2011-01-10,-8.1207,-4.9038,0.0246 
2011-01-11,-7.5444,-5.0930,5.8266 
2011-01-12,-6.2601,-4.3882,2.2740 
2011-01-13,-11.4713,-5.6684,1.0065 
2011-01-14,-11.3890,-6.7645,0.9267 
2011-01-15,-8.1696,-3.2449,1.2898 
2011-01-16,-13.2810,-4.0363,0.1194 
2011-01-17,-14.3002,-5.5885,0.0614 
2011-01-18,-5.0292,1.7364,3.9411 
2011-01-19,-7.4250,-0.6294,0.5819 
2011-01-20,-10.1643,-5.9629,1.4063 
2011-01-21,-12.3360,-6.7858,1.0694 
2011-01-22,-18.3863,-10.1769,0.4302 
2011-01-23,-16.8779,-9.5925,0.0554 
2011-01-24,-15.8767,-4.6714,2.3341 
2011-01-25,-7.4842,-1.2322,0.2080 
2011-01-26,-5.2731,-1.3911,0.1260 
2011-01-27,-7.1529,-2.6032,2.3257 
2011-01-28,-7.3083,-2.0309,1.3189 
2011-01-29,-6.9245,-1.5684,1.6910 
2011-01-30,-6.8003,-3.1613,0.2283 
2011-01-31,-13.2486,-6.7140,0.0386 
2011-02-01,-11.1627,-6.7377,5.4315 
2011-02-02,-8.2352,-5.2298,16.1710 
2011-02-03,-12.3591,-7.7272,0.0673 
2011-02-04,-15.1875,-7.7734,0.0678 
2011-02-05,-10.7464,-4.3787,4.5295 
2011-02-06,-10.1191,-2.1444,0.6405 
2011-02-07,-3.7415,-1.7564,0.5817 
2011-02-08,-13.8746,-4.4962,0.0789 
2011-02-09,-13.9888,-9.7073,0.0611 
2011-02-10,-16.4555,-10.4025,0.1252 
2011-02-11,-18.2612,-7.1131,0.0801 
2011-02-12,-7.4237,-1.4076,0.3483 
2011-02-13,-3.2734,3.0598,0.2291 
2011-02-14,-0.9737,3.2406,0.0075 
2011-02-15,-7.7641,-1.9298,6.5748e-04 
2011-02-16,-3.5120,2.6445,0.0918 
2011-02-17,2.5317,12.6652,9.7748e-04 
2011-02-18,3.0959,13.3554,0.0012 
2011-02-19,-4.8429,3.0460,3.0869e-04 
2011-02-20,-5.9099,0.9178,11.9096 
2011-02-21,-6.9489,-0.6942,16.5685 
2011-02-22,-10.4681,-7.2093,0.3613 
2011-02-23,-9.3143,-5.4437,0.0299 
2011-02-24,-6.6280,1.8643,2.5982 
2011-02-25,-4.1058,-0.0967,5.9895 
2011-02-26,-6.7790,-0.9873,1.1690 
2011-02-27,-2.8732,0.9843,0.2626 
2011-02-28,-2.4986,1.2982,23.6271 
2011-03-01,-6.2699,2.3507,9.8642e-04 
2011-03-02,-3.9692,2.1717,0.0215 
2011-03-03,-10.3495,-1.3537,0.0011 
2011-03-04,-1.2927,8.6666,1.9141 
2011-03-05,-0.1008,10.0464,26.0130 
2011-03-06,-5.1361,-0.5528,2.0455 
2011-03-07,-11.3292,-2.0121,0.0035 
2011-03-08,-4.9989,2.5393,0.0036 
2011-03-09,1.6847,7.5095,14.9151 
2011-03-10,1.2248,7.9623,1.3163 
2011-03-11,-1.3811,4.4993,2.2993 
2011-03-12,-1.1401,4.8332,0.0537 
2011-03-13,-1.9349,4.7336,0.0309 
2011-03-14,-4.8276,3.8379,0.0666 
2011-03-15,-2.8763,2.8766,2.9261 
2011-03-16,1.7892,10.9796,1.2308 
2011-03-17,5.0416,16.3332,3.0795e-05 
2011-03-18,7.8145,17.2444,0.0023 
2011-03-19,-1.8405,8.1427,0.0011 
2011-03-20,-0.9163,11.6003,5.4183 
2011-03-21,10.6258,14.6463,9.0910 
2011-03-22,0.0339,10.2703,3.0380 
2011-03-23,-0.5277,2.9543,6.2155 
2011-03-24,-5.0366,-0.1538,0.1405 
2011-03-25,-10.3319,-1.1949,0.0000 
2011-03-26,-10.1339,-1.2881,0.0032 
2011-03-27,-9.3797,0.6130,0.0131 
2011-03-28,-7.5722,2.2304,7.9462e-05 
2011-03-29,-4.0475,4.9189,7.0478e-06 
2011-03-30,-2.6089,4.7472,7.2356e-04 
2011-03-31,-1.0364,5.9403,3.3261e-04 
2011-04-01,1.3307,7.8695,0.0121 
2011-04-02,0.7085,7.6697,1.3452 
2011-04-03,1.9452,7.0424,2.0776 
2011-04-04,7.3874,19.3646,2.9626 
2011-04-05,-0.8887,7.0371,0.0461 
2011-04-06,0.8562,8.8456,8.1299 
2011-04-07,0.2795,9.4879,0.7156 
2011-04-08,2.9662,8.5957,16.6083 
2011-04-09,1.9932,13.2702,0.0392 
2011-04-10,9.4013,24.5568,0.3888 
2011-04-11,11.5823,24.1893,4.8974 
2011-04-12,3.3583,12.6237,5.4469e-05 
2011-04-13,3.8976,16.2530,1.7949e-04 
2011-04-14,5.7677,15.8776,0.0012 
2011-04-15,3.0917,11.7000,0.1719 
2011-04-16,9.2376,14.3973,6.6832 
2011-04-17,1.8394,7.7453,0.7382 
2011-04-18,-1.3927,7.1886,6.4834 
2011-04-19,-0.9554,4.2757,6.6268 
2011-04-20,4.1244,7.6097,21.8569 
2011-04-21,-1.2733,9.9079,0.1561 
2011-04-22,1.9434,8.6191,5.2897 
2011-04-23,7.3779,18.5483,17.6163 
2011-04-24,8.0613,15.5141,1.2748 
2011-04-25,9.0298,15.3284,11.3825 
2011-04-26,7.8738,19.8551,2.1626 
2011-04-27,14.6408,18.3777,15.6551 
2011-04-28,6.1127,15.6108,27.3596 
2011-04-29,2.8778,13.9298,0.0805 
2011-04-30,3.8935,13.5727,0.0013 
2011-05-01,12.1699,20.7602,2.7436 
2011-05-02,6.9077,18.8546,0.0192 
2011-05-03,4.9898,12.7395,0.0590 
2011-05-04,4.1680,12.6267,0.0064 
2011-05-05,6.2504,16.1747,0.0099 
2011-05-06,9.8692,16.3661,1.2855 
2011-05-07,10.3303,17.7102,1.2681 
2011-05-08,8.0520,17.6145,0.0137 
2011-05-09,8.1205,17.1161,0.0304 
2011-05-10,11.0745,19.1907,0.1166 
2011-05-11,13.4420,23.7991,0.0196 
2011-05-12,16.7856,28.8501,3.3686 
2011-05-13,17.4753,25.4169,1.4134 
2011-05-14,15.2082,21.7996,5.7458 
2011-05-15,6.1580,14.7886,14.2363 
2011-05-16,4.7661,9.4646,1.5168 
2011-05-17,4.9822,15.0331,0.2986 
2011-05-18,10.9782,17.4044,5.2509 
2011-05-19,12.5321,18.6737,3.0442 
2011-05-20,12.5650,21.9559,0.7820 
2011-05-21,15.9176,24.0834,0.3560 
2011-05-22,17.7424,27.9425,1.0812 
2011-05-23,17.2628,27.7451,8.2330 
2011-05-24,14.5310,22.0875,3.3995 
2011-05-25,10.9604,21.9580,38.8211 
2011-05-26,10.9915,18.3444,20.9013 
2011-05-27,6.9655,14.9911,3.3303 
2011-05-28,11.3730,19.1956,3.0162 
2011-05-29,16.2430,25.9817,13.3435 
2011-05-30,19.9147,28.5837,0.1264 
2011-05-31,22.2075,30.1297,1.4278e-05 
2011-06-01,19.7864,29.5391,0.0026 
2011-06-02,13.4624,21.8331,6.9158e-05 
2011-06-03,13.1487,22.1282,0.0018 
2011-06-04,17.1331,31.4811,8.6530e-04 
2011-06-05,19.6053,30.0395,0.0040 
2011-06-06,18.8267,28.9054,0.0020 
2011-06-07,23.2962,33.5212,0.0031 
2011-06-08,24.8193,32.5250,1.3579e-04 
2011-06-09,20.1794,30.9918,2.2554 
2011-06-10,13.1949,23.1417,10.1284 
2011-06-11,15.5354,23.1495,0.8123 
2011-06-12,9.3284,23.0805,0.0014 
2011-06-13,11.8742,21.8693,3.7951e-05 
2011-06-14,12.4045,22.1822,8.4245e-05 
2011-06-15,13.5594,21.0581,1.1669 
2011-06-16,15.6470,22.8527,2.9905 
2011-06-17,17.5453,24.8487,0.6281 
2011-06-18,20.0816,25.5409,0.0220 
2011-06-19,17.2839,24.5273,0.0106 
2011-06-20,18.1315,26.2640,0.2009 
2011-06-21,19.4579,29.8594,1.5806 
2011-06-22,20.0725,26.0124,9.3702 
2011-06-23,18.0885,23.1230,2.6736 
2011-06-24,16.6086,20.4728,3.9495 
2011-06-25,13.2804,23.6047,0.0402 
2011-06-26,18.8017,23.8140,0.0016 
2011-06-27,17.5008,24.8612,0.0019 
2011-06-28,18.6322,22.6729,2.6161e-05 
2011-06-29,14.1974,23.6610,8.4484e-06 
2011-06-30,18.1074,27.8108,1.3022e-04 
2011-07-01,18.2208,28.7966,0.0094 
2011-07-02,20.5931,32.8419,0.0139 
2011-07-03,20.5029,31.9449,1.2021 
2011-07-04,20.2105,27.6184,0.0121 
2011-07-05,21.2858,29.0538,0.0012 
2011-07-06,24.7012,29.9023,0.0013 
2011-07-07,18.5499,28.4015,5.8074e-04 
2011-07-08,19.2615,27.8803,0.0023 
2011-07-09,21.0578,29.4118,9.8274e-04 
2011-07-10,22.3082,32.2338,0.0000 
2011-07-11,24.6462,32.4970,12.8470 
2011-07-12,21.4992,30.9911,0.5390 
2011-07-13,15.7857,26.8495,0.0097 
2011-07-14,14.4802,23.2343,1.9011e-04 
2011-07-15,19.9965,26.2260,0.0110 
2011-07-16,21.9011,29.8224,1.0949e-09 
2011-07-17,24.5163,31.4400,7.7154e-07 
2011-07-18,23.9142,34.2755,0.8890 
2011-07-19,22.6786,31.6476,2.3737 
2011-07-20,24.1146,33.6581,0.0079 
2011-07-21,27.2193,33.5823,0.0039 
2011-07-22,26.2254,33.4859,1.9542 
2011-07-23,23.0506,32.8998,6.0228 
2011-07-24,21.2946,29.9484,4.5126 
2011-07-25,23.3634,29.6540,0.0034 
2011-07-26,21.6491,26.3615,9.9724e-06 
2011-07-27,18.5353,27.3776,0.5169 
2011-07-28,22.1621,30.9756,28.9435 
2011-07-29,22.2834,30.3989,34.2805 
2011-07-30,22.4240,28.5438,0.1714 
2011-07-31,24.8322,29.7860,0.0101 
2011-08-01,23.5751,29.3072,0.2778 
2011-08-02,24.1187,29.7182,0.9306 
2011-08-03,21.4110,29.4351,12.1787 
2011-08-04,17.8864,26.0629,0.0139 
2011-08-05,21.0972,26.4043,0.0060 
2011-08-06,22.7386,27.3089,1.8488 
2011-08-07,21.4021,27.2474,0.2363 
2011-08-08,18.3278,25.3483,0.8046 
2011-08-09,18.7666,25.4997,8.9126 
2011-08-10,17.5796,23.6206,0.9105 
2011-08-11,15.8267,24.0416,0.0348 
2011-08-12,19.5386,25.3224,0.0067 
2011-08-13,20.7638,27.3140,0.3956 
2011-08-14,16.4728,22.1225,10.6636 
2011-08-15,14.8135,23.5079,1.2355 
2011-08-16,18.2673,24.8803,0.0057 
2011-08-17,20.4990,25.7786,0.0024 
2011-08-18,21.8192,26.4574,0.0970 
2011-08-19,18.9992,26.5256,0.0258 
2011-08-20,20.2621,27.9457,1.1698 
2011-08-21,17.8136,23.0949,2.0481 
2011-08-22,13.2242,21.8744,0.0192 
2011-08-23,17.7022,26.5014,0.3193 
2011-08-24,19.0188,30.1526,15.6722 
2011-08-25,17.2849,26.1079,3.5701 
2011-08-26,17.2086,24.4674,0.0069 
2011-08-27,18.7661,25.5462,0.0271 
2011-08-28,14.0300,24.1449,7.4635e-04 
2011-08-29,16.2695,22.3327,2.7762e-04 
2011-08-30,17.9774,22.7674,0.0252 
2011-08-31,19.3561,26.9414,0.2694 
2011-09-01,21.0628,28.9851,0.1902 
2011-09-02,24.6879,31.2140,0.0174 
2011-09-03,25.5523,31.2538,1.4449 
2011-09-04,18.5808,29.6419,8.1948 
2011-09-05,12.0681,20.1708,0.0135 
2011-09-06,9.3981,16.5183,0.0011 
2011-09-07,12.1230,16.1554,15.1290 
2011-09-08,13.7609,19.1349,14.3951 
2011-09-09,15.8909,20.8689,3.8908 
2011-09-10,15.7758,22.1094,5.7339 
2011-09-11,16.2920,23.5350,2.9748 
2011-09-12,16.5017,26.1355,2.0416 
2011-09-13,19.6593,24.7293,0.0053 
2011-09-14,11.9681,20.9306,4.2303 
2011-09-15,4.8895,13.1521,2.3342 
2011-09-16,7.1859,12.4616,4.9644e-06 
2011-09-17,10.4978,15.7474,0.0000 
2011-09-18,10.5636,19.2336,0.0083 
2011-09-19,15.1510,19.0180,17.7246 
2011-09-20,13.2020,19.5833,0.4896 
2011-09-21,14.8889,22.6754,0.0080 
2011-09-22,13.9186,20.8665,0.0196 
2011-09-23,11.6325,17.9768,9.2320 
2011-09-24,10.0255,16.6053,1.3446 
2011-09-25,12.9885,19.9043,0.5710 
2011-09-26,15.9424,18.9701,22.3901 
2011-09-27,11.6880,16.3039,2.6114 
2011-09-28,11.0676,14.6245,7.4639 
2011-09-29,10.2691,16.6231,3.9496 
2011-09-30,7.6273,14.2824,7.4718 
2011-10-01,4.9197,10.3581,1.4619 
2011-10-02,2.4742,13.5779,0.0160 
2011-10-03,6.1523,16.4737,0.0051 
2011-10-04,9.0673,19.4580,2.3843e-04 
2011-10-05,15.2000,21.9813,5.0141e-04 
2011-10-06,13.8471,22.4725,0.0014 
2011-10-07,15.1815,23.7577,0.0016 
2011-10-08,15.6036,24.7722,0.0096 
2011-10-09,16.4326,24.3108,8.3248e-07 
2011-10-10,17.3147,22.4643,0.0000 
2011-10-11,16.1437,23.0295,0.0214 
2011-10-12,14.8075,20.6716,0.0485 
2011-10-13,10.8398,18.2728,0.6013 
2011-10-14,11.0886,17.3554,4.7146 
2011-10-15,8.4919,11.4191,1.1435 
2011-10-16,9.1911,14.0789,2.0718 
2011-10-17,6.5697,12.1208,0.0019 
2011-10-18,6.0415,11.4857,1.0729 
2011-10-19,6.6101,10.9180,16.6301 
2011-10-20,4.5606,11.0566,25.2983 
2011-10-21,3.7160,9.7125,0.3376 
2011-10-22,3.2780,10.9002,0.0612 
2011-10-23,5.5370,13.9493,0.0000 
2011-10-24,9.4825,13.3352,8.5437 
2011-10-25,7.6744,16.2097,0.1887 
2011-10-26,9.9578,15.8998,4.1307 
2011-10-27,3.8912,9.3764,4.3896 
2011-10-28,2.6689,8.2048,0.2771 
2011-10-29,2.8700,8.5133,2.0578 
2011-10-30,2.7663,8.2001,3.5959 
2011-10-31,5.2081,9.8703,0.8906 
2011-11-01,5.4966,12.7800,0.0168 
2011-11-02,6.6576,16.1013,2.2558e-04 
2011-11-03,7.0388,15.1552,0.0280 
2011-11-04,1.4948,9.1246,0.0144 
2011-11-05,1.3221,10.6090,5.7318e-10 
2011-11-06,3.3546,14.5143,1.0049e-05 
2011-11-07,9.2525,13.8194,0.8819 
2011-11-08,11.1196,17.8573,3.2968 
2011-11-09,9.4601,16.7046,8.8462 
2011-11-10,1.6629,7.5280,0.5223 
2011-11-11,-0.7425,3.9756,0.1927 
2011-11-12,1.4054,13.0305,5.6430e-04 
2011-11-13,9.7689,16.1803,0.0043 
2011-11-14,7.8822,16.8781,23.1833 
2011-11-15,7.0039,12.5010,0.1384 
2011-11-16,2.8458,9.8181,0.0358 
2011-11-17,-2.0718,1.8561,0.1019 
2011-11-18,-4.4277,5.5886,0.0035 
2011-11-19,2.3746,10.2765,0.0289 
2011-11-20,6.2925,13.5248,0.0847 
2011-11-21,0.2332,5.7860,0.4755 
2011-11-22,-0.0686,4.9867,29.2101 
2011-11-23,0.9282,7.5382,20.5233 
2011-11-24,1.8023,7.9498,5.0671e-04 
2011-11-25,4.7504,10.8868,0.0084 
2011-11-26,7.6206,14.2004,0.1229 
2011-11-27,5.0042,13.6249,15.3044 
2011-11-28,-1.0249,4.4615,3.3605 
2011-11-29,2.1139,3.8771,66.1472 
2011-11-30,-3.0267,1.7835,4.3772 
2011-12-01,-4.4519,0.2599,0.0826 
2011-12-02,-3.0978,0.6100,1.2221 
2011-12-03,-2.4863,6.6928,0.2900 
2011-12-04,5.0423,9.8586,8.8488 
2011-12-05,0.5120,8.8338,8.8610 
2011-12-06,-1.0316,0.7287,2.6547 
2011-12-07,-6.1529,0.6297,0.1144 
2011-12-08,-5.7956,0.4128,0.0089 
2011-12-09,-2.9977,-0.5147,0.8903 
2011-12-10,-10.3045,-3.6694,0.0356 
2011-12-11,-10.3185,-0.8151,3.0860e-06 
2011-12-12,-4.5876,1.2766,0.0015 
2011-12-13,-0.3437,3.9366,0.0496 
2011-12-14,2.0271,11.0088,12.4960 
2011-12-15,4.8227,13.9417,10.8901 
2011-12-16,-2.0451,4.0616,0.0677 
2011-12-17,-4.5881,-1.1210,1.5493 
2011-12-18,-3.4866,1.1177,0.3016 
2011-12-19,0.7869,7.6791,0.1857 
2011-12-20,-1.5513,5.5955,0.2072 
2011-12-21,1.8090,8.6761,2.9116 
2011-12-22,2.4713,5.3885,0.1928 
2011-12-23,-5.5100,4.0098,1.0704 
2011-12-24,-3.1875,0.7885,0.1517 
2011-12-25,-1.5219,4.5767,0.0106 
2011-12-26,-3.0841,4.7800,0.0191 
2011-12-27,0.1083,3.2080,9.8302 
2011-12-28,-6.9216,1.0139,0.3868 
2011-12-29,-6.4020,2.1793,1.0272 
2011-12-30,-0.3616,6.7286,7.6701 
2011-12-31,0.8596,7.3816,1.6004 
2012-01-01,-0.0160,6.1448,0.1855 
2012-01-02,-4.0950,-0.5100,0.6770 
2012-01-03,-10.2198,-4.7142,0.0672 
2012-01-04,-9.2024,0.4540,0.0121 
2012-01-05,-4.2322,1.6875,0.0163 
2012-01-06,1.0392,8.3533,8.9192e-08 
2012-01-07,-0.1130,6.4472,0.0070 
2012-01-08,-2.1541,2.6263,0.0035 
2012-01-09,-2.1320,4.2439,1.4663e-04 
2012-01-10,-0.3120,6.5643,1.1742e-04 
2012-01-11,1.8579,6.3179,0.1858 
2012-01-12,1.9134,4.2623,8.6393 
2012-01-13,-5.7874,0.2077,4.7210 
2012-01-14,-9.3911,-4.1652,2.1294 
2012-01-15,-9.8527,-7.6812,0.1534 
2012-01-16,-10.6647,3.0665,0.3126 
2012-01-17,-0.4472,9.5234,19.3111 
2012-01-18,-9.5770,-1.4725,0.0681 
2012-01-19,-8.9213,-3.9428,1.2580 
2012-01-20,-15.1041,-9.0270,1.4887 
2012-01-21,-12.7947,-6.0547,5.7176 
2012-01-22,-9.4296,0.6944,0.1090 
2012-01-23,1.2975,10.7529,15.0317 
2012-01-24,-3.3599,1.6535,0.3892 
2012-01-25,-4.3011,-0.1196,0.0615 
2012-01-26,-2.5447,1.3421,2.1010 
2012-01-27,-0.6363,3.1541,7.9835 
2012-01-28,-2.3871,1.4871,1.7099 
2012-01-29,-5.1760,-1.0492,0.8466 
2012-01-30,-7.8965,2.7107,0.0818 
2012-01-31,3.6342,10.8179,0.0041 
2012-02-01,1.5294,11.0793,0.1831 
2012-02-02,-1.1117,5.7678,0.0059 
2012-02-03,1.7040,6.5311,0.0041 
2012-02-04,-0.8078,6.2338,0.1909 
2012-02-05,-1.3829,5.2818,0.0397 
2012-02-06,-3.4996,6.4786,0.0017 
2012-02-07,-4.6648,4.6045,0.0293 
2012-02-08,-6.4686,1.0448,0.0123 
2012-02-09,-6.1224,1.8789,8.8889e-04 
2012-02-10,-6.2277,0.6658,1.0804 
2012-02-11,-14.0266,0.1818,6.6653 
2012-02-12,-9.0666,-1.8818,0.2335 
2012-02-13,-9.0011,-1.4956,0.0415 
2012-02-14,-3.4273,0.1317,3.0991 
2012-02-15,-4.8142,1.6785,0.1367 
2012-02-16,1.6580,4.6619,5.4851 
2012-02-17,-2.5487,4.0647,0.0592 
2012-02-18,-1.2847,3.6012,0.0520 
2012-02-19,-7.3757,0.4553,0.0040 
2012-02-20,-5.6465,1.3656,0.0675 
2012-02-21,-3.1179,6.5018,3.3966 
2012-02-22,-0.6101,6.0652,1.1362 
2012-02-23,-1.5726,4.6435,0.7675 
2012-02-24,-0.3596,2.5110,9.3580 
2012-02-25,-3.0647,-0.3377,1.5675 
2012-02-26,-6.4921,3.1331,0.0465 
2012-02-27,-0.4714,3.4244,0.0228 
2012-02-28,-3.7666,2.9223,0.0064 
2012-02-29,-0.4332,12.5727,18.6044 
2012-03-01,0.2506,11.6594,0.4323 
2012-03-02,0.5122,9.0949,10.9302 
2012-03-03,-1.8564,12.3218,5.1033 
2012-03-04,-6.1027,-0.5045,0.5447 
2012-03-05,-8.1969,-1.3034,1.7662 
2012-03-06,-4.5219,11.5644,0.0631 
2012-03-07,7.4463,16.9341,3.3848e-04 
2012-03-08,3.6496,16.6382,5.4892 
2012-03-09,-2.3654,2.6027,0.2472 
2012-03-10,-6.8141,8.2584,0.0025 
2012-03-11,1.7888,15.9215,6.8773e-04 
2012-03-12,8.4345,16.5987,7.0589 
2012-03-13,8.6639,16.5791,11.1747 
2012-03-14,9.4652,23.6438,0.0000 
2012-03-15,14.6038,24.8106,0.9591 
2012-03-16,16.5564,24.0573,3.8260 
2012-03-17,14.7246,21.7643,0.0382 
2012-03-18,14.3655,21.5931,2.1628 
2012-03-19,14.6607,22.8557,0.1801 
2012-03-20,16.7382,24.9119,9.6660e-04 
2012-03-21,17.6852,26.6217,8.0595e-04 
2012-03-22,16.0825,27.3319,0.0117 
2012-03-23,14.4354,25.0740,4.0841 
2012-03-24,11.7588,17.7356,6.8302 
2012-03-25,10.4747,19.4434,0.1715 
2012-03-26,-0.4579,18.2770,0.0089 
2012-03-27,-2.9482,13.3575,9.5821e-04 
2012-03-28,12.6714,15.2611,0.0022 
2012-03-29,-0.3723,11.4346,3.3138e-04 
2012-03-30,-1.5216,10.6127,7.7259 
2012-03-31,-2.2130,8.8095,0.2050 
2012-04-01,3.0232,13.5881,0.0590 
2012-04-02,1.0222,12.9128,0.0155 
2012-04-03,3.6123,20.6579,5.5969 
2012-04-04,4.5465,20.0277,0.0013 
2012-04-05,0.4987,11.5202,4.2800e-07 
2012-04-06,-0.3025,12.4502,5.0582e-07 
2012-04-07,4.5771,15.1069,7.9179e-06 
2012-04-08,7.5083,14.8186,0.5568 
2012-04-09,6.9779,14.0130,0.0966 
2012-04-10,0.8527,9.7055,0.2514 
2012-04-11,-0.0600,9.8253,0.0993 
2012-04-12,2.1396,12.3092,0.0058 
2012-04-13,5.3297,15.6020,0.0339 
2012-04-14,8.0199,18.0591,5.5280 
2012-04-15,14.5489,23.8087,4.5819 
2012-04-16,13.0613,23.6776,1.0315 
2012-04-17,3.0803,12.9222,2.6350e-04 
2012-04-18,3.1769,15.8335,4.0188e-04 
2012-04-19,11.5950,21.3120,0.1595 
2012-04-20,11.8028,20.9821,3.1924 
2012-04-21,1.4117,10.2664,5.2065 
2012-04-22,0.4209,8.7162,0.0027 
2012-04-23,2.0053,10.6131,0.0024 
2012-04-24,4.3539,13.3976,5.6651e-04 
2012-04-25,7.4213,16.6156,0.7381 
2012-04-26,9.2502,14.2854,1.9428 
2012-04-27,-1.2017,10.8196,0.0016 
2012-04-28,3.2245,10.7103,3.3485 
2012-04-29,1.4985,13.6953,0.0041 
2012-04-30,6.3150,16.6014,13.3309 
2012-05-01,9.9707,18.4695,3.1563 
2012-05-02,11.0151,25.7730,0.6312 
2012-05-03,18.3328,28.7022,0.0302 
2012-05-04,17.8717,28.4806,2.9613 
2012-05-05,12.9326,20.5464,0.0594 
2012-05-06,9.4711,19.2279,0.0068 
2012-05-07,11.6808,21.7486,14.6704 
2012-05-08,11.7099,21.2568,1.2204 
2012-05-09,10.1223,18.7528,0.4892 
2012-05-10,4.8465,15.3941,1.0101 
2012-05-11,10.0830,20.5838,4.3017e-06 
2012-05-12,13.5091,22.5138,0.0193 
2012-05-13,13.5986,19.5164,0.1704 
2012-05-14,14.1414,21.2255,5.4260e-04 
2012-05-15,17.0126,24.3129,3.0105e-04 
2012-05-16,12.9070,23.8179,0.1126 
2012-05-17,9.6237,17.8670,3.5571e-05 
2012-05-18,10.8996,21.1391,0.0000 
2012-05-19,14.5122,26.4673,0.0000 
2012-05-20,19.5157,28.0592,2.7502e-04 
2012-05-21,19.5681,26.8213,0.1275 
2012-05-22,10.6366,22.1479,0.1399 
2012-05-23,13.2199,22.7109,1.0471e-04 
2012-05-24,17.0113,27.2569,5.6318e-05 
2012-05-25,21.3554,28.7571,4.8397e-04 
2012-05-26,17.0630,26.9537,2.6703 
2012-05-27,17.9480,30.7408,0.0118 
2012-05-28,22.5592,30.5156,9.9772e-05 
2012-05-29,20.8455,29.7247,0.3231 
2012-05-30,15.9032,24.9130,0.0099 
2012-05-31,9.8445,18.2035,0.1356 
2012-06-01,10.1910,14.7185,9.9752 
2012-06-02,6.7173,19.8086,0.2108 
2012-06-03,15.8687,22.9060,6.3060e-04 
2012-06-04,13.3536,21.8083,1.9206e-04 
2012-06-05,9.8881,18.9839,0.2145 
2012-06-06,13.6939,22.2484,0.0039 
2012-06-07,14.4410,24.4359,0.0173 
2012-06-08,16.1824,27.9707,0.0046 
2012-06-09,20.3380,29.7231,5.4466e-05 
2012-06-10,23.0165,29.5981,0.0000 
2012-06-11,21.6969,29.0793,1.2789 
2012-06-12,19.8344,24.8891,0.9880 
2012-06-13,10.7115,20.6651,5.4594e-07 
2012-06-14,13.0489,23.2779,0.0000 
2012-06-15,16.1847,27.6650,4.8038e-04 
2012-06-16,20.6124,30.4285,5.0773e-05 
2012-06-17,20.0636,30.4636,5.7391 
2012-06-18,21.2457,31.3276,15.5326 
2012-06-19,23.3038,33.0504,0.4260 
2012-06-20,24.3565,32.7770,1.3845e-04 
2012-06-21,23.6090,31.1434,0.5258 
2012-06-22,19.2262,24.5016,0.5732 
2012-06-23,18.1218,26.5126,1.2879e-04 
2012-06-24,21.4842,28.6285,0.0063 
2012-06-25,16.2875,27.3853,7.2609e-04 
2012-06-26,15.9158,24.9892,2.8784e-05 
2012-06-27,20.0309,30.1005,5.7568e-06 
2012-06-28,21.7157,35.6894,0.0085 
2012-06-29,24.8246,34.4851,0.0020 
2012-06-30,19.4757,30.2889,0.1919 
2012-07-01,22.9956,30.0468,0.6034 
2012-07-02,22.7085,30.1243,0.2765 
2012-07-03,25.6276,32.6898,0.1245 
2012-07-04,25.8269,33.9472,0.1756 
2012-07-05,27.3169,35.1280,5.1125 
2012-07-06,28.7386,34.7567,0.0425 
2012-07-07,29.7802,34.7231,0.5587 
2012-07-08,21.4375,30.7521,0.9093 
2012-07-09,18.7915,26.5467,0.0645 
2012-07-10,17.6061,25.9121,0.0233 
2012-07-11,18.2949,26.8468,2.8331e-06 
2012-07-12,21.8835,29.5034,3.0559e-04 
2012-07-13,22.8659,29.9660,0.0264 
2012-07-14,20.7634,29.6325,0.0134 
2012-07-15,20.9079,29.9974,0.0063 
2012-07-16,23.3983,32.9442,0.0077 
2012-07-17,25.9817,35.6060,0.0082 
2012-07-18,25.0595,34.7197,3.8352 
2012-07-19,21.7049,28.0110,5.8512 
2012-07-20,16.9220,24.3838,7.1797 
2012-07-21,17.9119,28.7753,0.0014 
2012-07-22,24.5194,30.7495,0.0023 
2012-07-23,22.5562,31.3930,0.4039 
2012-07-24,23.7362,30.8398,0.2086 
2012-07-25,17.8033,29.9898,0.0190 
2012-07-26,23.6428,30.3659,1.0682 
2012-07-27,21.4518,27.4481,5.4090 
2012-07-28,17.3326,26.1659,2.6872 
2012-07-29,18.8952,26.8706,2.4644e-05 
2012-07-30,22.1575,28.9560,0.0119 
2012-07-31,22.1126,28.5191,2.7985 
2012-08-01,19.9754,27.8131,1.1542e-04 
2012-08-02,22.3021,30.4861,0.0011 
2012-08-03,23.2972,32.6429,5.9260e-04 
2012-08-04,22.7838,31.7870,0.2561 
2012-08-05,20.1383,28.6622,4.6573 
2012-08-06,16.5121,26.3389,0.0122 
2012-08-07,21.1321,29.2889,0.0048 
2012-08-08,21.4680,29.9890,0.0374 
2012-08-09,17.8778,29.7479,11.7864 
2012-08-10,15.4884,18.6176,13.5847 
2012-08-11,14.3756,20.4220,2.5660 
2012-08-12,14.7734,23.0795,0.0621 
2012-08-13,19.0986,23.9540,0.3227 
2012-08-14,16.6020,23.4108,5.3100 
2012-08-15,18.9205,24.3616,1.7883 
2012-08-16,19.7290,26.4577,0.6575 
2012-08-17,16.2668,20.6849,0.9369 
2012-08-18,12.3651,21.2494,0.0207 
2012-08-19,17.4532,22.2404,0.0166 
2012-08-20,16.1425,21.8639,0.0437 
2012-08-21,17.5604,23.0736,0.0879 
2012-08-22,17.8805,24.1591,0.0140 
2012-08-23,20.2088,26.9275,3.1676e-04 
2012-08-24,21.2098,28.8123,4.6460e-04 
2012-08-25,22.7667,30.1177,1.8295e-04 
2012-08-26,20.3237,30.1172,1.5662e-04 
2012-08-27,19.4166,28.9832,17.3503 
2012-08-28,16.5317,25.7922,0.0767 
2012-08-29,15.6221,25.5273,0.0166 
2012-08-30,17.6221,28.3796,0.0897 
2012-08-31,20.6487,30.4345,3.4493e-07 
2012-09-01,20.4460,29.1928,0.0867 
2012-09-02,19.8573,24.0956,0.6097 
2012-09-03,20.0901,27.0886,0.0073 
2012-09-04,21.3718,26.2343,0.4752 
2012-09-05,20.1973,28.2306,0.9916 
2012-09-06,16.8992,25.8420,0.7317 
2012-09-07,19.3946,25.6813,0.0557 
2012-09-08,13.7812,19.4243,14.4411 
2012-09-09,12.6086,19.1357,0.0331 
2012-09-10,13.2145,20.4102,0.0017 
2012-09-11,14.2151,22.8335,0.0042 
2012-09-12,15.8737,25.3967,5.5913e-06 
2012-09-13,17.6905,26.0095,0.0261 
2012-09-14,12.1223,24.5836,11.2067 
2012-09-15,12.0898,20.9913,0.0249 
2012-09-16,14.7974,22.9788,0.0059 
2012-09-17,15.0456,23.6397,0.0067 
2012-09-18,12.9505,22.4932,1.2720 
2012-09-19,6.9664,16.6316,0.3315 
2012-09-20,11.5560,19.9158,1.5425 
2012-09-21,12.3393,18.5858,0.8242 
2012-09-22,8.7916,13.8667,10.8161 
2012-09-23,5.7687,11.2754,0.3393 
2012-09-24,4.9534,14.6444,0.0055 
2012-09-25,8.9561,18.7196,0.0140 
2012-09-26,13.5715,20.3769,0.1350 
2012-09-27,10.2914,18.9045,0.0074 
2012-09-28,11.1484,18.2692,0.0024 
2012-09-29,12.2665,19.1686,0.0034 
2012-09-30,8.6970,17.8436,0.0013 
2012-10-01,10.0954,15.6389,0.0049 
2012-10-02,11.4081,18.8482,3.7192 
2012-10-03,14.4926,17.7053,1.1693 
2012-10-04,11.3049,22.2437,0.0016 
2012-10-05,6.9271,21.1101,2.5163 
2012-10-06,3.8648,8.6414,2.7420 
2012-10-07,2.9758,8.1748,0.4013 
2012-10-08,1.9989,9.2586,0.1412 
2012-10-09,3.1075,13.6997,0.0818 
2012-10-10,5.2775,12.6314,2.7515 
2012-10-11,0.8710,12.9914,0.0046 
2012-10-12,2.0819,11.7650,0.2097 
2012-10-13,2.2065,17.0371,4.0529 
2012-10-14,15.8749,19.3710,5.0805 
2012-10-15,8.1134,16.2966,1.1283 
2012-10-16,4.6580,12.3831,0.0296 
2012-10-17,11.6519,20.3645,1.0169 
2012-10-18,10.4321,19.4916,17.1536 
2012-10-19,6.8966,11.5852,1.9271 
2012-10-20,6.8399,10.1655,2.6135 
2012-10-21,5.6490,13.2085,0.0384 
2012-10-22,9.2838,20.4999,0.0452 
2012-10-23,15.8691,20.0998,4.1279 
2012-10-24,14.2078,21.3992,1.1244 
2012-10-25,14.6818,21.7354,6.0638e-06 
2012-10-26,6.3547,21.3644,1.0308 
2012-10-27,4.4166,9.8647,0.0034 
2012-10-28,2.0185,8.1262,0.0107 
2012-10-29,3.2854,5.8535,0.0056 
2012-10-30,1.7202,5.0871,3.4703 
2012-10-31,1.9528,5.4280,0.3934 
2012-11-01,2.6734,8.1431,0.0290 
2012-11-02,-0.6290,5.4217,0.1015 
2012-11-03,-2.9057,6.0254,8.1625e-04 
2012-11-04,-0.7479,4.6556,0.0000 
2012-11-05,-1.8043,4.6437,1.9534e-04 
2012-11-06,-0.4847,5.5859,0.0040 
2012-11-07,-2.0721,7.3684,0.0165 
2012-11-08,0.9354,8.3335,6.6365e-05 
2012-11-09,0.9043,12.0086,0.0934 
2012-11-10,6.5417,17.1405,0.8560 
2012-11-11,11.8024,17.6189,0.0044 
2012-11-12,-0.0600,16.9648,16.0746 
2012-11-13,-2.4646,1.8671,0.1990 
2012-11-14,-2.1616,2.7286,3.7200e-04 
2012-11-15,-0.0629,5.1842,9.0459e-04 
2012-11-16,2.2185,9.0085,0.0000 
2012-11-17,3.1104,9.1843,0.0000 
2012-11-18,3.5154,9.8809,0.2006 
2012-11-19,5.1285,9.8407,0.0160 
2012-11-20,6.7240,11.3343,0.0587 
2012-11-21,5.8201,13.9225,0.1440 
2012-11-22,5.3257,15.2389,0.2167 
2012-11-23,0.9667,13.8316,3.5862 
2012-11-24,-3.3213,1.1445,0.0342 
2012-11-25,-5.2103,4.1035,0.5291 
2012-11-26,-2.5022,1.9094,0.0049 
2012-11-27,-5.9469,0.6663,1.9539e-06 
2012-11-28,-3.6883,3.8038,0.0114 
2012-11-29,-1.8400,7.5186,0.0048 
2012-11-30,0.0230,6.6169,0.2237 
2012-12-01,1.7236,14.4255,0.0311 
2012-12-02,11.9787,14.9653,3.0514 
2012-12-03,8.5285,17.0267,0.1590 
2012-12-04,7.6385,16.9386,4.3776 
2012-12-05,-2.9694,7.5420,0.0020 
2012-12-06,-3.8847,3.4146,2.8179e-04 
2012-12-07,2.4604,7.2884,1.2711 
2012-12-08,1.6149,6.7359,3.1442 
2012-12-09,-1.1641,3.5086,3.5681 
2012-12-10,0.2734,5.4146,0.8629 
2012-12-11,-4.7187,-0.3305,0.1373 
2012-12-12,-5.3149,3.6519,0.1814 
2012-12-13,-3.1468,5.3734,0.0000 
2012-12-14,-1.3980,6.5571,1.5717e-04 
2012-12-15,2.0315,5.2458,0.3728 
2012-12-16,5.5600,10.2899,2.2220 
2012-12-17,2.8837,7.8901,0.2200 
2012-12-18,-0.6049,4.3821,0.7312 
2012-12-19,0.2631,4.5773,0.8625 
2012-12-20,1.8332,9.6747,11.0549 
2012-12-21,-1.4344,9.2047,1.9625 
2012-12-22,-4.2963,-0.2215,0.0080 
2012-12-23,-7.9374,0.4703,0.0012 
2012-12-24,-6.3065,-0.6396,0.8952 
2012-12-25,-6.2424,-0.5850,0.1983 
2012-12-26,-4.4878,-2.3083,7.7203 
2012-12-27,-3.9572,-2.0497,1.4014 
2012-12-28,-6.7270,-4.0742,0.1860 
2012-12-29,-4.5730,-2.0097,2.1405 
2012-12-30,-6.6135,-2.5335,0.2903 
2012-12-31,-7.5687,0.2400,0.0800 
2013-01-01,-8.3836,-0.2956,0.0340 
2013-01-02,-11.2773,-6.4776,0.1080 
2013-01-03,-12.6829,-1.5970,0.0629 
2013-01-04,-8.6870,-3.1026,0.1329 
2013-01-05,-8.1347,-2.6358,0.0231 
2013-01-06,-2.8299,0.1337,0.7383 
2013-01-07,-6.0816,0.0080,0.0376 
2013-01-08,-5.4750,-0.1907,8.3807e-04 
2013-01-09,-1.7526,3.5696,0.1933 
2013-01-10,-1.2557,2.0118,0.0726 
2013-01-11,0.6949,13.3516,18.2332 
2013-01-12,7.8666,12.7725,0.0179 
2013-01-13,1.6202,11.1494,23.1427 
2013-01-14,-6.9841,2.0760,0.5798 
2013-01-15,-7.3993,-2.7596,6.6600e-05 
2013-01-16,-5.8575,-0.1032,5.9619e-04 
2013-01-17,-4.1508,-0.1627,0.0148 
2013-01-18,-10.0970,0.1732,0.0484 
2013-01-19,0.5023,6.2342,0.0592 
2013-01-20,-7.6768,7.0502,0.2207 
2013-01-21,-12.6844,-7.5057,1.7332 
2013-01-22,-15.9783,-12.0284,1.1246 
2013-01-23,-16.2921,-9.6964,0.2534 
2013-01-24,-15.7887,-8.8025,0.4488 
2013-01-25,-11.5042,-6.1534,1.3635 
2013-01-26,-10.4605,-3.8668,1.2633 
2013-01-27,-7.6822,-3.2793,0.2523 
2013-01-28,-3.3303,7.9817,9.4524 
2013-01-29,2.6779,13.9960,9.1818 
2013-01-30,10.4482,16.1419,13.1306 
2013-01-31,-7.0704,9.7596,4.8549 
2013-02-01,-11.2816,-7.5206,0.5243 
2013-02-02,-13.9145,-4.8854,4.4695 
2013-02-03,-11.8163,-6.7509,0.2849 
2013-02-04,-13.1542,-6.6878,1.5827 
2013-02-05,-9.5039,-4.4851,0.3775 
2013-02-06,-10.3496,-3.0169,0.9535 
2013-02-07,-7.4283,-0.8832,0.0682 
2013-02-08,-3.8403,-0.2964,4.4092 
2013-02-09,-10.0312,-4.1500,0.2981 
2013-02-10,-8.3815,4.4600,0.6847 
2013-02-11,0.5785,8.0360,3.4742 
2013-02-12,-3.9530,0.1246,0.0814 
2013-02-13,-5.9730,2.5533,0.0146 
2013-02-14,-3.6876,5.5554,0.1962 
2013-02-15,-4.3225,2.7407,0.1141 
2013-02-16,-8.7048,-3.8181,0.4313 
2013-02-17,-12.7400,-5.6026,0.1618 
2013-02-18,-9.0317,6.6470,0.0216 
2013-02-19,-6.4392,7.0691,3.9942 
2013-02-20,-9.4372,-5.6291,0.1563 
2013-02-21,-11.9116,-3.4565,0.1962 
2013-02-22,-7.6171,2.0535,7.4290 
2013-02-23,-5.1981,1.5209,0.2043 
2013-02-24,-7.2049,0.8132,0.0759 
2013-02-25,-3.6958,1.9211,0.0274 
2013-02-26,-3.8870,0.8616,13.4148 
2013-02-27,0.2995,1.7474,23.3930 
2013-02-28,-1.2017,1.0877,2.3930 
2013-03-01,-5.5062,-0.5307,0.0223 
2013-03-02,-8.9858,-2.6561,0.2651 
2013-03-03,-13.0055,-2.8936,0.2275 
2013-03-04,-11.3326,-1.9022,0.0304 
2013-03-05,-8.6046,-0.4999,0.0529 
2013-03-06,-2.8505,2.1399,0.0520 
2013-03-07,-1.9294,1.5614,0.0461 
2013-03-08,-5.3835,1.0520,0.0258 
2013-03-09,-0.6329,3.7980,0.0221 
2013-03-10,3.5256,13.8583,0.4688 
2013-03-11,7.7252,12.4587,7.6776 
2013-03-12,-0.3860,6.1448,0.4728 
2013-03-13,-4.0218,0.7822,0.7765 
2013-03-14,-6.4891,3.1606,0.0132 
2013-03-15,-3.7251,4.9255,0.7717 
2013-03-16,-3.0654,3.5753,4.9536 
2013-03-17,-6.9612,-0.4681,0.0121 
2013-03-18,-6.2232,3.0428,0.6576 
2013-03-19,-7.1139,3.1305,0.3678 
2013-03-20,-7.3844,-2.6616,0.1639 
2013-03-21,-10.1755,-0.6373,0.4079 
2013-03-22,-5.8029,2.1775,0.0810 
2013-03-23,-6.4774,3.5865,6.1814e-04 
2013-03-24,-3.9255,3.4031,0.0097 
2013-03-25,-1.3902,2.2218,0.9296 
2013-03-26,-1.8108,4.6527,0.4148 
2013-03-27,-3.3096,6.2202,0.0461 
2013-03-28,-1.8233,8.7547,4.7191e-04 
2013-03-29,-1.1379,8.7203,1.5961e-04 
2013-03-30,1.5202,11.6618,0.0015 
2013-03-31,4.4624,13.2419,0.6568 
2013-04-01,-2.3584,10.9705,0.1973 
2013-04-02,-5.8575,3.1358,0.0945 
2013-04-03,-4.1628,4.9247,4.1156e-04 
2013-04-04,-3.1103,11.2355,1.7658e-04 
2013-04-05,0.1839,10.8897,5.6715e-05 
2013-04-06,-1.0277,13.7404,9.3302e-04 
2013-04-07,13.0021,16.7831,0.1390 
2013-04-08,2.5248,17.8498,3.5113 
2013-04-09,3.8466,17.5705,0.2228 
2013-04-10,6.4883,15.3798,12.8049 
2013-04-11,3.3531,7.7381,25.6553 
2013-04-12,2.6273,5.8050,13.6379 
2013-04-13,-0.3431,5.0029,0.5632 
2013-04-14,0.9958,8.8191,0.4259 
2013-04-15,6.5274,19.2982,0.0157 
2013-04-16,6.8891,18.8194,8.2607 
2013-04-17,4.9952,11.0134,2.0072 
2013-04-18,8.9521,23.9154,27.9793 
2013-04-19,2.3070,22.9754,13.3944 
2013-04-20,-0.9195,3.8788,1.2141 
2013-04-21,-2.9343,5.6363,0.0166 
2013-04-22,0.6350,14.7025,0.0012 
2013-04-23,7.1845,20.1511,0.6862 
2013-04-24,0.5960,15.0788,20.3487 
2013-04-25,0.0110,8.4623,1.8138 
2013-04-26,4.1821,13.6841,7.5368e-04 
2013-04-27,9.5287,18.6970,1.0699e-04 
2013-04-28,10.2205,17.8479,7.6298 
2013-04-29,10.9439,19.8091,0.4319 
2013-04-30,11.7869,24.1932,0.0841 
2013-05-01,14.0874,26.2044,6.8469e-05 
2013-05-02,14.8382,25.4391,2.1194e-05 
2013-05-03,16.9437,22.0691,0.0028 
2013-05-04,13.6946,20.9452,3.0177e-04 
2013-05-05,12.1131,18.7336,0.0000 
2013-05-06,11.2512,20.4297,3.0610e-08 
2013-05-07,13.6371,21.0110,0.0021 
2013-05-08,15.5187,21.8150,0.0434 
2013-05-09,16.7390,25.0658,0.0075 
2013-05-10,14.9903,24.6205,6.5841 
2013-05-11,4.5284,16.1213,0.2846 
2013-05-12,3.0374,7.5490,0.0364 
2013-05-13,-0.2008,10.8872,0.0146 
2013-05-14,6.6728,24.3968,0.0104 
2013-05-15,17.8667,25.1557,0.0631 
2013-05-16,17.1064,26.1416,3.0560e-04 
2013-05-17,11.7030,25.7784,8.5306e-04 
2013-05-18,13.9998,22.2351,0.0123 
2013-05-19,15.3322,26.1562,9.7171e-04 
2013-05-20,18.5148,30.2451,0.0141 
2013-05-21,21.2121,28.1588,0.1980 
2013-05-22,18.5024,25.5817,1.7890 
2013-05-23,5.3186,21.9713,7.3880 
2013-05-24,3.4079,12.2434,0.4809 
2013-05-25,5.5624,15.9504,7.6596e-05 
2013-05-26,8.3367,17.9976,3.6859e-10 
2013-05-27,10.2541,17.8283,11.6691 
2013-05-28,10.8470,23.9370,10.0149 
2013-05-29,19.1836,27.0348,0.3228 
2013-05-30,20.1385,27.7464,1.4117 
2013-05-31,20.8739,26.5894,4.9092 
2013-06-01,20.2265,25.5423,12.4511 
2013-06-02,16.6231,20.4081,0.1252 
2013-06-03,6.6238,17.7989,0.0030 
2013-06-04,10.2481,19.9033,0.0028 
2013-06-05,10.9478,19.9459,7.5870e-06 
2013-06-06,12.6518,20.2034,0.0250 
2013-06-07,10.9085,20.3945,0.0029 
2013-06-08,11.8786,21.2394,0.0095 
2013-06-09,15.4609,21.7236,0.1969 
2013-06-10,16.7912,21.5994,20.1754 
2013-06-11,17.0370,25.4535,0.6127 
2013-06-12,20.7064,25.7355,0.4235 
2013-06-13,15.8479,25.2039,30.6411 
2013-06-14,12.8633,20.8900,0.0482 
2013-06-15,16.0958,23.8953,0.2046 
2013-06-16,17.3535,24.7196,10.4881 
2013-06-17,18.6722,26.8965,0.0200 
2013-06-18,14.5218,24.7274,0.3058 
2013-06-19,9.2287,20.4871,3.2876e-06 
2013-06-20,14.6888,24.6245,3.8715e-04 
2013-06-21,18.9171,28.6803,0.0070 
2013-06-22,21.0833,30.1624,3.6482 
2013-06-23,22.4304,29.1612,1.3976 
2013-06-24,21.4306,29.0045,0.1576 
2013-06-25,19.1407,28.6870,6.4246 
2013-06-26,18.6810,27.5494,21.5145 
2013-06-27,18.4827,25.7073,31.6771 
2013-06-28,18.7781,25.7329,17.9655 
2013-06-29,16.7621,20.9815,8.2627 
2013-06-30,13.4614,21.6991,7.5729 
2013-07-01,15.1647,23.0038,6.8895 
2013-07-02,16.1574,22.8053,0.8709 
2013-07-03,17.0094,25.7831,0.0575 
2013-07-04,18.6210,25.4309,0.2605 
2013-07-05,19.2120,25.7484,0.7659 
2013-07-06,20.3852,26.0503,5.1127 
2013-07-07,18.8383,26.4801,1.5926 
2013-07-08,21.7128,28.9838,3.3535 
2013-07-09,20.1455,27.9791,3.6032 
2013-07-10,20.5945,27.7146,6.3406 
2013-07-11,15.9389,25.3072,0.0515 
2013-07-12,15.0501,24.3073,1.7491e-04 
2013-07-13,18.3603,25.1112,0.0104 
2013-07-14,20.7204,28.0092,5.9734e-04 
2013-07-15,23.5688,29.8060,0.3573 
2013-07-16,25.5551,31.1240,1.2131 
2013-07-17,26.1609,31.2376,0.2176 
2013-07-18,25.6970,31.6615,0.2059 
2013-07-19,24.1820,31.4868,0.0336 
2013-07-20,22.4689,30.3331,26.3157 
2013-07-21,18.3333,27.3223,0.0495 
2013-07-22,21.2113,26.4916,0.9180 
2013-07-23,19.0168,24.5220,4.2571 
2013-07-24,11.7334,24.0258,0.0032 
2013-07-25,14.4674,22.5089,0.0200 
2013-07-26,17.3471,24.8071,0.0018 
2013-07-27,16.4480,23.9714,6.2030 
2013-07-28,10.4186,16.9498,0.7117 
2013-07-29,12.0520,20.9056,0.1988 
2013-07-30,14.6810,23.5316,0.0158 
2013-07-31,19.1661,23.3454,0.3600 
2013-08-01,15.7412,22.7520,1.4311 
2013-08-02,16.1642,21.6637,0.3124 
2013-08-03,17.2934,23.0374,0.1904 
2013-08-04,12.8136,22.2277,5.2631e-04 
2013-08-05,15.8846,22.5672,0.0309 
2013-08-06,17.4873,25.5694,0.6459 
2013-08-07,19.4897,27.7186,4.4774 
2013-08-08,18.0662,27.1233,1.7379 
2013-08-09,17.3122,24.6617,0.0010 
2013-08-10,17.9183,23.9808,0.0224 
2013-08-11,18.4479,23.6099,0.0024 
2013-08-12,17.0566,23.1118,16.9752 
2013-08-13,13.2663,21.8776,14.0373 
2013-08-14,9.1296,18.9449,5.5652e-04 
2013-08-15,13.8732,20.3291,0.0306 
2013-08-16,17.0114,22.9317,0.0195 
2013-08-17,17.2960,23.3830,0.0045 
2013-08-18,19.2254,24.9918,0.0255 
2013-08-19,19.7816,25.8306,0.0363 
2013-08-20,21.1286,27.8762,6.6572e-09 
2013-08-21,20.9401,28.4675,0.0068 
2013-08-22,20.2590,27.5823,2.0656 
2013-08-23,17.8859,25.9667,1.0384 
2013-08-24,16.9533,24.8530,8.7184e-07 
2013-08-25,19.0345,28.4533,0.0192 
2013-08-26,20.6685,30.0143,0.0315 
2013-08-27,22.3177,29.9595,6.5296 
2013-08-28,23.0772,29.5359,5.5495 
2013-08-29,18.7373,27.8352,0.1126 
2013-08-30,22.4395,28.5235,0.0059 
2013-08-31,19.6089,28.1622,4.7393 
2013-09-01,19.2856,26.9339,0.1715 
2013-09-02,19.3648,26.8164,0.1873 
2013-09-03,11.4790,21.6183,0.0014 
2013-09-04,14.3515,24.5334,4.0904e-05 
2013-09-05,12.3174,23.2228,0.0159 
2013-09-06,12.1624,22.6392,0.0195 
2013-09-07,16.7516,26.8777,0.1034 
2013-09-08,17.2221,26.0486,0.3744 
2013-09-09,15.7494,28.0735,15.5927 
2013-09-10,23.8625,30.4263,0.1523 
2013-09-11,23.8711,30.0356,0.6349 
2013-09-12,19.3469,23.9855,4.8210 
2013-09-13,9.3403,18.3781,0.1180 
2013-09-14,8.7620,17.1005,5.6075e-04 
2013-09-15,12.7520,17.4547,0.6979 
2013-09-16,9.2974,15.6135,2.2217 
2013-09-17,7.4331,16.9845,0.0062 
2013-09-18,14.0551,22.2389,0.0029 
2013-09-19,16.1080,26.4492,0.4826 
2013-09-20,20.4612,25.5611,3.8605 
2013-09-21,14.4360,20.7436,7.1897 
2013-09-22,6.6752,15.3389,0.0012 
2013-09-23,7.5792,14.6054,0.0027 
2013-09-24,9.6339,16.4238,0.0025 
2013-09-25,10.4885,18.3611,0.0165 
2013-09-26,12.2812,20.7432,0.0147 
2013-09-27,14.5014,20.0247,0.0055 
2013-09-28,13.5175,22.9659,0.0247 
2013-09-29,15.5415,21.6841,3.5109 
2013-09-30,13.8039,19.4336,0.4255 
2013-10-01,13.5199,22.6826,0.0473 
2013-10-02,16.1700,22.6187,0.0681 
2013-10-03,17.5127,22.8504,0.7153 
2013-10-04,19.1748,25.4520,1.0565 
2013-10-05,18.1740,24.5529,3.3201 
2013-10-06,14.3252,22.3999,7.7208 
2013-10-07,5.3025,13.8769,0.4752 
2013-10-08,10.2039,16.3485,0.0013 
2013-10-09,12.7046,17.5517,0.0043 
2013-10-10,11.7104,18.5946,0.0055 
2013-10-11,11.8516,19.8927,0.0015 
2013-10-12,13.4090,21.7347,0.0161 
2013-10-13,11.9580,20.1715,0.0361 
2013-10-14,6.7631,15.9111,0.0033 
2013-10-15,9.0368,19.4571,0.1656 
2013-10-16,10.9351,18.3833,1.6828 
2013-10-17,6.7294,12.2236,2.4103 
2013-10-18,4.7518,13.5315,1.0173 
2013-10-19,5.3252,11.4378,1.2184 
2013-10-20,2.8671,12.7502,0.5994 
2013-10-21,9.7227,12.3381,0.4541 
2013-10-22,1.3379,8.9886,0.0680 
2013-10-23,0.4369,6.3792,0.2226 
2013-10-24,-1.8562,5.8599,0.5627 
2013-10-25,-0.5049,6.6605,0.0533 
2013-10-26,2.4109,8.9608,0.0826 
2013-10-27,2.2130,9.5215,0.0288 
2013-10-28,3.2331,9.7075,0.0021 
2013-10-29,1.2321,9.8398,7.4954e-04 
2013-10-30,6.6708,15.1410,0.0062 
2013-10-31,13.2583,16.6999,32.0370 
2013-11-01,6.2368,16.8861,11.5961 
2013-11-02,4.9638,7.2471,1.8281 
2013-11-03,-0.2222,5.6036,0.0533 
2013-11-04,0.7212,7.5033,2.1474e-04 
2013-11-05,6.4888,14.0365,0.0060 
2013-11-06,9.4675,12.8571,2.7011 
2013-11-07,2.2198,12.1441,1.0950 
2013-11-08,-0.3657,5.3408,0.5589 
2013-11-09,2.0954,12.0141,1.8196e-05 
2013-11-10,3.9660,11.2070,0.0165 
2013-11-11,-0.0687,6.2714,5.1854 
2013-11-12,-5.4023,-0.2533,1.3877 
2013-11-13,-7.6736,0.1328,0.0024 
2013-11-14,-2.3179,6.0674,4.8437e-05 
2013-11-15,3.6232,8.1575,8.3562e-04 
2013-11-16,2.1512,12.9375,0.0888 
2013-11-17,12.7426,17.0046,8.5240 
2013-11-18,0.9569,14.5938,7.6397 
2013-11-19,-3.3212,2.9523,0.0185 
2013-11-20,-1.9436,5.1036,2.2642e-04 
2013-11-21,3.5901,8.3256,1.9203 
2013-11-22,0.9168,7.6788,6.5502 
2013-11-23,-5.4831,0.3164,0.2880 
2013-11-24,-10.6171,-4.7942,0.0239 
2013-11-25,-9.1722,-1.0407,0.0430 
2013-11-26,-2.5348,1.1558,0.1789 
2013-11-27,-8.2454,-0.3090,0.2147 
2013-11-28,-8.2314,-2.6517,0.4298 
2013-11-29,-6.1559,-0.3812,0.0735 
2013-11-30,-4.1745,5.8038,0.0034 
2013-12-01,-0.3942,6.8399,1.7214e-04 
2013-12-02,-3.3736,3.6938,0.0238 
2013-12-03,-1.8215,5.0738,1.1662 
2013-12-04,4.6181,11.6374,0.2672 
2013-12-05,-0.0801,15.3174,0.0302 
2013-12-06,-4.7336,-0.7788,0.0023 
2013-12-07,-10.0322,-4.9414,0.0904 
2013-12-08,-10.5985,-3.3306,0.7774 
2013-12-09,-5.3450,-1.7852,1.7834 
2013-12-10,-12.4379,-6.0122,0.0801 
2013-12-11,-10.5317,-6.2207,0.9481 
2013-12-12,-15.1658,-9.8717,0.1376 
2013-12-13,-10.1458,-4.0989,0.0068 
2013-12-14,-6.5318,-2.6493,10.5971 
2013-12-15,-9.0252,-3.9736,1.3404 
2013-12-16,-12.8274,-8.0540,0.0784 
2013-12-17,-11.7775,-4.1222,1.4187 
2013-12-18,-7.1229,-2.1763,0.1933 
2013-12-19,-7.1806,3.0359,0.1940 
2013-12-20,1.7131,3.3519,3.8463 
2013-12-21,0.0670,3.8619,8.9713 
2013-12-22,-0.0370,3.6537,36.9362 
2013-12-23,-4.5964,1.0326,0.2074 
2013-12-24,-12.9340,-5.6293,0.2149 
2013-12-25,-11.4914,-5.1351,2.0578 
2013-12-26,-5.1602,-3.7114,1.9632 
2013-12-27,-6.0784,0.8323,0.2235 
2013-12-28,0.8153,4.8164,0.0211 
2013-12-29,-1.5284,4.5130,0.1301 
2013-12-30,-12.4490,-2.9752,0.1761 
2013-12-31,-10.5367,-8.0813,1.1211 
2014-01-01,-11.2686,-9.1784,10.0201 
2014-01-02,-11.9313,-9.7757,7.7489 
2014-01-03,-20.3170,-11.2438,0.0638 
2014-01-04,-17.2290,-2.6027,0.0867 
2014-01-05,-3.3941,-1.3364,15.3089 
2014-01-06,-19.1816,-2.1488,6.6518 
2014-01-07,-24.4405,-19.3601,0.0336 
2014-01-08,-21.2441,-12.6485,0.0101 
2014-01-09,-16.0634,-10.5891,0.1002 
2014-01-10,-10.1847,1.8074,0.8084 
2014-01-11,0.4731,3.5169,12.4866 
2014-01-12,-3.4839,0.7136,0.0733 
2014-01-13,1.2755,4.0210,0.0187 
2014-01-14,-4.3443,1.9526,0.1799 
2014-01-15,-5.4845,1.2247,0.8564 
2014-01-16,-11.6745,-3.3353,3.5214 
2014-01-17,-6.5216,-0.9393,2.6507 
2014-01-18,-12.5495,-7.3607,0.2298 
2014-01-19,-12.4924,-4.7873,0.7657 
2014-01-20,-7.1463,0.6493,0.2986 
2014-01-21,-16.4553,-7.2392,1.2126 
2014-01-22,-18.8042,-13.7884,0.6561 
2014-01-23,-16.1046,-10.8503,0.5381 
2014-01-24,-22.6587,-12.6704,0.0680 
2014-01-25,-11.7098,-2.5692,4.9768 
2014-01-26,-16.3780,-4.0338,3.5811 
2014-01-27,-15.7079,-3.7298,2.0533 
2014-01-28,-21.1464,-16.1800,0.1631 
2014-01-29,-23.5616,-12.1801,0.0067 
2014-01-30,-14.2262,-6.0370,0.0655 
2014-01-31,-5.4377,-1.8557,0.9758 
2014-02-01,-4.4170,1.0143,15.0451 
2014-02-02,-6.6338,0.8694,4.3784 
2014-02-03,-9.9367,-5.8074,0.0067 
2014-02-04,-10.0018,-6.7364,0.0202 
2014-02-05,-8.9614,-6.2037,11.7753 
2014-02-06,-13.7374,-9.5652,0.1838 
2014-02-07,-18.8265,-14.1092,0.0899 
2014-02-08,-19.8227,-11.4546,0.3521 
2014-02-09,-12.5615,-6.7915,2.3337 
2014-02-10,-12.0330,-7.4120,0.2504 
2014-02-11,-15.2750,-9.9560,0.0829 
2014-02-12,-15.8411,-10.9746,0.0376 
2014-02-13,-11.9703,-6.1340,0.0399 
2014-02-14,-9.4949,-4.5605,0.2862 
2014-02-15,-13.7930,-5.2310,0.0692 
2014-02-16,-10.6901,-6.0288,1.3392 
2014-02-17,-17.1518,-6.5247,0.6693 
2014-02-18,-5.6694,0.3601,9.6489 
2014-02-19,-0.3323,2.7891,0.0976 
2014-02-20,-2.9499,3.2628,27.6369 
2014-02-21,-2.0498,7.2995,4.8315 
2014-02-22,-5.2527,-0.8825,0.0098 
2014-02-23,-9.6232,-2.0480,4.9962e-04 
2014-02-24,-11.5835,-6.5171,0.1030 
2014-02-25,-10.7355,-6.3293,0.1867 
2014-02-26,-14.8076,-8.2359,0.2463 
2014-02-27,-14.4441,-9.9838,0.4195 
2014-02-28,-20.4000,-8.1563,0.0054 
2014-03-01,-8.2863,-1.6044,0.6393 
2014-03-02,-12.8160,-5.8018,8.0815 
2014-03-03,-20.1318,-11.1410,0.0863 
2014-03-04,-15.1361,-9.3876,0.0253 
2014-03-05,-12.2188,-6.8328,0.3959 
2014-03-06,-12.5097,-5.8283,0.0396 
2014-03-07,-8.2975,1.6140,0.0844 
2014-03-08,-2.8899,2.1180,4.8955 
2014-03-09,-9.1139,-0.6202,0.0067 
2014-03-10,-0.1421,4.1710,0.0035 
2014-03-11,2.9351,6.8387,0.0560 
2014-03-12,-9.9719,2.6917,16.4789 
2014-03-13,-18.2711,-7.3578,0.0843 
2014-03-14,-7.4775,4.6834,0.0791 
2014-03-15,-2.4572,4.1844,0.0057 
2014-03-16,-13.4727,0.1752,0.0430 
2014-03-17,-15.9610,-4.3735,0.0226 
2014-03-18,-8.1035,4.0364,4.0719e-04 
2014-03-19,2.2444,5.6509,0.9693 
2014-03-20,-1.7101,1.4940,0.2222 
2014-03-21,-2.5114,4.9274,0.1105 
2014-03-22,0.4152,8.3826,1.5857 
2014-03-23,-10.4012,2.2142,0.0123 
2014-03-24,-9.6860,-2.1773,0.0602 
2014-03-25,-6.6644,-2.1779,0.3214 
2014-03-26,-9.6219,-0.7734,0.0329 
2014-03-27,-5.0131,4.9008,2.5175 
2014-03-28,5.7452,11.3577,2.6276 
2014-03-29,-2.9947,6.6619,0.6950 
2014-03-30,-6.3426,8.5792,0.0020 
2014-03-31,3.3651,12.7100,0.0000 
2014-04-01,8.0888,12.4241,0.7784 
2014-04-02,1.4247,10.1739,8.5843e-14 
2014-04-03,-0.1978,9.8184,24.7731 
2014-04-04,2.8823,13.3870,2.8370 
2014-04-05,-2.1237,7.4869,1.3986 
2014-04-06,2.0440,10.3018,0.0015 
2014-04-07,1.9526,9.4986,3.9710 
2014-04-08,3.2899,13.1700,8.2037 
2014-04-09,1.1847,11.8621,0.0062 
2014-04-10,6.8889,17.4403,0.1035 
2014-04-11,9.5128,16.9953,0.1932 
2014-04-12,9.8401,20.8274,0.0181 
2014-04-13,16.6538,23.9596,0.0061 
2014-04-14,9.4884,24.0571,0.7494 
2014-04-15,-6.1120,8.0739,6.0269 
2014-04-16,-5.2789,3.5465,0.1211 
2014-04-17,-0.8488,15.6125,8.5643e-04 
2014-04-18,8.6083,16.0321,0.1371 
2014-04-19,0.7528,14.7878,6.1380e-05 
2014-04-20,3.7222,20.6664,7.6042e-06 
2014-04-21,14.5621,22.9425,0.0049 
2014-04-22,8.8908,22.8953,0.2187 
2014-04-23,0.0889,11.6091,0.0013 
2014-04-24,3.1444,11.0994,0.0916 
2014-04-25,7.2393,14.6532,5.9531 
2014-04-26,6.0336,13.9990,0.0225 
2014-04-27,0.3893,11.7795,0.0038 
2014-04-28,6.5172,10.4277,1.5586 
2014-04-29,8.4741,20.4367,13.0296 
2014-04-30,10.0472,19.0584,3.1466 
2014-05-01,6.5527,16.6640,0.0907 
2014-05-02,6.1975,13.1495,0.4143 
2014-05-03,7.5428,14.2033,0.8359 
2014-05-04,8.9234,13.1709,0.0047 
2014-05-05,5.3425,12.4161,0.1973 
2014-05-06,3.8823,14.2196,0.0112 
2014-05-07,8.2572,15.3945,6.0656 
2014-05-08,12.2339,27.7737,0.0401 
2014-05-09,18.7285,27.4309,3.7193 
2014-05-10,11.2531,21.8733,0.4390 
2014-05-11,14.1640,24.8603,0.0540 
2014-05-12,18.9173,25.8876,6.6342 
2014-05-13,20.2572,26.3603,2.6733 
2014-05-14,11.1878,21.5421,12.3692 
2014-05-15,9.0918,14.8512,14.9876 
2014-05-16,-0.7097,10.0832,0.0271 
2014-05-17,3.3546,11.0400,0.0839 
2014-05-18,6.0149,15.9147,0.0032 
2014-05-19,10.7650,18.0919,1.0545e-04 
2014-05-20,12.4783,24.9174,2.0561 
2014-05-21,16.7410,26.7455,4.8444 
2014-05-22,14.3360,25.9361,1.9102e-04 
2014-05-23,9.1431,20.2259,3.1022e-04 
2014-05-24,13.0881,22.1116,0.0019 
2014-05-25,17.8190,24.9965,0.0000 
2014-05-26,19.7483,27.6047,1.2283e-05 
2014-05-27,20.9815,27.4432,0.8247 
2014-05-28,18.8513,25.8172,2.0533 
2014-05-29,11.9632,21.7719,0.0168 
2014-05-30,14.7110,23.2693,0.0014 
2014-05-31,17.7873,23.9775,0.0000 
2014-06-01,15.0278,26.4823,1.9005e-07 
2014-06-02,20.5455,27.0749,2.0903 
2014-06-03,20.7804,23.1411,2.5473 
2014-06-04,14.6060,23.9095,5.8699 
2014-06-05,10.7308,21.6762,0.0361 
2014-06-06,13.7130,23.8882,6.0661e-04 
2014-06-07,18.9381,25.0051,6.6202e-04 
2014-06-08,15.1505,24.1133,6.6625 
2014-06-09,13.8295,23.8676,0.1008 
2014-06-10,18.1814,23.6922,0.1961 
2014-06-11,17.2077,23.6934,6.2457 
2014-06-12,17.0710,25.3195,1.5078 
2014-06-13,14.2853,25.3303,0.0348 
2014-06-14,12.1835,21.2616,1.5686e-05 
2014-06-15,14.5906,26.0072,2.4235e-04 
2014-06-16,22.2107,28.3877,0.0159 
2014-06-17,23.4933,30.3163,0.1456 
2014-06-18,22.6214,30.3494,4.2054 
2014-06-19,18.6277,24.9732,25.4637 
2014-06-20,14.2211,22.3224,4.8955 
2014-06-21,14.1959,24.6163,1.2642 
2014-06-22,18.9131,25.4458,0.0153 
2014-06-23,19.4614,29.7097,2.5932 
2014-06-24,19.9794,29.0689,4.7305 
2014-06-25,17.2508,24.3637,4.7599 
2014-06-26,16.3760,23.1553,1.5491 
2014-06-27,19.2239,25.7345,0.0483 
2014-06-28,19.2641,28.3842,3.2403 
2014-06-29,21.2015,27.0196,0.8555 
2014-06-30,21.5666,28.4770,1.4132 
2014-07-01,22.5826,27.8294,12.0998 
2014-07-02,17.9534,25.1779,0.0244 
2014-07-03,12.4242,20.9849,0.4985 
2014-07-04,13.7289,21.9183,0.0066 
2014-07-05,17.9421,22.4479,3.7335e-04 
2014-07-06,18.1094,26.3930,1.8784e-05 
2014-07-07,21.7050,26.3815,2.6785 
2014-07-08,19.2741,26.2214,5.1496 
2014-07-09,14.7444,22.2676,0.2714 
2014-07-10,14.4133,22.7728,0.0040 
2014-07-11,17.4007,25.6502,8.8675e-04 
2014-07-12,20.8277,27.6576,0.1783 
2014-07-13,21.6786,27.2113,1.8026 
2014-07-14,17.4733,25.5599,2.4800 
2014-07-15,13.9026,18.3504,0.1355 
2014-07-16,10.3991,18.7500,0.0913 
2014-07-17,13.0061,21.5841,0.0288 
2014-07-18,18.0023,23.0222,7.2130e-06 
2014-07-19,17.1938,22.6758,0.0067 
2014-07-20,17.6098,25.2493,0.0032 
2014-07-21,20.4239,28.1342,0.0100 
2014-07-22,21.7829,30.3967,0.0026 
2014-07-23,19.0846,29.3231,0.2200 
2014-07-24,13.0203,22.4187,9.7936e-04 
2014-07-25,17.0628,24.4921,0.0219 
2014-07-26,18.4321,25.8306,0.0545 
2014-07-27,18.4698,24.6444,4.0898 
2014-07-28,15.5091,19.3586,1.4047 
2014-07-29,12.0335,20.8790,0.1695 
2014-07-30,14.5979,21.8429,0.6253 
2014-07-31,13.7716,24.0007,0.0642 
2014-08-01,18.5831,25.5247,0.3767 
2014-08-02,17.7945,24.6743,0.2823 
2014-08-03,19.2345,26.5752,0.0269 
2014-08-04,21.8649,26.8318,0.1095 
2014-08-05,19.0532,25.3713,0.6048 
2014-08-06,16.3547,24.1397,0.1691 
2014-08-07,18.6292,25.8919,1.7872e-04 
2014-08-08,16.6943,25.4522,1.0501e-04 
2014-08-09,17.1403,24.1118,0.0000 
2014-08-10,17.0838,26.6323,2.5541e-11 
2014-08-11,19.4074,24.9817,42.3615 
2014-08-12,18.5047,20.9465,1.2652 
2014-08-13,13.7026,22.3622,0.1997 
2014-08-14,11.0692,21.7999,0.0015 
2014-08-15,10.5797,22.4240,8.9738e-04 
2014-08-16,14.1104,27.0536,0.0129 
2014-08-17,18.0951,26.6506,1.3938 
2014-08-18,15.8973,23.0857,0.0311 
2014-08-19,18.2405,28.2988,2.2692 
2014-08-20,18.9717,26.3892,3.4853 
2014-08-21,20.7629,27.4324,0.4080 
2014-08-22,20.1686,27.3529,0.2101 
2014-08-23,20.2026,26.5655,0.0315 
2014-08-24,18.6385,25.0117,6.0559e-04 
2014-08-25,20.0512,28.3963,0.0589 
2014-08-26,22.1428,30.0923,0.6662 
2014-08-27,16.4649,29.2238,0.1336 
2014-08-28,14.8853,22.2760,0.0015 
2014-08-29,15.8209,25.4405,0.0105 
2014-08-30,20.9999,27.6615,0.3274 
2014-08-31,19.1876,26.4225,2.1828 
2014-09-01,21.1402,25.3629,1.2895 
2014-09-02,19.8841,24.7488,1.4154 
2014-09-03,19.2470,25.2664,0.0017 
2014-09-04,19.0848,28.5428,0.5134 
2014-09-05,20.8216,30.2300,0.2332 
2014-09-06,15.3681,27.2450,7.1568 
2014-09-07,14.8463,21.3137,0.0021 
2014-09-08,16.4393,22.3601,1.4875e-04 
2014-09-09,17.3242,25.1916,0.0089 
2014-09-10,18.9332,24.5444,29.2740 
2014-09-11,11.7948,23.1277,1.2014 
2014-09-12,8.1016,16.4290,0.5607 
2014-09-13,8.8895,14.1789,5.0244 
2014-09-14,9.2845,15.6171,0.0033 
2014-09-15,12.0960,17.9382,0.7382 
2014-09-16,7.2307,17.0106,0.6565 
2014-09-17,10.4256,17.7679,0.0017 
2014-09-18,11.1469,18.7321,0.0011 
2014-09-19,8.8425,18.3105,6.6033e-04 
2014-09-20,13.8595,23.5086,5.1987 
2014-09-21,13.3322,20.9722,8.7571 
2014-09-22,4.1002,15.2128,0.1684 
2014-09-23,11.1025,19.0986,8.1163e-06 
2014-09-24,13.6672,20.7627,5.9725e-04 
2014-09-25,13.4611,21.3803,0.0040 
2014-09-26,14.1028,22.1613,2.2387e-04 
2014-09-27,15.7763,22.3071,2.7270e-06 
2014-09-28,16.2252,22.3096,0.0000 
2014-09-29,16.4356,23.7439,2.7049e-06 
2014-09-30,8.8923,23.0151,1.8251 
2014-10-01,9.7535,18.3087,0.0121 
2014-10-02,12.4263,25.1946,1.6682 
2014-10-03,13.3021,24.8932,16.4636 
2014-10-04,3.8608,12.8549,2.1225 
2014-10-05,3.0783,10.3961,1.0107 
2014-10-06,6.6315,14.8430,0.8944 
2014-10-07,6.8822,14.1752,0.6230 
2014-10-08,8.2134,13.7220,0.1633 
2014-10-09,8.2077,13.6028,0.0043 
2014-10-10,4.2197,12.6921,4.8850e-04 
2014-10-11,4.9186,12.7271,7.5539e-06 
2014-10-12,6.2569,14.5010,4.1208e-04 
2014-10-13,11.3481,21.0958,5.1511 
2014-10-14,17.3187,21.1032,8.0256 
2014-10-15,12.0026,17.3069,1.1534 
2014-10-16,11.6603,16.2794,1.7222 
2014-10-17,9.5423,16.0140,0.3145 
2014-10-18,6.3354,13.3013,0.6919 
2014-10-19,0.7049,8.8178,0.2181 
2014-10-20,7.6606,14.0989,2.5021 
2014-10-21,6.3941,13.5753,0.5564 
2014-10-22,2.4003,11.6655,0.0050 
2014-10-23,4.8464,11.9884,2.6733e-04 
2014-10-24,7.9124,15.5231,1.7882e-04 
2014-10-25,9.0261,17.7743,0.0011 
2014-10-26,5.6478,13.3734,6.1641e-05 
2014-10-27,8.1393,22.6476,0.2093 
2014-10-28,13.8964,21.6026,5.4751 
2014-10-29,6.0294,12.7472,0.0382 
2014-10-30,2.4766,8.4042,0.0060 
2014-10-31,2.6938,7.9112,3.4020 
2014-11-01,1.3348,3.6650,1.3920 
2014-11-02,-3.6402,6.7832,0.0014 
2014-11-03,0.5453,13.1630,0.0016 
2014-11-04,11.3016,14.0912,2.5046 
2014-11-05,4.3766,12.4588,0.2227 
2014-11-06,5.2027,10.5133,1.8807 
2014-11-07,-1.6810,6.7219,1.1490 
2014-11-08,0.8514,7.0081,0.6143 
2014-11-09,1.0788,6.9472,0.1138 
2014-11-10,4.7880,13.7390,9.8674e-04 
2014-11-11,8.7243,15.9201,0.5171 
2014-11-12,-0.7459,6.6227,0.3490 
2014-11-13,-4.1055,-0.3222,0.4397 
2014-11-14,-8.0593,-0.6349,0.3431 
2014-11-15,-7.9931,-1.7693,0.4088 
2014-11-16,-4.6031,-0.8089,0.7733 
2014-11-17,-7.1462,-1.4656,2.2262 
2014-11-18,-11.6640,-7.6947,0.4160 
2014-11-19,-14.4857,-0.8723,1.2680 
2014-11-20,-7.0684,-2.6943,0.8592 
2014-11-21,-11.5985,-5.8650,0.2912 
2014-11-22,-10.8850,4.8278,3.5724 
2014-11-23,5.3120,11.0546,6.6951 
2014-11-24,1.6944,12.5994,27.8090 
2014-11-25,-3.6000,1.0653,0.2345 
2014-11-26,-5.5875,-0.0681,0.0896 
2014-11-27,-4.4820,-0.7540,0.1958 
2014-11-28,-8.2303,-2.2393,0.4601 
2014-11-29,-3.3880,8.2771,0.3351 
2014-11-30,8.7131,14.2680,0.4486 
2014-12-01,-4.3964,9.5325,0.2467 
2014-12-02,-7.1923,0.9862,0.0448 
2014-12-03,-4.7945,2.0829,0.1103 
2014-12-04,-4.3816,0.2007,0.0022 
2014-12-05,-2.0389,3.7532,0.0525 
2014-12-06,-0.3233,4.0989,0.2025 
2014-12-07,-5.3960,0.9315,0.0012 
2014-12-08,-0.7947,4.9822,0.1967 
2014-12-09,0.1789,4.1046,3.4325 
2014-12-10,-2.5954,2.0911,0.1508 
2014-12-11,-8.1592,2.6517,0.0066 
2014-12-12,-3.5922,4.1716,0.0207 
2014-12-13,-2.8517,7.9372,0.0211 
2014-12-14,4.3826,10.5300,0.0118 
2014-12-15,4.5919,9.8961,0.0211 
2014-12-16,5.0846,8.1055,6.4182 
2014-12-17,-1.9169,6.8528,0.2497 
2014-12-18,-5.7998,-0.3091,0.1198 
2014-12-19,-5.8157,-0.5697,0.1842 
2014-12-20,-4.9980,-0.7060,0.0080 
2014-12-21,-3.5317,0.6930,0.0399 
2014-12-22,-3.2607,3.9101,0.1635 
2014-12-23,2.4876,10.4881,3.0984 
2014-12-24,4.2839,9.8332,16.9999 
2014-12-25,1.3047,4.0562,1.9774 
2014-12-26,-0.5229,6.7432,0.0408 
2014-12-27,3.1546,9.5735,0.8953 
2014-12-28,-1.9697,8.3890,0.9601 
2014-12-29,-5.5030,-0.9695,3.0365e-05 
2014-12-30,-9.8530,-3.7857,0.0119 
2014-12-31,-11.0940,-7.2685,0.2183 
2015-01-01,-9.6564,-8.9071,0.0077 
