Meteorological forcing data for the Large Basin Runoff Model.      
eri, 14,   <- lake basin, subbasin            
yyyy-mm-dd, Tmin(C), Tmax(C), Prec(mm)                             
2010-01-01,-4.9957,-2.6974,0.4023 
2010-01-02,-8.8487,-4.3979,2.8163 
2010-01-03,-9.6011,-5.1285,5.9112 
2010-01-04,-6.6059,-4.8907,3.0336 
2010-01-05,-5.1517,-3.8044,4.4188 
2010-01-06,-3.7804,-2.7706,4.0249 
2010-01-07,-4.3820,-2.9469,0.2974 
2010-01-08,-5.9250,-4.1741,3.5456 
2010-01-09,-8.0119,-5.5384,0.2096 
2010-01-10,-7.9658,-4.1015,0.1835 
2010-01-11,-9.2857,-5.4784,1.1014 
2010-01-12,-6.2707,-4.3666,0.4927 
2010-01-13,-5.5457,0.0170,0.1547 
2010-01-14,-4.2143,4.4216,0.0000 
2010-01-15,0.0903,2.5373,0.1548 
2010-01-16,-0.8001,3.5581,0.0182 
2010-01-17,0.8426,5.2175,0.0387 
2010-01-18,-2.1209,3.3457,0.0112 
2010-01-19,-2.0498,-0.8715,0.2339 
2010-01-20,-3.7770,-1.5250,0.2729 
2010-01-21,-6.5309,4.1214,2.2272e-04 
2010-01-22,0.3154,4.2062,1.5111 
2010-01-23,-3.0425,5.2748,0.0067 
2010-01-24,2.2987,6.4759,6.1817 
2010-01-25,0.1868,8.4366,21.0466 
2010-01-26,-3.9399,1.0821,4.2109 
2010-01-27,-7.5638,-3.0350,1.1110 
2010-01-28,-9.8467,-1.9048,4.0366 
2010-01-29,-10.9004,-9.1187,0.1636 
2010-01-30,-11.1966,-8.1451,0.1776 
2010-01-31,-12.0786,-4.8615,0.0651 
2010-02-01,-7.7488,-4.4347,0.1855 
2010-02-02,-6.9925,-1.6475,0.2378 
2010-02-03,-3.2320,-1.1207,1.3391 
2010-02-04,-5.5658,0.5225,0.1103 
2010-02-05,-3.6847,0.7374,0.0851 
2010-02-06,-6.4408,-0.3919,0.8108 
2010-02-07,-7.4795,-5.3796,0.1623 
2010-02-08,-6.3801,-2.9578,0.0027 
2010-02-09,-8.0641,-1.0685,3.0553 
2010-02-10,-6.8997,0.0042,11.1152 
2010-02-11,-5.2661,-2.7035,3.6841 
2010-02-12,-7.5602,-3.6155,0.3322 
2010-02-13,-5.1146,-3.5025,0.3178 
2010-02-14,-5.0551,-2.2289,1.0131 
2010-02-15,-6.8834,-0.4940,0.1230 
2010-02-16,-4.7024,-2.4692,3.5883 
2010-02-17,-4.3381,-1.6698,1.4020 
2010-02-18,-2.7269,-1.2497,1.2003 
2010-02-19,-4.2448,-0.6044,0.0839 
2010-02-20,-6.6573,-0.1135,0.0273 
2010-02-21,-4.1917,3.0783,0.0016 
2010-02-22,-0.7457,4.8124,6.8791 
2010-02-23,-1.7275,3.8492,0.9819 
2010-02-24,-3.0576,0.7909,0.1858 
2010-02-25,-5.5967,-1.4737,1.5069 
2010-02-26,-6.1674,-2.1463,8.9091 
2010-02-27,-2.8357,-0.2968,7.8541 
2010-02-28,-2.4107,0.6543,5.7768 
2010-03-01,-1.8000,0.3704,0.3682 
2010-03-02,-5.9585,-0.0723,0.1361 
2010-03-03,-4.8808,-0.1466,0.0359 
2010-03-04,-5.1817,0.2953,0.0219 
2010-03-05,-5.3598,0.6788,0.0040 
2010-03-06,-6.3225,1.2469,6.1669e-04 
2010-03-07,-2.4109,4.2273,7.2881e-04 
2010-03-08,-0.4380,5.3668,0.0000 
2010-03-09,2.1873,9.4308,0.0097 
2010-03-10,3.6821,13.7066,0.1691 
2010-03-11,4.9890,11.1583,0.0071 
2010-03-12,4.6203,12.9930,1.4521 
2010-03-13,2.1555,6.2367,6.3720 
2010-03-14,0.6977,2.7058,8.7707 
2010-03-15,0.7533,2.9441,0.3906 
2010-03-16,0.3948,6.5245,0.0030 
2010-03-17,3.9568,8.5283,0.0000 
2010-03-18,4.5013,10.3210,4.4105e-05 
2010-03-19,4.8611,12.0885,3.9165e-04 
2010-03-20,2.3451,11.7266,7.7673e-05 
2010-03-21,-0.4208,4.6006,0.2982 
2010-03-22,1.6499,4.9044,11.5127 
2010-03-23,1.4299,3.6058,9.4273 
2010-03-24,-0.3913,6.7903,6.1965e-04 
2010-03-25,0.8052,7.4313,14.4844 
2010-03-26,-4.1355,0.3107,2.8215 
2010-03-27,-5.6762,7.0148,0.0000 
2010-03-28,3.7631,6.6775,4.5345 
2010-03-29,3.0194,8.6091,2.4544 
2010-03-30,-0.2602,5.2370,0.0176 
2010-03-31,4.0389,15.8019,0.0094 
2010-04-01,9.6441,23.4341,0.0000 
2010-04-02,15.6680,27.1576,0.0000 
2010-04-03,17.7182,26.9491,0.0010 
2010-04-04,9.5060,20.0994,6.6482e-04 
2010-04-05,13.8259,20.3613,0.1302 
2010-04-06,15.7811,26.6394,1.6467 
2010-04-07,21.2760,25.7775,0.0850 
2010-04-08,8.0211,22.9574,7.7863 
2010-04-09,0.9236,7.0377,0.4377 
2010-04-10,1.4958,16.4240,0.1727 
2010-04-11,7.5346,15.9925,0.0024 
2010-04-12,5.5322,11.7194,2.5831e-06 
2010-04-13,5.9121,11.4935,0.0127 
2010-04-14,7.5885,17.6278,7.0293e-06 
2010-04-15,12.0369,24.6570,0.0832 
2010-04-16,16.4928,23.7768,3.7243 
2010-04-17,3.2161,15.7061,0.3927 
2010-04-18,2.4862,8.1854,0.5257 
2010-04-19,3.3076,11.6197,0.0090 
2010-04-20,5.8928,12.1267,0.0000 
2010-04-21,7.6218,14.9004,1.6945e-04 
2010-04-22,3.8408,14.0899,0.0034 
2010-04-23,4.0548,12.5842,1.2413e-05 
2010-04-24,8.0836,16.1816,0.7271 
2010-04-25,10.4987,17.7293,26.4405 
2010-04-26,7.9869,10.4387,11.1435 
2010-04-27,3.0460,9.9416,0.3992 
2010-04-28,2.8504,9.3079,0.0044 
2010-04-29,6.7691,15.5984,3.2337e-04 
2010-04-30,11.9475,25.7074,2.1351e-04 
2010-05-01,17.4297,26.6454,0.0738 
2010-05-02,18.1231,22.6747,0.6008 
2010-05-03,15.5419,21.1971,1.1970 
2010-05-04,12.4469,19.1149,1.0593 
2010-05-05,14.5996,25.8606,0.3676 
2010-05-06,11.7799,16.6356,11.3118 
2010-05-07,8.2596,23.3581,0.2704 
2010-05-08,4.8540,19.3370,8.6194 
2010-05-09,2.9247,6.2071,0.4138 
2010-05-10,4.5752,9.7167,1.8661e-05 
2010-05-11,5.1287,9.6691,19.5781 
2010-05-12,7.3700,11.2348,12.7391 
2010-05-13,5.0877,19.4804,2.6813 
2010-05-14,15.4765,18.8702,8.8315 
2010-05-15,9.5797,15.8558,0.0036 
2010-05-16,7.1052,15.3384,6.6644e-05 
2010-05-17,12.0101,17.0919,0.5870 
2010-05-18,10.3696,16.0931,9.1648 
2010-05-19,7.1381,17.5010,0.1686 
2010-05-20,12.8192,22.9206,0.0029 
2010-05-21,15.9777,23.9160,0.0748 
2010-05-22,15.7652,22.9923,6.2630 
2010-05-23,15.7156,23.3559,1.5280 
2010-05-24,16.6241,25.7303,0.0048 
2010-05-25,17.6676,25.6442,0.0014 
2010-05-26,20.3485,25.9852,0.0196 
2010-05-27,18.8978,25.7989,3.4230e-05 
2010-05-28,16.9352,23.3532,0.0000 
2010-05-29,18.1243,23.8116,0.0120 
2010-05-30,17.6010,25.2901,2.8106e-05 
2010-05-31,21.6413,27.3175,9.9008 
2010-06-01,18.9416,24.5747,12.4177 
2010-06-02,18.1624,27.0001,0.7500 
2010-06-03,16.6598,24.5327,0.4447 
2010-06-04,15.0763,25.7440,0.1918 
2010-06-05,17.9724,25.8333,0.0321 
2010-06-06,14.1578,23.2314,20.1507 
2010-06-07,12.1211,16.7861,4.0805 
2010-06-08,11.8528,18.2198,0.0094 
2010-06-09,13.6231,22.8374,6.8076 
2010-06-10,16.0501,22.5358,0.1119 
2010-06-11,15.8562,25.1197,0.2712 
2010-06-12,21.6804,27.3187,0.0311 
2010-06-13,19.7217,26.8483,0.6282 
2010-06-14,17.4898,23.1692,0.2132 
2010-06-15,18.3202,24.4006,0.0063 
2010-06-16,19.5731,24.3917,0.0084 
2010-06-17,15.2943,22.7885,0.0147 
2010-06-18,17.5451,26.6871,0.0204 
2010-06-19,21.3268,30.1511,0.0015 
2010-06-20,18.9618,27.0384,0.0186 
2010-06-21,17.2959,24.1231,0.0000 
2010-06-22,18.6953,26.5641,1.0959 
2010-06-23,22.0609,30.3580,3.5365 
2010-06-24,21.3641,29.6619,1.5720 
2010-06-25,17.8674,22.7070,0.3850 
2010-06-26,19.2383,26.5203,0.1470 
2010-06-27,19.7084,30.8044,0.4621 
2010-06-28,20.5033,25.7538,10.3100 
2010-06-29,15.6573,24.3715,0.0446 
2010-06-30,15.1190,17.3921,2.3413e-06 
2010-07-01,15.7342,18.6874,0.0267 
2010-07-02,14.6629,21.1942,7.8751e-04 
2010-07-03,17.7414,26.9123,0.0297 
2010-07-04,22.2691,29.8337,0.0000 
2010-07-05,24.0692,29.7393,9.4763e-06 
2010-07-06,26.8699,30.0931,3.9264e-05 
2010-07-07,25.8475,30.3556,0.0024 
2010-07-08,26.3111,30.9797,0.0326 
2010-07-09,19.8338,29.3480,27.9701 
2010-07-10,20.0919,24.4271,0.5668 
2010-07-11,21.5515,27.3232,0.0361 
2010-07-12,20.5036,26.9702,0.9714 
2010-07-13,20.7934,24.9484,4.3949 
2010-07-14,20.8941,24.6610,0.1910 
2010-07-15,21.2323,30.4001,0.2100 
2010-07-16,20.4614,29.2262,1.5163 
2010-07-17,22.8121,29.6352,7.5827e-04 
2010-07-18,20.2423,29.9495,0.0731 
2010-07-19,20.4965,28.8963,8.8553 
2010-07-20,18.8203,24.3683,1.6219 
2010-07-21,19.9664,26.0538,0.2138 
2010-07-22,19.4033,25.3762,0.1715 
2010-07-23,23.3019,31.0164,14.4224 
2010-07-24,25.8570,30.5630,15.4502 
2010-07-25,20.2790,28.0676,16.6427 
2010-07-26,19.8405,24.3368,0.3172 
2010-07-27,20.4743,26.8157,0.1884 
2010-07-28,22.2075,30.5927,0.5145 
2010-07-29,19.0381,21.7897,13.5598 
2010-07-30,19.3163,22.4698,0.0326 
2010-07-31,19.0678,24.6255,0.0648 
2010-08-01,20.4572,25.5620,0.0168 
2010-08-02,18.7797,26.3771,0.0332 
2010-08-03,22.2738,28.8473,0.2550 
2010-08-04,23.2607,27.9026,0.0279 
2010-08-05,22.9481,26.6298,2.6452 
2010-08-06,20.5586,25.2708,3.2016 
2010-08-07,18.3565,22.7991,0.1476 
2010-08-08,19.4871,27.7098,7.6137e-04 
2010-08-09,22.7680,28.9565,0.0012 
2010-08-10,20.8903,27.2054,0.0154 
2010-08-11,22.2123,26.9882,0.1875 
2010-08-12,20.4499,26.2547,18.5535 
2010-08-13,20.2591,27.8654,1.8882e-05 
2010-08-14,21.2141,29.9388,0.0187 
2010-08-15,20.8426,27.9748,2.0241 
2010-08-16,21.4881,27.6723,0.1062 
2010-08-17,21.0252,24.3940,0.0389 
2010-08-18,21.3330,23.9617,0.0495 
2010-08-19,19.5804,25.5598,0.0392 
2010-08-20,19.3852,26.1422,8.4068e-04 
2010-08-21,22.5227,29.2667,2.5039 
2010-08-22,19.9648,22.6806,31.7552 
2010-08-23,19.0465,20.4412,4.7813 
2010-08-24,17.3605,23.4956,0.2705 
2010-08-25,19.0369,23.2583,0.0066 
2010-08-26,17.4291,20.1769,0.0258 
2010-08-27,16.0830,20.8706,0.0504 
2010-08-28,17.4482,25.5927,0.0592 
2010-08-29,20.7602,28.0926,0.0372 
2010-08-30,23.7988,29.6564,0.0015 
2010-08-31,23.2533,29.9252,0.0469 
2010-09-01,24.1531,29.5567,1.1683e-04 
2010-09-02,23.9359,28.1907,3.6482e-04 
2010-09-03,18.2254,27.9827,5.0539 
2010-09-04,14.7472,20.2483,18.6619 
2010-09-05,14.3836,17.7903,0.0339 
2010-09-06,14.4401,23.5567,0.0588 
2010-09-07,18.9039,28.6952,4.5539 
2010-09-08,15.6685,21.7564,2.8962 
2010-09-09,14.0416,17.5531,0.0330 
2010-09-10,13.6999,17.1486,0.0065 
2010-09-11,12.9069,21.7003,0.0780 
2010-09-12,14.6462,19.8368,6.2904 
2010-09-13,14.4459,21.7549,0.0509 
2010-09-14,14.6354,21.0709,0.0840 
2010-09-15,13.2709,17.4135,0.2768 
2010-09-16,13.9433,20.5082,13.7215 
2010-09-17,12.5759,18.1247,5.3913 
2010-09-18,11.8202,22.7435,0.0964 
2010-09-19,14.7912,20.5472,0.0396 
2010-09-20,12.3761,16.4257,0.0526 
2010-09-21,11.9050,26.6594,0.0127 
2010-09-22,18.8304,25.3280,2.9299 
2010-09-23,17.3550,28.4905,0.1996 
2010-09-24,23.6380,29.6191,0.0095 
2010-09-25,14.4196,24.5618,0.0052 
2010-09-26,11.2162,14.2859,0.0293 
2010-09-27,12.3405,16.8537,1.4674 
2010-09-28,13.7692,15.3724,14.8480 
2010-09-29,11.2259,18.1603,2.4435 
2010-09-30,13.4831,16.7785,0.0247 
2010-10-01,11.6755,16.2535,0.0000 
2010-10-02,9.3852,12.8554,4.2396 
2010-10-03,7.9197,10.3062,23.0639 
2010-10-04,7.3189,10.5164,2.9690 
2010-10-05,8.3838,10.6108,9.9344 
2010-10-06,10.2188,14.4702,4.4478 
2010-10-07,11.7219,15.6560,0.2563 
2010-10-08,11.2346,18.5920,0.2020 
2010-10-09,14.4561,18.2442,0.0144 
2010-10-10,11.5877,22.8455,0.1712 
2010-10-11,16.0945,20.3615,0.1070 
2010-10-12,10.2467,16.1621,0.1949 
2010-10-13,7.4501,16.3499,0.0117 
2010-10-14,9.6602,14.6893,13.6500 
2010-10-15,8.9263,12.1740,13.4016 
2010-10-16,9.6459,12.3117,0.0062 
2010-10-17,10.3019,13.1184,4.5366e-04 
2010-10-18,9.5623,11.7579,0.9340 
2010-10-19,6.9671,11.0663,2.0188 
2010-10-20,6.3009,15.6276,0.0155 
2010-10-21,8.0229,15.2845,7.8778 
2010-10-22,5.4231,9.5952,0.5522 
2010-10-23,7.5779,17.7234,0.0048 
2010-10-24,13.9754,21.0436,0.0056 
2010-10-25,16.6660,19.7928,1.0033 
2010-10-26,14.6624,23.0142,14.2438 
2010-10-27,10.2901,17.9563,2.0249 
2010-10-28,8.0526,16.0680,1.0857 
2010-10-29,6.1656,8.5768,5.1233 
2010-10-30,3.3094,11.9684,0.0100 
2010-10-31,5.4176,11.0678,0.3274 
2010-11-01,2.5650,6.0472,0.0488 
2010-11-02,1.8424,7.0235,0.0150 
2010-11-03,1.4848,9.5938,2.0523e-04 
2010-11-04,3.9975,8.4714,1.9373 
2010-11-05,4.0688,6.7021,12.6890 
2010-11-06,2.8937,4.3232,6.3088 
2010-11-07,-0.1047,6.1704,0.0083 
2010-11-08,1.8692,8.7100,0.0000 
2010-11-09,5.6244,9.3331,1.9627e-05 
2010-11-10,5.1156,11.0406,2.5262e-04 
2010-11-11,5.2975,13.0949,2.0986e-04 
2010-11-12,8.8157,14.3017,9.9049e-05 
2010-11-13,7.8700,15.5189,0.0011 
2010-11-14,8.8976,12.5727,1.6374 
2010-11-15,2.0534,9.9911,0.0011 
2010-11-16,3.7730,10.7362,7.1270 
2010-11-17,6.2730,13.9430,15.6851 
2010-11-18,4.2971,8.5952,5.6370 
2010-11-19,2.3611,7.3411,0.2429 
2010-11-20,5.2354,7.6482,0.0176 
2010-11-21,1.4300,13.7682,0.0108 
2010-11-22,13.2671,16.3533,11.1699 
2010-11-23,3.3489,17.9497,3.8970 
2010-11-24,0.3964,4.6321,0.0150 
2010-11-25,3.6115,11.5035,13.9552 
2010-11-26,-3.0416,13.2048,13.7683 
2010-11-27,-2.6158,1.6482,0.8287 
2010-11-28,-3.3979,2.9267,0.1885 
2010-11-29,-1.5253,6.0856,0.0292 
2010-11-30,4.9293,13.0187,27.3786 
2010-12-01,-3.3979,11.5075,40.1299 
2010-12-02,-3.9807,-1.7097,1.5299 
2010-12-03,-2.9810,-0.3697,1.6001 
2010-12-04,-0.8199,-0.0821,3.1964 
2010-12-05,-2.4006,-0.4902,1.8168 
2010-12-06,-3.1188,-2.1235,4.6935 
2010-12-07,-4.1012,-2.9377,1.7788 
2010-12-08,-4.3806,-3.3644,0.6959 
2010-12-09,-6.0250,-3.1308,1.1307 
2010-12-10,-6.0499,3.0177,1.2333 
2010-12-11,-2.7439,4.0444,0.0060 
2010-12-12,-0.2386,3.0437,13.3036 
2010-12-13,-7.5067,-1.3364,2.5977 
2010-12-14,-7.3378,-6.5616,3.2854 
2010-12-15,-6.7539,-4.2711,0.4517 
2010-12-16,-9.4107,-4.0539,1.5324 
2010-12-17,-5.8984,-2.2633,1.1738 
2010-12-18,-10.7401,-3.6670,0.0767 
2010-12-19,-10.9339,-3.7356,0.4640 
2010-12-20,-6.0180,-2.0043,1.4265 
2010-12-21,-4.1689,-1.7439,1.2677 
2010-12-22,-5.4422,-2.4192,0.5701 
2010-12-23,-2.3548,-1.4938,1.1075 
2010-12-24,-3.3480,-1.9981,0.1286 
2010-12-25,-3.7351,-2.8125,0.4039 
2010-12-26,-5.2278,-3.7647,1.6278 
2010-12-27,-6.9230,-2.8291,0.1698 
2010-12-28,-5.7311,-2.7526,0.0586 
2010-12-29,-6.4211,0.9635,0.0759 
2010-12-30,-2.8375,4.5554,0.5166 
2010-12-31,2.9938,6.9963,1.2922 
2011-01-01,2.8258,8.6871,12.1346 
2011-01-02,-8.2085,2.1104,0.4033 
2011-01-03,-8.4755,-0.1487,0.2492 
2011-01-04,-2.2421,0.8865,0.0705 
2011-01-05,-5.2717,-1.2065,1.7442 
2011-01-06,-7.3457,-1.8432,2.5167 
2011-01-07,-7.0566,-2.2712,5.0357 
2011-01-08,-7.4084,-5.4587,4.1034 
2011-01-09,-5.7235,-4.8663,2.5192 
2011-01-10,-5.2432,-3.8957,0.3751 
2011-01-11,-7.3326,-3.3090,4.3677 
2011-01-12,-6.7358,-3.6258,5.2698 
2011-01-13,-6.7004,-5.3586,0.9838 
2011-01-14,-8.2266,-4.5529,1.3140 
2011-01-15,-6.4270,-1.1793,2.4537 
2011-01-16,-10.4583,-4.2740,0.0913 
2011-01-17,-13.4682,-0.3849,0.0429 
2011-01-18,-0.2001,4.4313,1.7642 
2011-01-19,-5.0960,2.2356,2.2360 
2011-01-20,-8.6087,-5.1937,1.2036 
2011-01-21,-11.7008,-6.4140,2.9037 
2011-01-22,-16.1665,-8.9117,0.3668 
2011-01-23,-14.4281,-9.0830,1.7917 
2011-01-24,-16.3240,-6.0352,1.1145 
2011-01-25,-5.6349,-1.1363,1.0305 
2011-01-26,-6.5876,-1.8935,0.0150 
2011-01-27,-4.7729,-2.3520,1.0755 
2011-01-28,-4.9858,-2.8907,3.5351 
2011-01-29,-5.6850,-1.7926,4.1198 
2011-01-30,-6.5137,-3.2621,0.3598 
2011-01-31,-13.3781,-6.6232,0.1067 
2011-02-01,-6.8499,-3.7826,5.4291 
2011-02-02,-6.4488,8.3646,12.9017 
2011-02-03,-11.1691,-4.5266,1.2592 
2011-02-04,-10.1750,-0.7174,0.0017 
2011-02-05,-5.2692,0.5755,6.1533 
2011-02-06,-6.7107,0.0813,1.8901 
2011-02-07,-1.0956,0.8633,1.7778 
2011-02-08,-12.2386,-1.4694,3.7322 
2011-02-09,-12.6555,-6.8852,0.0303 
2011-02-10,-15.4801,-9.4397,0.0811 
2011-02-11,-11.9049,-3.6029,0.0354 
2011-02-12,-3.4299,-2.2159,5.9547 
2011-02-13,-3.3531,5.6536,0.8526 
2011-02-14,-2.6435,6.1852,1.5025 
2011-02-15,-11.2576,0.0779,0.1049 
2011-02-16,-1.2659,5.3332,0.0564 
2011-02-17,4.1274,9.1904,0.0658 
2011-02-18,3.3566,9.2947,0.0207 
2011-02-19,-4.5237,2.8069,0.1858 
2011-02-20,-8.3515,1.4656,1.0764 
2011-02-21,-5.5224,-0.4866,22.7774 
2011-02-22,-9.4006,-4.3778,0.8198 
2011-02-23,-8.0532,1.6487,0.0138 
2011-02-24,-3.1415,3.6147,1.2147 
2011-02-25,-3.3502,-0.9456,10.6567 
2011-02-26,-7.1020,1.0963,0.4844 
2011-02-27,-3.0874,6.1724,0.6103 
2011-02-28,-1.9239,7.9129,34.3134 
2011-03-01,-8.6471,2.9098,5.5615e-04 
2011-03-02,-6.7364,2.0639,0.1215 
2011-03-03,-11.8681,1.2839,0.0441 
2011-03-04,0.4685,5.4461,3.2933 
2011-03-05,4.5196,10.2671,19.8825 
2011-03-06,-3.8129,8.8901,15.2389 
2011-03-07,-8.9979,-2.0851,0.2325 
2011-03-08,-4.9920,6.1595,0.0950 
2011-03-09,1.0841,5.5119,8.3388 
2011-03-10,2.6155,8.5363,12.4235 
2011-03-11,-1.9510,2.0574,17.9024 
2011-03-12,-1.5865,6.7259,0.8862 
2011-03-13,-0.6670,1.9961,0.1669 
2011-03-14,-7.0692,1.3316,0.2037 
2011-03-15,-3.0214,7.3000,2.2865 
2011-03-16,2.4434,5.7848,2.6099 
2011-03-17,2.3438,13.9723,0.0117 
2011-03-18,7.5792,15.8251,0.0223 
2011-03-19,-1.3473,8.8018,0.0237 
2011-03-20,-3.2745,11.7043,0.1055 
2011-03-21,10.1441,14.0833,22.1363 
2011-03-22,-0.8771,8.5890,0.1182 
2011-03-23,0.7981,3.0034,8.6259 
2011-03-24,-2.9277,0.3544,0.5065 
2011-03-25,-7.3657,-3.4022,0.1151 
2011-03-26,-9.4352,-3.7370,0.0772 
2011-03-27,-7.3936,-2.9167,8.6391e-06 
2011-03-28,-7.4539,-2.1553,0.0137 
2011-03-29,-3.7853,0.7707,0.0025 
2011-03-30,-1.9870,3.1463,3.0556 
2011-03-31,-1.1361,1.6500,3.4095 
2011-04-01,-1.5682,3.9063,0.3466 
2011-04-02,-0.5373,4.9169,0.0190 
2011-04-03,-0.4522,6.8580,0.9729 
2011-04-04,4.4511,19.7326,19.6757 
2011-04-05,-0.2969,10.2001,5.1666 
2011-04-06,-0.0167,6.4263,9.5078 
2011-04-07,-0.1862,7.8656,4.8558 
2011-04-08,4.5001,7.9213,7.6996 
2011-04-09,1.9544,14.9179,0.1396 
2011-04-10,8.8940,24.2564,0.7455 
2011-04-11,10.9771,24.1924,3.3117 
2011-04-12,4.5457,10.3474,0.5657 
2011-04-13,3.8078,10.8131,1.9799 
2011-04-14,6.5047,11.9655,0.0206 
2011-04-15,2.8296,17.8516,0.0247 
2011-04-16,9.0659,17.9481,15.2317 
2011-04-17,2.4322,10.5103,1.1952 
2011-04-18,0.2135,6.6564,2.9051 
2011-04-19,1.1725,10.1620,5.1841 
2011-04-20,8.0043,19.8593,21.3713 
2011-04-21,0.7651,7.5283,0.5664 
2011-04-22,2.4381,6.8962,5.3798 
2011-04-23,7.4704,21.4050,27.5474 
2011-04-24,7.8236,16.8981,2.1564 
2011-04-25,9.3943,14.7718,14.7257 
2011-04-26,11.1947,23.8738,4.6276 
2011-04-27,16.7679,25.3239,0.0568 
2011-04-28,9.8097,20.9235,0.4739 
2011-04-29,3.8712,10.8822,3.7369 
2011-04-30,3.5090,16.3075,0.0248 
2011-05-01,13.8116,17.2881,0.9312 
2011-05-02,6.4464,16.5615,6.3296 
2011-05-03,4.2444,8.8135,19.0111 
2011-05-04,3.8826,8.9122,3.2643 
2011-05-05,5.4458,13.1790,9.8494e-05 
2011-05-06,8.6520,15.5875,1.1649 
2011-05-07,8.9115,15.6163,2.1566 
2011-05-08,9.9753,14.4757,5.4482e-04 
2011-05-09,8.7992,15.2709,0.0000 
2011-05-10,9.8405,21.1386,0.0104 
2011-05-11,16.0810,23.0273,1.1919 
2011-05-12,17.0975,27.3522,2.0218 
2011-05-13,17.6541,25.2078,5.0357 
2011-05-14,15.9128,18.6304,12.5502 
2011-05-15,7.1180,17.7639,17.8309 
2011-05-16,5.6555,8.1623,4.9833 
2011-05-17,6.6454,12.7774,3.6730 
2011-05-18,12.5114,20.2295,8.4772 
2011-05-19,9.3308,18.0556,1.1473 
2011-05-20,13.1333,19.1029,0.0339 
2011-05-21,12.8832,21.3404,0.0017 
2011-05-22,17.9375,26.9315,2.2283 
2011-05-23,17.5829,26.9422,1.2337 
2011-05-24,16.4355,20.7712,8.3152 
2011-05-25,11.7943,25.4951,0.6740 
2011-05-26,16.2243,22.9686,32.9262 
2011-05-27,14.9722,18.7139,13.3923 
2011-05-28,14.4498,22.8265,1.0443 
2011-05-29,16.5932,26.5968,3.3222 
2011-05-30,23.4742,28.2378,2.0989 
2011-05-31,24.5964,31.6662,0.0282 
2011-06-01,22.1070,30.8017,6.5376e-05 
2011-06-02,12.1694,21.4816,1.2851e-04 
2011-06-03,10.5768,19.0291,7.0985e-05 
2011-06-04,14.9482,28.6248,0.0018 
2011-06-05,15.8141,24.8072,0.0080 
2011-06-06,17.1333,25.7335,0.0552 
2011-06-07,20.7552,28.7613,15.1611 
2011-06-08,23.5984,32.5513,8.4409e-04 
2011-06-09,25.1091,31.4064,1.9070 
2011-06-10,13.8781,24.4299,1.0460 
2011-06-11,17.0180,25.4983,0.4716 
2011-06-12,12.6817,20.6000,1.0886 
2011-06-13,13.2116,18.2358,0.0196 
2011-06-14,12.5814,17.1731,0.0838 
2011-06-15,13.4320,24.5328,0.0229 
2011-06-16,17.4501,23.3147,3.6871 
2011-06-17,15.1668,22.2243,0.5160 
2011-06-18,18.7776,24.0889,8.7198e-05 
2011-06-19,17.2837,24.2079,0.6370 
2011-06-20,18.9286,24.6768,3.0568 
2011-06-21,19.1626,29.0370,1.6750 
2011-06-22,20.7323,28.9042,9.6161 
2011-06-23,18.4238,26.3474,18.1840 
2011-06-24,16.9776,21.5770,11.6556 
2011-06-25,15.5737,19.2140,0.8979 
2011-06-26,17.0167,22.2069,0.0015 
2011-06-27,17.1378,26.9530,0.0515 
2011-06-28,19.6749,25.5173,0.0388 
2011-06-29,16.1212,21.7204,0.1359 
2011-06-30,16.9605,22.6555,0.0012 
2011-07-01,18.8370,25.5507,0.0318 
2011-07-02,19.9457,25.8899,1.8504 
2011-07-03,19.8098,25.7116,8.6123 
2011-07-04,20.6596,24.5870,0.0631 
2011-07-05,19.7806,26.2796,0.0032 
2011-07-06,22.5163,28.5245,2.8070e-07 
2011-07-07,19.8195,24.7017,0.0166 
2011-07-08,18.2892,24.4823,4.6358 
2011-07-09,19.3530,25.9106,0.0349 
2011-07-10,22.4843,29.3297,0.0000 
2011-07-11,24.2022,32.6717,1.0298 
2011-07-12,22.0284,31.6642,1.7588 
2011-07-13,18.7287,25.0081,0.2503 
2011-07-14,18.3484,23.2691,0.0160 
2011-07-15,21.1488,26.4139,0.0000 
2011-07-16,20.4258,28.0898,2.5293e-04 
2011-07-17,21.2231,28.6256,1.2834e-04 
2011-07-18,22.6242,31.7321,1.7023 
2011-07-19,20.4654,31.5984,3.9275 
2011-07-20,22.3841,30.8959,0.0119 
2011-07-21,26.4141,33.0930,0.0061 
2011-07-22,24.3331,32.7054,2.0006 
2011-07-23,25.7154,30.9360,2.3550 
2011-07-24,20.5770,27.6322,10.0369 
2011-07-25,23.1434,28.3953,1.4164 
2011-07-26,21.9437,25.2925,0.0872 
2011-07-27,19.1119,24.3172,0.0212 
2011-07-28,22.1263,29.8537,11.5274 
2011-07-29,22.7533,28.9323,1.3197 
2011-07-30,22.4179,26.4974,0.2838 
2011-07-31,23.1240,28.9085,0.0593 
2011-08-01,23.3289,27.7586,0.3014 
2011-08-02,22.2330,27.1753,0.2266 
2011-08-03,20.6874,26.7415,10.2622 
2011-08-04,20.3201,24.5383,3.3282 
2011-08-05,21.1549,25.4616,0.0448 
2011-08-06,21.7980,27.9398,0.0036 
2011-08-07,20.7599,27.0633,1.0456 
2011-08-08,19.0108,25.6408,13.9464 
2011-08-09,18.8317,23.7472,27.4160 
2011-08-10,19.4399,23.9244,2.6984 
2011-08-11,18.3399,21.3926,0.3680 
2011-08-12,18.4083,24.3877,3.9384e-04 
2011-08-13,19.2298,25.4097,0.0047 
2011-08-14,18.7493,24.2965,27.2962 
2011-08-15,19.0490,22.3157,27.1369 
2011-08-16,18.9806,23.3788,0.1528 
2011-08-17,20.3906,25.7623,0.0486 
2011-08-18,22.4215,26.4849,0.1835 
2011-08-19,19.3257,25.7035,9.8123 
2011-08-20,19.2753,27.8350,0.1669 
2011-08-21,17.5106,27.2482,8.4429 
2011-08-22,16.3502,21.2123,1.0155 
2011-08-23,17.0376,25.0807,0.0012 
2011-08-24,17.2437,28.0393,0.8592 
2011-08-25,19.3457,27.7626,33.4849 
2011-08-26,17.0903,21.8727,0.0088 
2011-08-27,17.6766,22.3924,0.0361 
2011-08-28,18.2774,21.9942,0.0262 
2011-08-29,17.2902,21.2187,0.0189 
2011-08-30,18.0933,23.4684,0.0180 
2011-08-31,18.6829,26.0297,0.0415 
2011-09-01,19.0462,27.8741,29.3615 
2011-09-02,22.1514,30.0321,0.0614 
2011-09-03,24.0055,31.1709,0.0076 
2011-09-04,20.8883,29.2524,4.0042 
2011-09-05,16.5905,20.8129,12.2109 
2011-09-06,14.6108,17.1882,0.7054 
2011-09-07,13.6897,18.2439,1.7092 
2011-09-08,17.5520,20.8195,1.1172 
2011-09-09,17.1850,22.1986,5.5356 
2011-09-10,18.1182,21.7928,7.6076 
2011-09-11,16.0147,21.8127,2.0221 
2011-09-12,17.1400,25.0619,0.0889 
2011-09-13,19.4462,26.5872,0.0103 
2011-09-14,14.7175,19.7125,0.1370 
2011-09-15,11.1526,16.5637,9.1099 
2011-09-16,11.3945,13.2861,0.0343 
2011-09-17,11.6484,16.4460,0.0011 
2011-09-18,8.6529,18.8196,0.0344 
2011-09-19,13.1479,18.2429,4.0595 
2011-09-20,14.8550,18.9258,4.0413 
2011-09-21,16.4195,23.4043,2.4657 
2011-09-22,16.9677,20.4112,3.3130 
2011-09-23,14.2361,17.6866,4.8777 
2011-09-24,11.7792,18.7518,0.5059 
2011-09-25,15.3939,22.6355,0.2968 
2011-09-26,17.8044,23.1497,17.6482 
2011-09-27,14.9430,21.3010,28.3348 
2011-09-28,14.7604,19.9688,0.0920 
2011-09-29,13.1151,16.5854,0.3446 
2011-09-30,10.1480,15.6833,9.3111 
2011-10-01,8.6397,10.5637,15.7624 
2011-10-02,4.7991,10.5541,10.5343 
2011-10-03,8.2720,12.4845,3.0308 
2011-10-04,11.9069,15.7520,1.0474 
2011-10-05,13.5354,18.0905,0.1240 
2011-10-06,9.7092,18.8701,0.2068 
2011-10-07,14.0691,22.3317,0.1973 
2011-10-08,14.5141,23.7690,0.1862 
2011-10-09,16.3957,23.4596,0.0450 
2011-10-10,18.2771,23.5004,0.1857 
2011-10-11,16.9251,23.0193,0.1676 
2011-10-12,13.7166,20.1688,7.6444 
2011-10-13,13.9434,20.1091,1.3308 
2011-10-14,11.4757,18.1999,16.4285 
2011-10-15,8.1253,11.2643,32.2389 
2011-10-16,10.3441,12.5266,10.1737 
2011-10-17,9.3710,12.9802,0.3980 
2011-10-18,8.0919,12.3402,0.4000 
2011-10-19,10.3492,18.8000,11.3374 
2011-10-20,6.6125,15.1123,10.7116 
2011-10-21,5.9407,8.5611,14.6793 
2011-10-22,6.9504,10.1208,0.2249 
2011-10-23,7.5821,15.1477,1.4080e-05 
2011-10-24,9.4112,13.2389,1.9069 
2011-10-25,8.6066,16.4317,0.1325 
2011-10-26,11.2947,15.3489,6.4062 
2011-10-27,3.9860,10.6950,14.5456 
2011-10-28,1.7081,7.6990,0.3002 
2011-10-29,1.4577,6.8160,0.3183 
2011-10-30,1.1553,9.5189,0.0338 
2011-10-31,4.8202,8.9600,0.0256 
2011-11-01,3.4244,12.5033,0.0166 
2011-11-02,6.8767,16.1861,2.8007e-04 
2011-11-03,11.0027,13.8284,1.4667e-05 
2011-11-04,5.6640,10.1773,9.1063e-04 
2011-11-05,-0.0514,10.3806,4.8620e-06 
2011-11-06,3.7018,13.7915,5.7460e-06 
2011-11-07,8.6575,16.9053,0.0022 
2011-11-08,11.3850,19.0582,0.0036 
2011-11-09,12.7442,17.8840,0.6179 
2011-11-10,5.5208,15.1726,1.0262 
2011-11-11,2.2541,5.5314,5.9315 
2011-11-12,1.5414,14.2180,0.0549 
2011-11-13,9.9767,16.0865,0.0012 
2011-11-14,14.0173,17.9634,17.1843 
2011-11-15,9.2758,15.7668,10.3676 
2011-11-16,5.9391,11.7861,0.6473 
2011-11-17,0.9294,5.7142,0.6587 
2011-11-18,0.4444,5.6875,0.3921 
2011-11-19,3.3953,10.4699,0.2889 
2011-11-20,8.0321,14.5803,0.2427 
2011-11-21,3.4714,7.3690,0.0242 
2011-11-22,2.8212,7.7896,10.0555 
2011-11-23,3.3175,11.5063,18.8644 
2011-11-24,1.2975,10.1586,0.0000 
2011-11-25,5.1044,13.1001,0.0000 
2011-11-26,8.2847,13.7648,3.7648e-06 
2011-11-27,11.9034,13.9780,2.5362 
2011-11-28,4.4090,12.6130,11.4908 
2011-11-29,6.7322,13.9890,18.5457 
2011-11-30,1.1992,6.0139,2.0512 
2011-12-01,-1.5283,4.7058,0.0011 
2011-12-02,-0.8231,3.1017,0.2507 
2011-12-03,-2.0617,7.9249,1.6336e-04 
2011-12-04,5.9609,11.1732,1.6051 
2011-12-05,6.0117,10.2766,16.6189 
2011-12-06,2.7075,5.8039,16.7521 
2011-12-07,0.0522,3.2695,1.2553 
2011-12-08,-0.9021,2.6592,0.0043 
2011-12-09,-0.6134,1.9916,1.1633 
2011-12-10,-3.8112,0.2812,0.6348 
2011-12-11,-7.6023,1.8721,0.1355 
2011-12-12,-2.8608,4.6982,0.0000 
2011-12-13,0.4495,6.2218,0.0046 
2011-12-14,2.8231,7.7941,6.4737 
2011-12-15,8.1480,14.0691,24.1037 
2011-12-16,0.2213,8.0424,0.5759 
2011-12-17,-2.3667,0.1359,3.2150 
2011-12-18,-3.2450,0.5912,2.6574 
2011-12-19,-0.6291,5.8482,0.1571 
2011-12-20,-0.2578,5.9750,1.3948 
2011-12-21,2.4237,14.9298,18.1794 
2011-12-22,4.2896,8.4723,1.3592 
2011-12-23,-2.0764,4.1476,7.4418 
2011-12-24,-3.8540,2.4359,0.2953 
2011-12-25,-0.6080,4.6246,0.0570 
2011-12-26,0.1228,4.7622,0.5128 
2011-12-27,0.6750,3.0663,7.6823 
2011-12-28,-4.5463,0.6057,4.9069 
2011-12-29,-6.9971,2.0924,0.6523 
2011-12-30,2.1542,6.8232,1.3849 
2011-12-31,2.1556,8.2698,3.2820 
2012-01-01,1.4009,8.2416,2.5527 
2012-01-02,-2.7546,2.3397,7.5704 
2012-01-03,-7.9822,-2.7493,5.7141 
2012-01-04,-9.5800,-0.4337,0.0382 
2012-01-05,-0.7265,2.4144,0.0219 
2012-01-06,1.9939,8.4435,8.6617e-05 
2012-01-07,2.3234,6.0268,0.0019 
2012-01-08,-1.4180,2.2110,0.0314 
2012-01-09,-2.8177,3.1753,2.5861e-04 
2012-01-10,0.9521,3.5711,0.0263 
2012-01-11,0.0841,6.8127,0.7058 
2012-01-12,5.1981,7.6673,11.2216 
2012-01-13,-7.5144,5.7051,10.8772 
2012-01-14,-5.1435,-3.6086,9.3626 
2012-01-15,-9.7757,-4.8679,1.4100 
2012-01-16,-7.5565,5.8290,0.5134 
2012-01-17,6.1072,11.6399,28.5071 
2012-01-18,-5.7942,3.4277,3.7832 
2012-01-19,-8.5023,-1.7061,5.1765 
2012-01-20,-10.1652,-4.6963,0.7410 
2012-01-21,-6.6494,-3.6731,1.7724 
2012-01-22,-7.8390,4.4829,0.0267 
2012-01-23,4.1707,10.3358,4.5537 
2012-01-24,-1.6332,6.8223,0.2014 
2012-01-25,-3.0570,-0.1052,0.1737 
2012-01-26,-2.1128,3.5981,6.7516 
2012-01-27,0.1303,6.4094,23.2124 
2012-01-28,-3.1626,1.4086,4.3095 
2012-01-29,-1.7011,1.6508,3.4767 
2012-01-30,-4.5674,2.0012,2.9139 
2012-01-31,3.1576,10.4783,0.0021 
2012-02-01,2.1576,10.1512,3.4279 
2012-02-02,-0.7735,1.7951,0.2446 
2012-02-03,-1.5576,4.7261,0.0365 
2012-02-04,-0.9447,2.1634,0.0328 
2012-02-05,-1.4549,2.5092,3.0256e-04 
2012-02-06,-1.3512,6.1660,4.2833e-04 
2012-02-07,-1.9512,4.8495,0.1096 
2012-02-08,-3.2188,0.0824,0.4436 
2012-02-09,-4.6091,1.7976,0.0011 
2012-02-10,-6.4017,0.6457,0.9790 
2012-02-11,-8.6549,-0.7086,7.7126 
2012-02-12,-7.2612,-3.5627,2.9395 
2012-02-13,-4.2777,-0.0692,0.0169 
2012-02-14,-2.8644,1.6592,0.9852 
2012-02-15,-0.8280,4.0167,0.2453 
2012-02-16,0.6652,4.6768,4.6779 
2012-02-17,-1.1749,2.6743,0.4958 
2012-02-18,-1.1607,1.7345,0.3399 
2012-02-19,-4.2692,-0.7807,0.0767 
2012-02-20,-4.3067,0.2728,0.0454 
2012-02-21,-2.1187,5.7558,1.4940 
2012-02-22,2.0642,7.4817,1.8855 
2012-02-23,-0.0557,4.3468,6.0907 
2012-02-24,-0.4086,8.6992,10.6970 
2012-02-25,-2.4272,0.1261,3.5528 
2012-02-26,-4.2066,2.0021,0.1295 
2012-02-27,-0.6262,6.6769,0.1512 
2012-02-28,-3.4470,2.9942,0.0027 
2012-02-29,1.3059,13.6131,12.7610 
2012-03-01,1.4629,11.0179,1.3680 
2012-03-02,0.6756,13.3481,4.1426 
2012-03-03,1.4461,13.0996,5.5876 
2012-03-04,-3.2946,1.0863,0.9882 
2012-03-05,-9.1806,-3.1251,0.4551 
2012-03-06,-6.4467,9.1659,0.2414 
2012-03-07,7.3947,15.8555,7.7059e-05 
2012-03-08,6.0014,16.1096,12.7034 
2012-03-09,-0.3560,4.9254,2.1300 
2012-03-10,-5.0946,5.2730,0.0511 
2012-03-11,3.0405,16.2417,0.0031 
2012-03-12,9.1881,14.6989,8.0604 
2012-03-13,11.4166,15.5324,3.5772 
2012-03-14,7.4153,21.0207,0.1781 
2012-03-15,14.7888,24.1654,8.2199 
2012-03-16,13.9511,22.0372,7.3433 
2012-03-17,14.1702,23.9228,0.0495 
2012-03-18,15.1150,22.8641,1.7396 
2012-03-19,14.7545,21.0833,11.2607 
2012-03-20,15.7111,24.6507,0.0256 
2012-03-21,16.1231,25.8759,4.5567e-04 
2012-03-22,14.6648,24.2686,0.0015 
2012-03-23,16.7874,24.0334,7.1776e-04 
2012-03-24,12.8948,21.4051,18.4721 
2012-03-25,8.9606,13.7916,1.3807 
2012-03-26,-1.0541,12.0573,5.5836e-06 
2012-03-27,-2.9909,10.8723,8.5778e-04 
2012-03-28,9.6960,16.2947,0.3266 
2012-03-29,2.2781,12.4739,0.0322 
2012-03-30,-0.3695,10.4729,3.7588 
2012-03-31,1.4932,7.8456,3.4153 
2012-04-01,1.3611,12.8243,0.2902 
2012-04-02,1.8351,8.1694,0.1895 
2012-04-03,4.8044,17.0410,0.0817 
2012-04-04,4.1535,13.6251,0.0382 
2012-04-05,1.2749,6.9351,0.0000 
2012-04-06,1.3465,8.4492,0.0000 
2012-04-07,2.2628,9.9278,3.6346e-07 
2012-04-08,7.6878,10.6965,0.0524 
2012-04-09,5.5667,11.4084,0.0061 
2012-04-10,2.7871,10.2581,0.5339 
2012-04-11,1.0673,6.6475,1.8301 
2012-04-12,2.2708,8.8960,0.0017 
2012-04-13,5.6866,11.9731,2.7677e-05 
2012-04-14,8.2319,17.2307,0.9491 
2012-04-15,13.3239,23.6997,1.5217 
2012-04-16,18.2658,24.4437,0.0108 
2012-04-17,6.1595,19.2456,0.0502 
2012-04-18,3.4419,12.0632,0.0596 
2012-04-19,9.9766,19.8177,0.1171 
2012-04-20,14.5674,22.7572,0.5681 
2012-04-21,3.2203,20.2134,9.4996 
2012-04-22,4.0076,6.2497,0.3034 
2012-04-23,2.3467,6.1602,1.4083 
2012-04-24,2.2558,9.6184,0.8091 
2012-04-25,5.4134,13.0419,8.3955e-05 
2012-04-26,7.1318,12.7791,0.0789 
2012-04-27,2.9448,6.4684,0.0071 
2012-04-28,1.5494,6.2544,0.0224 
2012-04-29,3.9709,11.8224,2.6653e-04 
2012-04-30,4.8624,22.2792,6.8840 
2012-05-01,10.4505,16.3169,22.4692 
2012-05-02,12.8338,25.8880,0.0657 
2012-05-03,19.4772,28.9602,0.3807 
2012-05-04,17.6297,28.3905,6.9962 
2012-05-05,11.9689,19.2177,0.1020 
2012-05-06,9.6190,18.3343,1.3672e-04 
2012-05-07,13.6029,23.4973,8.1029 
2012-05-08,14.5556,17.6975,16.1793 
2012-05-09,11.8220,17.2933,0.2817 
2012-05-10,7.2508,12.3206,0.3794 
2012-05-11,8.9819,17.8892,3.2953e-04 
2012-05-12,14.5230,22.2035,4.8929e-04 
2012-05-13,12.6121,19.8237,0.0039 
2012-05-14,12.2507,18.7151,0.0093 
2012-05-15,15.3476,22.2264,0.0016 
2012-05-16,12.2759,21.7841,0.0320 
2012-05-17,9.2860,13.7173,5.4684e-04 
2012-05-18,10.5119,21.5964,0.0000 
2012-05-19,16.9464,24.7740,0.0000 
2012-05-20,21.4231,26.7121,2.2026e-06 
2012-05-21,18.0675,26.4545,0.0130 
2012-05-22,13.9319,21.5384,0.0029 
2012-05-23,13.9263,21.2363,0.0015 
2012-05-24,17.2001,26.7533,2.3965e-04 
2012-05-25,21.1965,29.0113,0.0127 
2012-05-26,18.1244,27.4294,0.2696 
2012-05-27,19.4990,29.0935,2.9010 
2012-05-28,21.0940,30.5096,0.7582 
2012-05-29,21.0313,28.7071,0.3048 
2012-05-30,17.0679,22.2735,0.0269 
2012-05-31,11.7704,18.0627,5.8344e-05 
2012-06-01,13.5436,23.7879,24.5184 
2012-06-02,9.1895,18.8431,0.7106 
2012-06-03,13.5659,20.4199,4.9643 
2012-06-04,11.7368,16.4479,2.3180 
2012-06-05,10.3190,16.5496,0.1345 
2012-06-06,13.3910,19.4079,9.4774e-04 
2012-06-07,13.3310,21.0092,7.6668e-04 
2012-06-08,16.4180,24.6122,0.0248 
2012-06-09,19.5933,27.7274,0.0030 
2012-06-10,23.1283,28.9039,0.0000 
2012-06-11,21.2221,28.1263,0.0739 
2012-06-12,19.3080,24.2624,2.9488 
2012-06-13,12.0692,21.1483,0.0052 
2012-06-14,13.8313,22.0299,0.0000 
2012-06-15,17.1664,27.1787,0.0000 
2012-06-16,19.0030,26.6283,0.0000 
2012-06-17,19.0562,27.2566,2.4507 
2012-06-18,18.5945,28.7044,2.3730 
2012-06-19,21.5607,30.7514,0.0058 
2012-06-20,24.5683,30.8584,0.0000 
2012-06-21,25.3333,30.6763,0.0014 
2012-06-22,19.9720,29.8994,0.0116 
2012-06-23,17.4134,22.3192,0.0246 
2012-06-24,18.8514,26.2769,3.4834e-04 
2012-06-25,15.5324,25.8816,3.5465 
2012-06-26,15.4123,21.1661,0.0015 
2012-06-27,17.6603,24.8143,0.0028 
2012-06-28,20.8959,31.4967,0.0432 
2012-06-29,23.1860,31.8883,0.2103 
2012-06-30,19.0606,29.0112,0.0598 
2012-07-01,20.5095,27.9706,1.9247e-04 
2012-07-02,19.4213,27.8035,0.0200 
2012-07-03,23.3171,31.2887,19.4387 
2012-07-04,20.3149,29.9588,11.7975 
2012-07-05,23.9758,29.5842,0.2759 
2012-07-06,25.8259,29.8808,0.0100 
2012-07-07,26.3843,32.2702,0.1075 
2012-07-08,20.8229,28.4725,1.6264 
2012-07-09,18.9902,23.8503,0.0000 
2012-07-10,18.6659,23.2721,0.1173 
2012-07-11,19.6306,25.3180,8.1612e-04 
2012-07-12,20.9534,27.8454,0.0290 
2012-07-13,20.5693,29.4355,0.0017 
2012-07-14,21.1643,27.6388,9.1337e-05 
2012-07-15,23.0584,28.1351,5.0231 
2012-07-16,21.8812,27.8702,2.6248 
2012-07-17,25.0125,32.7366,2.4983e-04 
2012-07-18,24.3055,32.6074,0.4516 
2012-07-19,21.5836,27.0061,17.3308 
2012-07-20,18.1610,22.5476,0.7472 
2012-07-21,17.0771,24.0094,0.0019 
2012-07-22,20.6759,28.2253,0.0000 
2012-07-23,23.7646,31.3066,0.0249 
2012-07-24,22.8074,30.2833,0.0822 
2012-07-25,19.5736,27.0985,3.8479e-05 
2012-07-26,24.6262,31.5899,2.1639 
2012-07-27,20.6712,25.1455,4.6003 
2012-07-28,17.7668,23.9064,4.0003 
2012-07-29,19.9642,24.2332,0.2628 
2012-07-30,20.6165,26.9056,8.7769e-04 
2012-07-31,21.1901,29.3277,0.0493 
2012-08-01,20.0821,26.7678,0.0093 
2012-08-02,20.7927,27.4922,9.7984e-05 
2012-08-03,23.8005,31.2541,7.2884e-04 
2012-08-04,23.3726,30.3769,0.0641 
2012-08-05,21.0683,29.4515,3.6677 
2012-08-06,18.5911,24.5339,0.0739 
2012-08-07,19.2389,26.4768,0.0000 
2012-08-08,22.5896,28.1203,0.4909 
2012-08-09,21.0941,24.8386,3.4402 
2012-08-10,17.7700,20.9566,18.0041 
2012-08-11,15.7430,20.5406,7.0585 
2012-08-12,18.0928,21.7987,5.2574 
2012-08-13,19.1386,24.0546,0.0922 
2012-08-14,18.7251,23.8999,4.4827 
2012-08-15,19.0239,23.1343,0.0294 
2012-08-16,19.7248,27.6333,0.2039 
2012-08-17,18.1662,26.7145,0.9681 
2012-08-18,17.0704,19.6160,0.0152 
2012-08-19,16.6692,21.4881,0.0018 
2012-08-20,18.1133,20.4836,0.4286 
2012-08-21,16.9274,21.7629,0.1214 
2012-08-22,15.9827,22.5136,0.0470 
2012-08-23,19.4298,25.2199,0.0425 
2012-08-24,21.3293,28.2444,4.2413e-04 
2012-08-25,20.4373,28.6947,1.0488e-04 
2012-08-26,19.2735,27.4759,0.0027 
2012-08-27,19.4463,26.3008,30.9551 
2012-08-28,19.3817,22.3603,0.7179 
2012-08-29,17.5632,21.9209,1.6957e-05 
2012-08-30,16.5104,26.1555,0.1689 
2012-08-31,20.7503,29.1334,0.0000 
2012-09-01,20.5452,28.1892,0.0847 
2012-09-02,19.9749,25.6707,0.5977 
2012-09-03,20.9333,28.6016,0.3706 
2012-09-04,20.9496,26.6492,15.0442 
2012-09-05,19.6461,25.7697,1.9119 
2012-09-06,19.5936,25.2980,0.2925 
2012-09-07,19.4354,25.9384,0.5629 
2012-09-08,15.8746,21.6787,35.7924 
2012-09-09,15.4205,18.0882,9.4573 
2012-09-10,14.7054,17.6034,0.0569 
2012-09-11,14.2478,21.9689,0.0431 
2012-09-12,16.1327,24.8850,0.0258 
2012-09-13,19.0121,25.9676,6.1412e-05 
2012-09-14,14.6930,24.3545,7.3628 
2012-09-15,15.5104,17.3251,0.3274 
2012-09-16,12.9783,20.8566,5.3470e-04 
2012-09-17,14.0476,22.4117,0.0021 
2012-09-18,14.3007,20.8342,7.1511 
2012-09-19,10.8206,14.2047,1.7490 
2012-09-20,9.7507,18.7468,0.0021 
2012-09-21,15.1532,19.2594,0.1352 
2012-09-22,11.0011,18.1438,30.5430 
2012-09-23,9.7112,11.9080,3.5090 
2012-09-24,8.5531,13.6031,9.2171 
2012-09-25,9.2305,19.8962,0.0053 
2012-09-26,14.7281,18.6279,2.7485 
2012-09-27,12.4793,16.6641,1.2042 
2012-09-28,13.2149,15.6477,0.0276 
2012-09-29,12.5859,15.4193,0.1635 
2012-09-30,10.9963,14.6530,2.2221 
2012-10-01,11.7194,15.8323,0.0313 
2012-10-02,11.5246,18.7327,8.2345 
2012-10-03,17.6673,20.2104,2.9147 
2012-10-04,15.1607,21.4645,0.0019 
2012-10-05,12.9521,19.8539,1.6940 
2012-10-06,8.4872,11.5491,22.1732 
2012-10-07,6.0935,9.5650,4.6043 
2012-10-08,3.7582,9.4205,2.3365 
2012-10-09,3.6684,12.8184,0.0037 
2012-10-10,7.0729,10.9200,6.4090 
2012-10-11,5.2123,12.4400,0.5863 
2012-10-12,6.2441,11.3018,1.2615 
2012-10-13,1.8805,16.5445,0.0362 
2012-10-14,15.0385,21.4312,2.5732 
2012-10-15,9.4445,18.8318,5.5198 
2012-10-16,7.5939,11.2802,0.6520 
2012-10-17,8.4859,18.5027,0.0012 
2012-10-18,11.9004,17.0679,0.9683 
2012-10-19,7.9666,15.3410,0.0507 
2012-10-20,7.8087,11.7425,3.7868 
2012-10-21,9.6922,12.3234,4.4960 
2012-10-22,9.8742,19.9813,0.0030 
2012-10-23,14.6390,17.8772,3.1558 
2012-10-24,14.6202,21.8603,1.0036 
2012-10-25,16.7587,24.9162,0.0177 
2012-10-26,9.1792,22.8334,0.7171 
2012-10-27,6.9705,8.8995,26.6298 
2012-10-28,5.6158,7.7614,13.1658 
2012-10-29,4.6929,6.0137,25.1380 
2012-10-30,4.9830,12.3099,54.9130 
2012-10-31,4.8600,7.4187,20.1133 
2012-11-01,4.7428,5.8694,13.0077 
2012-11-02,3.0862,6.2258,1.7165 
2012-11-03,3.3047,4.4591,2.1336 
2012-11-04,1.2279,4.4157,0.2486 
2012-11-05,0.6647,3.6959,0.2167 
2012-11-06,-2.5540,6.4674,0.2340 
2012-11-07,-0.2061,5.6044,2.3998e-04 
2012-11-08,2.1350,4.5547,0.0035 
2012-11-09,2.0432,9.9063,0.0297 
2012-11-10,5.4519,14.2697,3.3624 
2012-11-11,11.4430,18.2953,6.4573e-06 
2012-11-12,4.2925,19.0283,13.2938 
2012-11-13,0.6223,2.9396,4.2477 
2012-11-14,0.3743,4.8147,0.2072 
2012-11-15,0.8036,6.1633,5.4728e-07 
2012-11-16,4.0897,6.5996,0.0130 
2012-11-17,3.3177,9.9082,0.0127 
2012-11-18,3.2631,10.8330,6.2825e-05 
2012-11-19,2.0954,10.3274,0.0012 
2012-11-20,5.2881,10.2905,8.1137e-04 
2012-11-21,5.7873,11.4985,0.0023 
2012-11-22,6.2630,14.1837,0.0000 
2012-11-23,2.7454,12.0536,2.7221 
2012-11-24,0.2540,2.3570,1.8708 
2012-11-25,-3.0241,1.6993,1.2014 
2012-11-26,0.6431,3.3465,0.1519 
2012-11-27,-0.3123,1.4685,0.1022 
2012-11-28,-2.8875,1.8956,0.0940 
2012-11-29,-1.1310,6.1599,0.0630 
2012-11-30,0.9194,6.1710,0.0073 
2012-12-01,3.1440,11.8403,0.0014 
2012-12-02,9.5854,12.9399,16.9027 
2012-12-03,8.5225,15.9369,0.6160 
2012-12-04,7.8307,16.2689,12.0291 
2012-12-05,0.8574,7.5901,1.7848 
2012-12-06,-4.6181,5.3403,0.0044 
2012-12-07,4.3258,7.3490,1.3726 
2012-12-08,4.3248,9.9079,4.9659 
2012-12-09,1.4629,8.7867,2.1929 
2012-12-10,1.4938,13.6169,10.8298 
2012-12-11,-1.5212,1.3762,2.3786 
2012-12-12,-4.2446,3.3924,0.0973 
2012-12-13,-1.6253,5.6638,0.1078 
2012-12-14,0.7785,5.9233,0.0000 
2012-12-15,0.7664,8.4070,0.0029 
2012-12-16,6.1718,12.3021,1.1137 
2012-12-17,5.4620,11.8629,0.1144 
2012-12-18,1.9228,5.1156,18.4421 
2012-12-19,0.1895,4.1389,0.6553 
2012-12-20,0.4800,7.5333,10.2809 
2012-12-21,0.2116,8.9151,17.3425 
2012-12-22,-1.2025,0.4538,10.0925 
2012-12-23,-5.6787,0.5973,0.0642 
2012-12-24,-3.1348,1.7837,0.3580 
2012-12-25,-0.6317,1.0832,0.7650 
2012-12-26,-4.1738,0.1304,14.4269 
2012-12-27,-2.2234,-0.3457,7.2617 
2012-12-28,-2.8753,-1.2605,0.1751 
2012-12-29,-3.3552,-0.3578,4.0108 
2012-12-30,-3.4485,-1.1800,1.3996 
2012-12-31,-6.3382,1.1824,0.3282 
2013-01-01,-4.4867,0.2567,1.0443 
2013-01-02,-5.7187,-4.4643,0.0905 
2013-01-03,-10.2465,-3.0544,0.2021 
2013-01-04,-4.4722,-1.8571,0.7574 
2013-01-05,-3.6545,0.6046,0.1558 
2013-01-06,-0.5906,1.5426,0.8104 
2013-01-07,-1.7166,1.7111,0.5085 
2013-01-08,-2.4339,4.2403,0.0092 
2013-01-09,0.8781,4.8487,0.5864 
2013-01-10,-1.1212,2.9660,0.0010 
2013-01-11,0.8006,10.3412,8.0659 
2013-01-12,6.3741,13.6322,0.2499 
2013-01-13,6.3501,16.4057,1.8251 
2013-01-14,-4.0457,5.9029,6.1161 
2013-01-15,-4.2398,-1.3238,0.0864 
2013-01-16,-2.7005,2.2763,7.5669e-04 
2013-01-17,-3.0117,1.6762,0.1220 
2013-01-18,-7.6400,-0.3618,1.1577 
2013-01-19,0.0170,8.2656,0.0090 
2013-01-20,-5.8417,8.2759,0.2328 
2013-01-21,-8.2919,-5.7514,0.9774 
2013-01-22,-13.4024,-8.5445,0.8024 
2013-01-23,-12.3682,-10.0155,1.0064 
2013-01-24,-10.4921,-7.3391,2.9735 
2013-01-25,-11.9549,-7.5446,1.3407 
2013-01-26,-8.3993,-4.5936,1.1337 
2013-01-27,-6.8764,-1.0911,0.1802 
2013-01-28,-2.0764,9.2828,12.6650 
2013-01-29,4.3572,9.7394,9.5273 
2013-01-30,9.7944,16.7669,7.4158 
2013-01-31,-5.3607,11.3059,6.7851 
2013-02-01,-9.0260,-5.5069,3.4961 
2013-02-02,-12.3654,-5.2673,3.0133 
2013-02-03,-8.4400,-5.2814,2.3686 
2013-02-04,-9.2302,-5.3791,1.6244 
2013-02-05,-8.0772,-2.8150,0.4430 
2013-02-06,-7.2736,-3.1884,0.8638 
2013-02-07,-6.0338,4.8561,0.0159 
2013-02-08,-4.4809,3.6031,10.9059 
2013-02-09,-9.9197,-4.3043,1.5112 
2013-02-10,-7.4471,7.2746,0.0178 
2013-02-11,1.5005,7.5109,1.6605 
2013-02-12,-2.2230,1.2453,0.4822 
2013-02-13,-5.0611,1.4933,0.0783 
2013-02-14,-4.6336,3.7775,0.1820 
2013-02-15,-2.1391,3.6024,0.5301 
2013-02-16,-6.8066,-2.8492,1.1592 
2013-02-17,-9.6262,-4.9765,1.2721 
2013-02-18,-10.9273,4.0576,0.2154 
2013-02-19,-4.1707,6.7703,9.0719 
2013-02-20,-8.6499,-4.7657,1.2504 
2013-02-21,-9.2450,-6.0061,0.6043 
2013-02-22,-9.3736,3.6715,1.8623 
2013-02-23,-0.2838,4.5104,0.1662 
2013-02-24,-5.2046,-0.9402,0.2270 
2013-02-25,-3.9877,2.3378,0.1562 
2013-02-26,-2.2839,4.6435,8.6277 
2013-02-27,1.7916,5.5683,13.7075 
2013-02-28,-0.6242,1.7110,3.3873 
2013-03-01,-4.0272,0.1501,1.0218 
2013-03-02,-8.0910,-2.7293,0.3429 
2013-03-03,-7.3399,-3.6652,0.9621 
2013-03-04,-5.8771,-2.6704,1.0200 
2013-03-05,-8.7535,2.4524,0.0183 
2013-03-06,-1.1741,2.7774,0.0401 
2013-03-07,-2.7087,1.3317,0.5368 
2013-03-08,-3.5720,2.3591,0.4425 
2013-03-09,-1.3561,4.9343,0.0053 
2013-03-10,2.1787,13.5180,0.2162 
2013-03-11,6.9905,10.7186,4.7535 
2013-03-12,1.1655,9.7148,15.3261 
2013-03-13,-3.0910,2.2397,3.3519 
2013-03-14,-5.9426,-1.3673,0.4331 
2013-03-15,-3.1457,2.0969,1.5762 
2013-03-16,-2.6972,0.6249,8.7313 
2013-03-17,-6.6263,-1.6655,0.3462 
2013-03-18,-4.7190,4.7334,3.4501 
2013-03-19,-4.4318,6.3058,4.3175 
2013-03-20,-3.9572,-2.4639,1.4203 
2013-03-21,-8.0589,-1.7292,2.7869 
2013-03-22,-4.8854,-0.9515,2.0641 
2013-03-23,-2.1166,1.1544,0.2835 
2013-03-24,-5.2761,1.5032,0.0027 
2013-03-25,-0.5169,1.5014,2.8431 
2013-03-26,-1.1462,3.1267,0.2134 
2013-03-27,-0.9755,2.3476,1.3880 
2013-03-28,0.1681,3.1777,3.1715 
2013-03-29,0.3350,5.1185,0.1568 
2013-03-30,3.0378,9.1914,0.0039 
2013-03-31,4.8638,10.0527,1.1981 
2013-04-01,-1.2478,9.9875,2.4664 
2013-04-02,-3.2354,0.8542,0.2201 
2013-04-03,-3.3975,0.9867,0.0450 
2013-04-04,-4.6506,9.4580,0.0069 
2013-04-05,0.7868,8.4902,0.0214 
2013-04-06,-2.8726,9.9036,4.7211e-04 
2013-04-07,9.8436,16.9141,0.0550 
2013-04-08,4.3532,20.8983,8.5709e-04 
2013-04-09,4.8267,19.7689,0.0498 
2013-04-10,5.9749,20.0502,10.2589 
2013-04-11,4.4906,9.7036,7.5762 
2013-04-12,6.2462,14.6522,8.9505 
2013-04-13,2.0259,5.9443,1.3010 
2013-04-14,1.2851,9.8750,0.2299 
2013-04-15,8.6532,20.3169,0.0031 
2013-04-16,10.1384,18.1115,5.4993 
2013-04-17,5.8776,12.8374,0.7440 
2013-04-18,11.0306,27.3022,0.0011 
2013-04-19,7.6558,26.2166,6.4849 
2013-04-20,1.1341,7.0157,1.8630 
2013-04-21,-1.2098,6.3361,0.0354 
2013-04-22,3.9823,15.5215,8.5760e-04 
2013-04-23,6.1465,20.2931,8.5568e-06 
2013-04-24,2.0517,19.5828,12.8917 
2013-04-25,1.7571,9.5780,1.8775 
2013-04-26,4.0705,11.1227,0.1948 
2013-04-27,7.2850,18.8348,2.3480e-07 
2013-04-28,12.2344,18.6301,2.9826 
2013-04-29,12.6494,16.1660,3.3404 
2013-04-30,11.7206,23.3643,0.3779 
2013-05-01,14.0939,24.7152,8.6038e-09 
2013-05-02,12.4099,23.6971,0.0000 
2013-05-03,14.2659,23.1231,0.0000 
2013-05-04,12.1217,21.8875,0.0000 
2013-05-05,11.9289,22.1114,0.0000 
2013-05-06,10.6563,21.1454,0.0000 
2013-05-07,13.8720,21.0154,0.0031 
2013-05-08,15.4041,20.6446,1.8492 
2013-05-09,13.7257,21.6194,1.5017 
2013-05-10,14.9214,21.3362,4.0061 
2013-05-11,6.2356,16.2319,12.5278 
2013-05-12,4.6542,14.4526,1.8383 
2013-05-13,2.7185,6.6757,0.0394 
2013-05-14,3.4908,15.7244,0.2121 
2013-05-15,12.8107,24.4521,0.5244 
2013-05-16,14.2124,22.1183,4.5546e-04 
2013-05-17,10.7434,18.4814,0.0108 
2013-05-18,13.1504,22.4348,0.0101 
2013-05-19,18.1844,25.8290,0.0055 
2013-05-20,18.2851,28.6461,0.0118 
2013-05-21,21.9845,28.2687,0.6717 
2013-05-22,20.4210,28.7770,2.4866 
2013-05-23,10.9575,26.9573,10.2135 
2013-05-24,4.0715,9.6139,2.3426 
2013-05-25,4.9502,11.9577,0.0029 
2013-05-26,5.8698,14.0366,1.5814e-06 
2013-05-27,9.5242,17.6615,0.2747 
2013-05-28,11.1653,25.0357,28.8242 
2013-05-29,20.0605,26.4000,6.9912 
2013-05-30,21.3327,28.8893,1.6067 
2013-05-31,21.2126,28.4770,5.6312 
2013-06-01,21.3542,27.7026,12.1586 
2013-06-02,19.1817,23.7968,31.1405 
2013-06-03,9.0112,18.8517,0.0026 
2013-06-04,11.1196,16.2442,0.0259 
2013-06-05,11.9510,20.1747,0.1710 
2013-06-06,15.1182,18.5815,26.6110 
2013-06-07,11.6634,15.4160,0.7039 
2013-06-08,11.1955,17.4314,0.0591 
2013-06-09,14.2452,23.7616,1.4399e-06 
2013-06-10,17.9510,23.6491,10.8992 
2013-06-11,16.0471,20.1601,2.0419 
2013-06-12,16.8970,23.3556,0.3153 
2013-06-13,15.6661,21.3158,30.0805 
2013-06-14,12.5801,18.6820,2.6881 
2013-06-15,12.9794,22.6554,0.0265 
2013-06-16,18.0922,23.3392,0.0559 
2013-06-17,18.2270,25.1983,0.0933 
2013-06-18,16.0317,24.6528,9.1133 
2013-06-19,12.4663,19.0017,0.0139 
2013-06-20,15.4992,21.8119,0.0543 
2013-06-21,18.4519,26.9120,5.7629e-05 
2013-06-22,20.7235,30.5817,0.0029 
2013-06-23,22.7484,29.5080,0.0189 
2013-06-24,22.2711,28.5820,0.2574 
2013-06-25,22.4200,28.6404,1.1313 
2013-06-26,18.4479,28.4906,16.1199 
2013-06-27,20.4688,25.8353,12.9775 
2013-06-28,17.3627,22.3700,0.5746 
2013-06-29,17.1762,20.7506,13.7417 
2013-06-30,17.1022,21.3310,0.0962 
2013-07-01,18.1222,20.6948,0.3656 
2013-07-02,17.2788,25.0956,0.0552 
2013-07-03,19.1282,27.6555,1.7092 
2013-07-04,18.7903,24.2033,8.5602 
2013-07-05,19.8258,23.8467,3.4739 
2013-07-06,21.3996,26.5404,2.1010 
2013-07-07,20.3931,24.3742,1.2972 
2013-07-08,20.4586,28.0047,0.3951 
2013-07-09,19.4922,26.0802,16.5409 
2013-07-10,20.4845,28.4342,24.0051 
2013-07-11,17.7653,21.1068,7.6211 
2013-07-12,18.0337,23.7471,0.0636 
2013-07-13,18.4814,25.6352,6.8999e-04 
2013-07-14,20.1785,27.7636,0.0408 
2013-07-15,23.5084,28.9613,0.0204 
2013-07-16,23.9341,28.8599,0.0199 
2013-07-17,23.9281,29.8993,0.0123 
2013-07-18,25.0540,30.4641,5.1025e-05 
2013-07-19,25.2305,31.8898,0.0762 
2013-07-20,21.4625,31.0166,47.8439 
2013-07-21,19.5409,24.4782,0.2164 
2013-07-22,20.5105,25.0152,0.7684 
2013-07-23,19.1604,26.4823,8.8718 
2013-07-24,14.6578,19.5672,6.5432 
2013-07-25,15.3322,20.3329,0.0081 
2013-07-26,17.4451,23.7476,0.0355 
2013-07-27,18.3118,23.3645,5.4262 
2013-07-28,15.7141,20.6405,2.3500 
2013-07-29,14.9434,20.1524,0.5261 
2013-07-30,16.4647,21.6332,0.0224 
2013-07-31,18.2139,24.6999,0.0372 
2013-08-01,17.6341,24.3983,5.2196 
2013-08-02,16.4885,22.3326,0.0346 
2013-08-03,17.4812,21.5500,0.0671 
2013-08-04,16.0106,20.8688,0.1412 
2013-08-05,15.3196,20.0064,0.0251 
2013-08-06,16.3485,25.2117,0.0095 
2013-08-07,20.0568,27.1146,2.5773 
2013-08-08,18.9770,26.9336,6.3675 
2013-08-09,18.6005,21.5638,3.2082 
2013-08-10,18.3647,21.3170,0.0467 
2013-08-11,17.5559,22.8748,0.0797 
2013-08-12,18.4530,25.0926,2.5146 
2013-08-13,16.2752,18.4180,22.4848 
2013-08-14,14.2294,17.5552,0.3440 
2013-08-15,14.6277,19.2756,0.0216 
2013-08-16,16.0950,21.8700,0.0337 
2013-08-17,18.4913,23.8091,5.9859e-04 
2013-08-18,18.5802,24.8519,0.0363 
2013-08-19,18.1824,23.3854,0.0092 
2013-08-20,19.4321,26.0772,0.0651 
2013-08-21,20.9455,27.9090,0.0362 
2013-08-22,20.1653,26.5170,0.0329 
2013-08-23,19.5327,24.9681,0.0544 
2013-08-24,17.6426,23.2029,0.0311 
2013-08-25,18.6016,26.5874,0.0281 
2013-08-26,20.3372,28.4109,6.0247 
2013-08-27,20.3598,27.8559,4.3836 
2013-08-28,20.5466,26.6017,14.2540 
2013-08-29,20.0368,25.0270,0.6641 
2013-08-30,22.2490,27.5608,0.0425 
2013-08-31,21.3056,27.1509,0.6465 
2013-09-01,19.8154,23.9224,2.5946 
2013-09-02,20.4455,22.9197,1.7938 
2013-09-03,15.9031,20.8785,0.0084 
2013-09-04,15.2940,21.9505,0.0350 
2013-09-05,15.7282,21.3003,0.0255 
2013-09-06,12.5097,19.8283,0.0299 
2013-09-07,15.1733,24.3319,0.0198 
2013-09-08,17.6787,22.1792,0.0858 
2013-09-09,13.4320,26.2598,0.0696 
2013-09-10,23.3578,31.3674,0.0307 
2013-09-11,24.3327,30.7658,0.0115 
2013-09-12,17.5212,29.1152,7.6869 
2013-09-13,13.5668,18.7023,2.4558 
2013-09-14,10.4822,14.8238,0.0621 
2013-09-15,11.5087,17.1755,0.0911 
2013-09-16,13.1038,16.5813,0.9894 
2013-09-17,7.9339,18.6661,0.0124 
2013-09-18,10.6556,19.9582,0.0272 
2013-09-19,13.8383,25.3149,0.0029 
2013-09-20,17.3736,26.5744,5.7722 
2013-09-21,15.7148,20.7256,33.3330 
2013-09-22,12.3129,15.2788,1.8693 
2013-09-23,10.7589,13.1371,0.2698 
2013-09-24,9.8523,15.4441,0.0266 
2013-09-25,12.6156,18.3965,0.0016 
2013-09-26,13.9480,18.9018,0.2734 
2013-09-27,13.6971,19.1932,0.0262 
2013-09-28,13.8638,22.1330,0.0280 
2013-09-29,13.9750,21.8985,1.3016e-06 
2013-09-30,16.3413,20.4519,0.4196 
2013-10-01,15.1870,22.6416,0.2050 
2013-10-02,16.5347,21.3618,1.8328e-04 
2013-10-03,16.6690,23.4415,0.7582 
2013-10-04,18.6949,24.4950,0.3741 
2013-10-05,18.5373,24.7302,2.5044 
2013-10-06,19.6784,24.4533,1.1277 
2013-10-07,10.3628,23.7192,24.0755 
2013-10-08,12.0759,16.1183,1.0837 
2013-10-09,9.8502,18.2496,0.0448 
2013-10-10,10.8341,16.9926,1.4204e-04 
2013-10-11,13.9560,18.2348,0.1252 
2013-10-12,12.9621,22.7558,0.0222 
2013-10-13,15.5422,21.1816,0.6301 
2013-10-14,12.2033,15.6003,0.2201 
2013-10-15,10.6413,20.1335,0.0231 
2013-10-16,15.0896,19.3274,22.1443 
2013-10-17,9.5461,14.9444,5.5156 
2013-10-18,9.0704,14.6647,3.4939 
2013-10-19,7.1440,13.1113,9.6367 
2013-10-20,5.0152,12.0863,7.9824 
2013-10-21,8.6842,14.9561,0.0327 
2013-10-22,5.9491,13.2686,4.9998 
2013-10-23,4.0329,6.6512,7.6966 
2013-10-24,3.3836,6.0449,7.4470 
2013-10-25,4.8641,6.5256,2.3941 
2013-10-26,1.2866,6.3759,0.7215 
2013-10-27,5.5670,7.6230,3.1723 
2013-10-28,4.6911,10.0904,0.0646 
2013-10-29,4.4525,10.1548,0.0000 
2013-10-30,7.2906,15.7230,0.0061 
2013-10-31,11.7001,17.6012,12.5090 
2013-11-01,10.4078,18.1347,9.2596 
2013-11-02,6.0605,10.3616,8.4898 
2013-11-03,2.7664,5.5783,1.1824 
2013-11-04,-2.0400,5.4753,0.0024 
2013-11-05,4.7733,13.1019,0.0010 
2013-11-06,9.2767,16.9522,1.1403 
2013-11-07,4.0303,14.6553,14.6958 
2013-11-08,2.9995,4.7422,1.7407 
2013-11-09,0.4600,10.4945,0.3015 
2013-11-10,5.1771,10.0583,1.2531 
2013-11-11,2.4410,7.5492,5.0896 
2013-11-12,-0.5180,2.4402,8.2306 
2013-11-13,-1.5778,0.8749,0.9834 
2013-11-14,-1.3035,6.8743,5.1372e-04 
2013-11-15,2.6995,8.9031,5.8356e-06 
2013-11-16,3.9365,13.7030,1.9772e-04 
2013-11-17,12.9585,17.1323,1.6223 
2013-11-18,3.7716,16.6698,11.4149 
2013-11-19,1.0888,3.2246,0.1018 
2013-11-20,-3.4908,6.8067,2.7897e-04 
2013-11-21,3.1160,7.5915,2.8697 
2013-11-22,3.5514,8.1992,5.5077 
2013-11-23,-3.2611,3.0126,1.3113 
2013-11-24,-5.3291,-3.7894,2.2621 
2013-11-25,-8.4201,-0.1750,0.0447 
2013-11-26,-0.2985,1.1591,1.9722 
2013-11-27,-2.4077,0.6190,3.4460 
2013-11-28,-4.2856,-2.4254,0.9433 
2013-11-29,-5.2908,-0.8772,4.9419 
2013-11-30,-4.6557,3.0192,0.1708 
2013-12-01,0.4916,4.8733,0.0130 
2013-12-02,1.6600,3.3310,0.0096 
2013-12-03,0.4959,6.6433,0.0628 
2013-12-04,3.5783,7.6802,0.0989 
2013-12-05,3.6129,14.7853,0.2009 
2013-12-06,-2.3707,2.7877,3.5066 
2013-12-07,-4.8179,-2.4559,1.8740 
2013-12-08,-7.8969,-2.4789,0.2026 
2013-12-09,-2.3432,2.8045,1.1563 
2013-12-10,-6.0457,-2.2272,0.8915 
2013-12-11,-6.9708,-4.6225,2.3040 
2013-12-12,-9.5119,-4.8015,1.0714 
2013-12-13,-8.4808,-3.1733,1.0266 
2013-12-14,-6.2024,0.8127,12.5092 
2013-12-15,-4.9463,1.0373,12.5726 
2013-12-16,-7.0092,-5.2748,2.6315 
2013-12-17,-9.5032,-1.3315,3.1567 
2013-12-18,-3.5876,-2.5590,2.4878 
2013-12-19,-3.6661,7.1376,0.7967 
2013-12-20,3.7388,7.6268,4.6351 
2013-12-21,4.0787,12.3088,25.4419 
2013-12-22,2.6909,14.0649,26.8069 
2013-12-23,-2.0717,7.0912,0.4169 
2013-12-24,-8.6975,-1.9556,2.1686 
2013-12-25,-10.1958,-4.5980,0.3609 
2013-12-26,-4.4987,-2.1322,1.8758 
2013-12-27,-5.7274,2.4890,1.1276 
2013-12-28,1.6657,6.8717,0.0201 
2013-12-29,2.3556,5.5602,0.6598 
2013-12-30,-8.2449,2.0246,1.3384 
2013-12-31,-8.7032,-7.0374,2.0281 
2014-01-01,-7.0397,-5.7901,5.7986 
2014-01-02,-7.5853,-5.7238,8.0065 
2014-01-03,-12.7681,-8.3320,2.6449 
2014-01-04,-12.9173,0.6117,0.0117 
2014-01-05,-2.8953,2.8656,1.2436 
2014-01-06,-18.5382,6.0825,11.0216 
2014-01-07,-22.6287,-17.3172,0.7158 
2014-01-08,-17.4449,-6.9551,0.2969 
2014-01-09,-12.9370,-2.4174,0.1273 
2014-01-10,-2.7388,5.8990,4.0838 
2014-01-11,1.9008,8.6509,12.5063 
2014-01-12,-1.2049,2.6057,1.6365 
2014-01-13,1.6706,6.1920,0.3191 
2014-01-14,-1.4674,5.8346,2.6506 
2014-01-15,-4.8505,0.9664,0.3163 
2014-01-16,-8.7749,-1.4826,1.5752 
2014-01-17,-1.6564,2.4477,1.2071 
2014-01-18,-10.9845,0.2149,8.8672 
2014-01-19,-8.2851,-0.9845,0.6906 
2014-01-20,-6.5239,0.6618,1.3148 
2014-01-21,-15.5788,-7.0707,0.2529 
2014-01-22,-19.5848,-13.0330,0.3289 
2014-01-23,-13.9010,-10.7485,1.5785 
2014-01-24,-17.1540,-9.2223,0.0607 
2014-01-25,-8.6802,-2.6630,7.2671 
2014-01-26,-13.4568,-4.8537,2.6772 
2014-01-27,-13.4780,-0.3617,7.0146 
2014-01-28,-20.2270,-13.8000,0.2616 
2014-01-29,-19.9891,-10.7329,1.1040e-04 
2014-01-30,-13.6611,-2.8190,1.7065e-05 
2014-01-31,-2.9462,0.0772,0.2242 
2014-02-01,-2.3033,3.3697,4.2445 
2014-02-02,-4.5621,3.9539,7.0818 
2014-02-03,-9.3154,-4.8252,0.0507 
2014-02-04,-11.0440,-3.7876,0.0299 
2014-02-05,-5.7015,-4.1030,14.7301 
2014-02-06,-13.7239,-6.1573,2.0133 
2014-02-07,-16.6564,-7.3439,0.4972 
2014-02-08,-17.3805,-9.7340,0.0593 
2014-02-09,-12.1153,-5.9785,4.6503 
2014-02-10,-10.3590,-8.2579,0.6652 
2014-02-11,-13.5297,-10.0736,0.3889 
2014-02-12,-14.7959,-1.7929,0.0973 
2014-02-13,-9.2790,-3.7765,1.2376 
2014-02-14,-10.1885,-3.0248,3.6707 
2014-02-15,-10.2153,-4.5535,0.3087 
2014-02-16,-11.6820,-6.6955,1.5840 
2014-02-17,-14.9843,-2.1537,0.2794 
2014-02-18,-4.5695,2.7758,9.8363 
2014-02-19,1.5679,4.7558,0.2999 
2014-02-20,-2.5691,6.9447,15.4657 
2014-02-21,0.7139,7.4121,6.4874 
2014-02-22,0.3539,2.9067,0.0647 
2014-02-23,-3.9157,1.1627,0.2884 
2014-02-24,-9.5042,-4.6675,0.1378 
2014-02-25,-10.3523,-6.4610,0.6086 
2014-02-26,-13.7547,-6.5991,1.0024 
2014-02-27,-14.6771,-9.6354,1.4100 
2014-02-28,-19.1209,-5.6385,0.0146 
2014-03-01,-8.6493,3.6057,0.0237 
2014-03-02,-13.0535,-1.1824,6.0180 
2014-03-03,-18.5779,-12.0368,0.0335 
2014-03-04,-16.6258,-7.1210,0.0024 
2014-03-05,-11.7441,-6.6990,0.0959 
2014-03-06,-11.3335,1.2997,0.0039 
2014-03-07,-4.6150,8.6327,8.9484e-04 
2014-03-08,-1.8008,6.3446,2.7127 
2014-03-09,-11.8013,0.7087,0.0768 
2014-03-10,0.6654,8.7553,0.0150 
2014-03-11,3.2138,8.0862,3.5828e-04 
2014-03-12,-5.9199,4.0934,30.8323 
2014-03-13,-16.9552,-7.2882,1.5295 
2014-03-14,-7.7123,9.0271,0.1162 
2014-03-15,-0.2136,7.5840,1.8718 
2014-03-16,-11.5817,-0.7924,0.0186 
2014-03-17,-11.7673,0.4557,0.0174 
2014-03-18,-4.1837,7.9104,0.0014 
2014-03-19,2.0842,6.5776,9.2720 
2014-03-20,-0.0019,5.5362,1.2685 
2014-03-21,-4.2081,4.4345,0.2094 
2014-03-22,0.1895,6.0895,1.0411 
2014-03-23,-10.4257,1.2899,0.3461 
2014-03-24,-10.2310,-3.5658,0.2605 
2014-03-25,-7.1114,0.3682,0.8487 
2014-03-26,-11.3237,-2.4378,1.1331 
2014-03-27,-8.6349,5.1326,0.1668 
2014-03-28,3.8011,9.6187,1.1854 
2014-03-29,-1.9634,3.4351,1.4536 
2014-03-30,-1.8017,3.1482,4.3043 
2014-03-31,-3.7154,7.0696,0.0011 
2014-04-01,3.8642,14.1110,0.0884 
2014-04-02,1.4896,6.5293,9.3742e-05 
2014-04-03,-1.2910,5.3263,5.4676 
2014-04-04,3.2452,16.4659,14.1612 
2014-04-05,-1.8184,10.2607,0.3345 
2014-04-06,1.1127,10.3736,0.0013 
2014-04-07,5.3859,10.4857,3.4742 
2014-04-08,2.5571,8.9640,14.4027 
2014-04-09,-1.0547,8.1249,0.0430 
2014-04-10,4.5937,19.3066,0.0000 
2014-04-11,8.4949,18.0432,11.8747 
2014-04-12,9.0791,20.1427,0.0096 
2014-04-13,17.0645,25.0973,0.0528 
2014-04-14,13.9172,24.4632,9.9914 
2014-04-15,-3.6076,12.4103,25.5907 
2014-04-16,-6.0515,3.4676,0.6182 
2014-04-17,-0.7203,14.6922,4.4445e-07 
2014-04-18,6.3483,14.9118,6.4535e-05 
2014-04-19,0.1459,10.6870,7.0574e-04 
2014-04-20,4.9303,21.3608,8.5081e-04 
2014-04-21,11.5129,22.4015,1.2914e-04 
2014-04-22,8.6600,20.7420,2.1733 
2014-04-23,2.2273,8.8662,0.6082 
2014-04-24,0.6749,10.5289,1.9679e-04 
2014-04-25,6.2959,15.6893,6.6449 
2014-04-26,5.9544,11.2072,0.0869 
2014-04-27,0.6228,9.7363,0.0084 
2014-04-28,6.7276,16.8598,0.4269 
2014-04-29,11.1504,15.8990,9.8984 
2014-04-30,10.2086,15.4286,10.6031 
2014-05-01,8.6484,15.3939,2.0275 
2014-05-02,7.0344,13.2166,0.2138 
2014-05-03,8.2908,12.8953,2.3408 
2014-05-04,7.3260,12.5437,0.6407 
2014-05-05,4.0610,10.1829,0.1853 
2014-05-06,4.4017,12.4487,0.0257 
2014-05-07,8.9005,21.4512,0.3979 
2014-05-08,14.9777,25.8812,1.6388 
2014-05-09,19.1496,26.1271,0.6359 
2014-05-10,16.7532,22.0826,6.9207 
2014-05-11,12.2883,22.7959,2.9973e-05 
2014-05-12,17.8827,27.1031,2.3625 
2014-05-13,20.3124,28.3544,4.8434 
2014-05-14,15.3903,27.2523,3.8913 
2014-05-15,13.3999,21.2442,25.6886 
2014-05-16,4.6445,12.8411,2.3808 
2014-05-17,6.2255,10.1121,2.7729 
2014-05-18,6.4020,14.0598,0.0352 
2014-05-19,10.1201,16.7792,1.2756e-04 
2014-05-20,13.5810,17.9125,0.7466 
2014-05-21,17.1999,21.5892,1.7629 
2014-05-22,13.4234,21.3688,3.2693 
2014-05-23,8.8722,16.2015,0.0393 
2014-05-24,10.3138,18.9471,0.0415 
2014-05-25,15.5156,22.4746,4.3730e-04 
2014-05-26,18.9717,25.3190,3.8495e-05 
2014-05-27,20.8537,25.3994,0.3221 
2014-05-28,16.6027,25.0305,0.5557 
2014-05-29,13.5859,18.8816,5.1177e-04 
2014-05-30,13.7620,20.7380,6.3828e-05 
2014-05-31,15.9936,21.4184,0.0032 
2014-06-01,14.7459,26.9837,0.0000 
2014-06-02,19.3076,27.6740,0.9933 
2014-06-03,18.7107,27.3709,5.2920 
2014-06-04,14.3591,22.8912,2.0430 
2014-06-05,11.7165,16.7727,1.7306 
2014-06-06,11.8625,19.8115,2.9772e-08 
2014-06-07,16.6277,23.5387,0.0000 
2014-06-08,14.9126,22.7627,15.8341 
2014-06-09,13.8732,19.0461,1.1131 
2014-06-10,15.1440,22.3852,0.1629 
2014-06-11,19.1830,27.3082,1.1681 
2014-06-12,18.2431,27.2040,0.9966 
2014-06-13,18.2376,22.0311,1.4481 
2014-06-14,12.8565,18.5528,0.0692 
2014-06-15,13.6672,24.4781,3.0636e-06 
2014-06-16,19.4348,26.3198,0.2170 
2014-06-17,21.8688,30.8806,0.1617 
2014-06-18,19.6992,27.2228,21.5053 
2014-06-19,17.5530,25.0883,10.2939 
2014-06-20,16.9888,22.3506,0.1027 
2014-06-21,17.0924,21.7889,0.0911 
2014-06-22,17.8887,23.8815,0.0220 
2014-06-23,19.2736,28.1244,1.1871 
2014-06-24,21.4717,28.7898,3.0341 
2014-06-25,18.5715,22.2602,37.5438 
2014-06-26,16.4480,21.6235,0.2510 
2014-06-27,17.6181,24.5758,0.0101 
2014-06-28,20.0672,29.1605,0.0022 
2014-06-29,22.1621,28.6400,3.9464 
2014-06-30,22.0065,28.6183,1.1619 
2014-07-01,22.4120,29.0730,0.0181 
2014-07-02,21.6138,28.2704,1.5608 
2014-07-03,19.2131,22.7261,1.5601 
2014-07-04,14.4101,19.0383,0.0640 
2014-07-05,17.2490,22.0668,0.0000 
2014-07-06,18.4839,25.4316,0.0368 
2014-07-07,20.7544,25.9944,2.3423 
2014-07-08,20.4771,25.0609,32.9729 
2014-07-09,18.2851,22.2305,0.4499 
2014-07-10,17.0699,22.0426,9.2363e-04 
2014-07-11,17.6318,24.0357,1.7247e-05 
2014-07-12,20.6520,28.0859,7.0308e-04 
2014-07-13,21.8890,27.4275,2.8522 
2014-07-14,20.8371,27.0866,3.0224 
2014-07-15,18.1082,23.8286,3.2787 
2014-07-16,16.3922,18.8612,0.4194 
2014-07-17,16.1126,20.0385,0.6460 
2014-07-18,16.4495,22.8648,0.0256 
2014-07-19,16.5906,22.3246,8.3774 
2014-07-20,17.2016,22.1873,2.2903 
2014-07-21,19.1316,25.2381,0.0249 
2014-07-22,21.5617,29.4490,0.0062 
2014-07-23,18.8623,29.2495,0.7065 
2014-07-24,17.1951,20.6443,0.0066 
2014-07-25,16.4560,22.1451,2.0660e-07 
2014-07-26,18.5991,26.7251,0.7505 
2014-07-27,17.9211,26.2185,3.4338 
2014-07-28,16.3790,17.8376,40.9529 
2014-07-29,13.2462,18.2555,0.0342 
2014-07-30,14.1605,20.5883,1.1554 
2014-07-31,14.5109,22.8588,1.9387 
2014-08-01,18.6492,24.8135,0.0181 
2014-08-02,18.0211,24.0977,0.2759 
2014-08-03,17.2558,22.7651,1.2660 
2014-08-04,19.6361,26.1591,0.0477 
2014-08-05,19.0138,24.7051,2.5508 
2014-08-06,17.4019,22.0882,0.0483 
2014-08-07,18.3233,22.7863,0.0028 
2014-08-08,17.9343,23.4408,9.2297e-05 
2014-08-09,18.4059,24.3624,1.3206e-05 
2014-08-10,18.7014,26.8995,1.5608e-05 
2014-08-11,19.4770,25.9729,5.2033 
2014-08-12,18.2162,23.2303,21.6302 
2014-08-13,15.9060,19.6162,12.7432 
2014-08-14,16.1079,19.6138,3.3080e-05 
2014-08-15,15.3426,19.0217,1.8062e-04 
2014-08-16,14.4292,24.0771,0.0380 
2014-08-17,16.9948,23.7447,8.9190 
2014-08-18,16.5430,22.4632,1.0689e-07 
2014-08-19,17.0963,27.1710,0.0260 
2014-08-20,21.4234,26.8927,25.0725 
2014-08-21,20.4172,25.5152,1.4043 
2014-08-22,20.4446,25.0384,2.7269 
2014-08-23,19.2645,22.6047,0.0913 
2014-08-24,18.2691,25.2260,2.5379e-04 
2014-08-25,18.4807,25.2624,6.9036e-04 
2014-08-26,19.2790,28.2913,0.1340 
2014-08-27,19.6834,27.2259,0.1122 
2014-08-28,15.4745,19.7123,7.8632e-05 
2014-08-29,14.9938,23.3128,0.0000 
2014-08-30,18.5417,29.5470,0.0012 
2014-08-31,20.1322,27.9399,2.2115 
2014-09-01,21.2640,27.0755,0.5467 
2014-09-02,19.2687,24.2943,2.1721 
2014-09-03,17.8597,24.2636,0.4249 
2014-09-04,20.6730,27.4412,5.3190e-06 
2014-09-05,21.0407,30.0656,0.0204 
2014-09-06,16.3993,28.7206,18.2070 
2014-09-07,17.3515,20.1795,0.0012 
2014-09-08,14.8340,24.1383,6.9852e-05 
2014-09-09,16.1763,22.7240,0.0792 
2014-09-10,18.2285,25.3766,6.4199 
2014-09-11,15.5737,24.8106,26.5920 
2014-09-12,12.3208,15.7580,0.7909 
2014-09-13,10.6590,14.2976,0.9133 
2014-09-14,10.6184,15.3543,0.1140 
2014-09-15,10.9489,18.3285,0.5948 
2014-09-16,12.5068,15.4873,10.0259 
2014-09-17,11.7661,16.0776,0.0248 
2014-09-18,14.5695,17.0873,0.0090 
2014-09-19,10.4179,19.8258,0.0336 
2014-09-20,15.9505,24.1792,0.0028 
2014-09-21,15.9584,22.0026,3.4270 
2014-09-22,10.3924,14.7982,4.4512 
2014-09-23,11.1074,17.1900,8.4234e-05 
2014-09-24,13.3393,22.4126,0.0000 
2014-09-25,12.9942,19.8397,1.6120e-04 
2014-09-26,16.3573,20.8758,1.0244e-04 
2014-09-27,16.6833,21.1718,0.0000 
2014-09-28,17.1900,22.1501,0.0000 
2014-09-29,16.8369,20.5390,0.0000 
2014-09-30,15.6471,19.2328,11.2810 
2014-10-01,14.2592,19.4652,1.1028 
2014-10-02,14.6512,22.2686,8.7769e-04 
2014-10-03,16.7269,22.8398,7.2795 
2014-10-04,6.8908,15.3772,10.4719 
2014-10-05,4.6498,10.4989,5.1978 
2014-10-06,7.2933,17.0270,1.2075 
2014-10-07,11.3348,17.0443,5.9643 
2014-10-08,11.8799,13.6625,1.4898 
2014-10-09,11.4215,13.0945,0.0050 
2014-10-10,8.5162,12.1109,0.0176 
2014-10-11,8.3364,10.8448,0.0298 
2014-10-12,6.2519,16.3498,0.0019 
2014-10-13,12.5471,22.4932,6.4958 
2014-10-14,18.9866,25.3545,0.4167 
2014-10-15,13.9560,23.5172,14.6744 
2014-10-16,11.4851,15.4338,6.3644 
2014-10-17,10.3900,16.8752,1.4002 
2014-10-18,8.1645,15.7417,9.9058 
2014-10-19,5.9710,8.5001,1.1392 
2014-10-20,6.6946,14.4447,0.4918 
2014-10-21,9.3836,11.1228,15.6319 
2014-10-22,8.0244,9.4797,2.4554 
2014-10-23,8.1457,11.3094,5.1904e-04 
2014-10-24,8.8556,11.7425,9.0001e-06 
2014-10-25,9.3528,16.6467,0.0044 
2014-10-26,9.5833,15.7575,0.0073 
2014-10-27,7.4720,18.6509,1.4233e-04 
2014-10-28,15.4468,21.3578,1.7023 
2014-10-29,9.2581,15.3398,0.7281 
2014-10-30,7.1191,9.2115,4.8074 
2014-10-31,5.3176,8.5158,0.6078 
2014-11-01,3.3441,6.5692,4.5732 
2014-11-02,0.8180,4.5681,0.0734 
2014-11-03,1.8928,12.2952,4.1971e-04 
2014-11-04,9.5296,16.8484,0.1446 
2014-11-05,7.6358,13.5050,6.2492 
2014-11-06,6.6339,10.5339,2.9427 
2014-11-07,2.8628,7.2552,5.0336 
2014-11-08,-0.4030,6.7351,0.1806 
2014-11-09,3.2824,8.7001,1.2986 
2014-11-10,5.6060,15.4106,0.0025 
2014-11-11,12.8194,18.0914,0.0029 
2014-11-12,2.3157,16.5307,1.7528 
2014-11-13,-0.2941,2.6392,2.8904 
2014-11-14,-2.0661,0.2423,1.5393 
2014-11-15,-2.4868,0.2779,1.2989 
2014-11-16,-2.8751,1.4790,0.1264 
2014-11-17,-3.2560,0.7221,9.0269 
2014-11-18,-10.3013,-4.5302,2.7536 
2014-11-19,-10.9343,-0.7421,2.9416 
2014-11-20,-5.5312,0.7725,4.3229 
2014-11-21,-5.4105,-3.7172,5.2533 
2014-11-22,-7.2017,6.4010,9.3054 
2014-11-23,5.1053,10.1517,3.2747 
2014-11-24,6.9366,16.1308,4.4922 
2014-11-25,0.5228,6.3426,0.1186 
2014-11-26,-2.8290,0.3047,0.0536 
2014-11-27,-1.5504,0.8110,1.6353 
2014-11-28,-4.8108,-0.8357,0.6861 
2014-11-29,-4.5061,4.3313,0.4482 
2014-11-30,4.1268,12.4112,0.1811 
2014-12-01,-1.8187,13.1158,2.8734 
2014-12-02,-5.4197,2.7364,0.8230 
2014-12-03,-1.5784,3.6048,0.2623 
2014-12-04,-2.3185,1.6867,9.8869e-04 
2014-12-05,-2.7722,4.7602,0.1891 
2014-12-06,1.6643,5.1049,12.3491 
2014-12-07,-1.6077,2.5624,0.0105 
2014-12-08,-1.1994,3.9352,1.7848e-04 
2014-12-09,1.5525,4.9185,0.2220 
2014-12-10,-2.0585,3.5742,2.4949 
2014-12-11,-2.2465,1.3363,1.3326 
2014-12-12,-0.4376,1.8530,0.0667 
2014-12-13,-0.5645,2.0697,0.0772 
2014-12-14,2.0813,5.4865,0.1490 
2014-12-15,4.7070,8.5854,0.1425 
2014-12-16,3.7138,9.1710,9.2843 
2014-12-17,-0.6785,7.2208,4.2036 
2014-12-18,-2.0558,-0.4377,0.4519 
2014-12-19,-2.2480,-0.4740,0.3077 
2014-12-20,-2.6313,-1.4428,0.0759 
2014-12-21,-3.7507,0.7746,0.0493 
2014-12-22,-3.2437,5.9754,0.0062 
2014-12-23,3.3088,8.6392,0.3550 
2014-12-24,8.0855,13.2059,1.9192 
2014-12-25,2.7350,13.2256,4.2501 
2014-12-26,0.5508,7.9186,0.0082 
2014-12-27,4.6856,12.0026,0.0538 
2014-12-28,0.5656,10.1548,8.2677 
2014-12-29,-2.2175,0.7824,0.0509 
2014-12-30,-4.8233,-2.2387,0.0737 
2014-12-31,-7.7330,-4.8864,0.6420 
2015-01-01,-7.8664,-6.4690,0.2623 
