Meteorological forcing data for the Large Basin Runoff Model.      
stc, 01,   <- lake basin, subbasin            
yyyy-mm-dd, Tmin(C), Tmax(C), Prec(mm)                             
2010-01-01,-7.5553,-4.7639,0.4404 
2010-01-02,-13.1705,-8.0985,0.2708 
2010-01-03,-14.9822,-7.1039,1.1576 
2010-01-04,-8.3557,-5.5477,3.5337 
2010-01-05,-8.3272,-5.0338,1.4387 
2010-01-06,-5.6721,-3.6907,0.1487 
2010-01-07,-7.1451,-2.6037,1.7259 
2010-01-08,-5.9208,-3.8189,6.0033 
2010-01-09,-8.6446,-4.9954,0.5087 
2010-01-10,-11.7923,-4.4020,0.0147 
2010-01-11,-10.9766,-6.0890,1.7475 
2010-01-12,-7.4736,-3.8966,0.5547 
2010-01-13,-8.7027,-0.7179,0.0118 
2010-01-14,-4.0913,3.4673,0.0277 
2010-01-15,-1.1451,2.4828,0.1342 
2010-01-16,-5.8931,0.0570,0.0110 
2010-01-17,-5.4273,0.5809,4.2318e-05 
2010-01-18,-6.5381,0.3233,0.0032 
2010-01-19,-3.9340,-0.0266,0.5272 
2010-01-20,-6.6557,-1.4715,0.2737 
2010-01-21,-8.5701,-0.2213,0.0030 
2010-01-22,-3.1798,1.2776,0.0127 
2010-01-23,-4.3214,2.1972,0.0315 
2010-01-24,1.1377,5.1398,4.2811 
2010-01-25,-0.6154,5.2545,3.4852 
2010-01-26,-3.4443,0.4332,1.3526 
2010-01-27,-6.8039,-1.2099,0.2275 
2010-01-28,-11.1084,-4.7496,0.6782 
2010-01-29,-16.4060,-9.6510,0.0345 
2010-01-30,-13.9122,-8.0094,0.0473 
2010-01-31,-12.0391,-4.1290,0.2843 
2010-02-01,-12.6133,-4.4995,0.0734 
2010-02-02,-6.1703,-2.9608,1.2728 
2010-02-03,-5.2169,-1.3096,0.9346 
2010-02-04,-7.1250,0.1657,0.0129 
2010-02-05,-3.7632,-0.1639,0.0000 
2010-02-06,-8.6659,-0.9157,0.0096 
2010-02-07,-6.8400,-3.5556,0.2784 
2010-02-08,-7.8805,-1.7977,1.3090e-04 
2010-02-09,-6.8336,-3.9035,3.9042 
2010-02-10,-4.6149,-2.8013,9.3883 
2010-02-11,-6.3032,-4.3558,0.7533 
2010-02-12,-10.0991,-3.6057,0.1180 
2010-02-13,-8.4989,-4.0963,0.1951 
2010-02-14,-8.6313,-1.6175,0.0298 
2010-02-15,-7.0409,-2.2847,0.0636 
2010-02-16,-5.9517,-2.6640,2.6101 
2010-02-17,-5.3062,-0.2189,0.2690 
2010-02-18,-4.9014,-0.2254,0.0504 
2010-02-19,-7.2720,0.5324,0.0028 
2010-02-20,-7.3997,0.8479,6.1083e-04 
2010-02-21,-1.7583,2.9742,0.0227 
2010-02-22,-3.0621,-0.7083,10.3414 
2010-02-23,-3.0403,-0.8209,0.3415 
2010-02-24,-3.3541,0.0817,0.5608 
2010-02-25,-6.2226,-1.9429,3.2613 
2010-02-26,-6.2340,-1.7639,6.3242 
2010-02-27,-1.6384,0.0802,3.6977 
2010-02-28,-2.1395,1.9491,0.6243 
2010-03-01,-3.8295,-0.0127,0.0291 
2010-03-02,-5.5749,-0.2376,0.0278 
2010-03-03,-5.8354,0.9501,0.0757 
2010-03-04,-4.5537,0.3934,0.0034 
2010-03-05,-5.3973,1.2447,4.9838e-05 
2010-03-06,-3.8628,4.2056,3.4108e-07 
2010-03-07,-2.8607,5.3682,6.8215e-08 
2010-03-08,-0.4002,8.4362,0.0013 
2010-03-09,3.5630,11.6823,3.8946e-04 
2010-03-10,3.2307,12.4387,0.1010 
2010-03-11,5.1641,16.1456,0.0226 
2010-03-12,8.2084,14.1981,3.4167 
2010-03-13,3.1856,12.1210,8.1391 
2010-03-14,2.7573,5.3449,5.7506 
2010-03-15,2.1390,8.6033,0.4097 
2010-03-16,2.2985,12.4274,8.9561e-05 
2010-03-17,5.9403,15.0515,3.6155e-04 
2010-03-18,4.9128,15.7644,3.6703e-04 
2010-03-19,6.1800,16.7377,4.9270e-04 
2010-03-20,-0.9749,14.8685,1.3749 
2010-03-21,-2.6309,4.7610,0.2195 
2010-03-22,-0.9104,6.4433,0.9695 
2010-03-23,1.6251,7.2861,0.3810 
2010-03-24,-0.1362,12.2880,0.0000 
2010-03-25,-1.4765,11.3775,0.2327 
2010-03-26,-5.2844,-0.9108,0.0096 
2010-03-27,-4.7957,6.5589,0.0815 
2010-03-28,1.7688,6.5223,5.8931 
2010-03-29,1.4748,6.0529,2.1130 
2010-03-30,-1.1715,12.6281,4.9194e-04 
2010-03-31,4.3523,18.8796,8.8452e-04 
2010-04-01,12.0295,25.1451,0.0010 
2010-04-02,12.9547,26.5623,0.0000 
2010-04-03,11.0066,24.4880,0.9452 
2010-04-04,6.6867,19.3102,0.0533 
2010-04-05,10.4601,20.5936,1.3143 
2010-04-06,7.2521,22.2214,27.3010 
2010-04-07,7.2299,21.8570,3.0649 
2010-04-08,6.6845,14.0060,6.8360 
2010-04-09,-2.4972,5.1403,0.1123 
2010-04-10,-0.1629,18.4112,0.0013 
2010-04-11,7.6413,17.3105,0.4361 
2010-04-12,5.7997,15.9024,0.0000 
2010-04-13,5.2951,11.6121,1.0433 
2010-04-14,6.2910,16.9413,0.2010 
2010-04-15,10.8124,26.8973,3.2483e-05 
2010-04-16,12.7556,25.2839,0.0022 
2010-04-17,2.3493,10.7640,0.2156 
2010-04-18,2.7533,9.9759,0.3195 
2010-04-19,1.5745,11.9426,0.0000 
2010-04-20,5.3989,14.7011,3.8344e-06 
2010-04-21,8.1296,16.3010,0.0016 
2010-04-22,0.9293,10.9813,0.0031 
2010-04-23,1.1264,14.8635,0.0546 
2010-04-24,7.0187,15.5489,0.3226 
2010-04-25,8.7163,12.2325,23.2777 
2010-04-26,7.1210,11.4598,0.1959 
2010-04-27,1.4509,9.8301,1.7251e-05 
2010-04-28,1.0168,12.4226,1.1218e-04 
2010-04-29,7.6363,16.6823,0.1351 
2010-04-30,11.0921,25.4680,0.0076 
2010-05-01,18.3944,24.7590,3.6920 
2010-05-02,16.4870,21.5123,7.4038 
2010-05-03,12.2444,21.2851,15.2643 
2010-05-04,12.1130,20.5607,0.2851 
2010-05-05,15.2556,22.5297,2.4197 
2010-05-06,9.0050,16.8134,0.0193 
2010-05-07,6.4370,12.8351,22.5547 
2010-05-08,3.6269,13.1175,12.0055 
2010-05-09,-1.0515,9.2149,0.0540 
2010-05-10,0.2399,9.9449,0.0062 
2010-05-11,4.1288,7.5171,17.8972 
2010-05-12,5.1052,13.0746,0.6631 
2010-05-13,5.5879,12.9089,19.4409 
2010-05-14,11.0038,19.2806,1.7585 
2010-05-15,7.3015,14.8855,0.0032 
2010-05-16,8.2403,15.8298,6.3842e-04 
2010-05-17,9.3192,17.1855,0.0281 
2010-05-18,10.0299,16.8521,2.1376 
2010-05-19,10.8309,22.4056,0.0340 
2010-05-20,17.3590,25.0794,0.0152 
2010-05-21,16.3799,23.0942,0.6513 
2010-05-22,15.2950,22.0568,2.1407 
2010-05-23,15.7039,25.6196,0.0297 
2010-05-24,17.8568,26.4262,0.0036 
2010-05-25,19.0207,26.0839,0.0196 
2010-05-26,18.5093,27.4896,0.0016 
2010-05-27,20.1784,26.7678,7.6393e-04 
2010-05-28,16.5203,24.1054,3.4539e-04 
2010-05-29,16.9453,24.0883,5.8373e-04 
2010-05-30,17.2289,28.3967,0.0000 
2010-05-31,19.6207,28.7022,4.5810 
2010-06-01,15.9387,26.0878,1.8623 
2010-06-02,18.2494,26.0914,19.7318 
2010-06-03,13.1628,22.2046,2.7157 
2010-06-04,12.0682,21.3239,0.7392 
2010-06-05,17.1942,25.4698,3.0239 
2010-06-06,12.2971,24.3420,21.7539 
2010-06-07,8.4854,16.9168,0.0930 
2010-06-08,10.5066,17.7606,0.0865 
2010-06-09,11.6910,24.6930,6.0671 
2010-06-10,13.6124,22.2994,0.3518 
2010-06-11,13.3720,24.3045,0.2066 
2010-06-12,20.6907,26.9229,0.1161 
2010-06-13,15.1387,21.3597,0.1061 
2010-06-14,16.0888,21.2830,0.1684 
2010-06-15,16.0346,22.4720,0.1553 
2010-06-16,18.3837,24.1604,4.2967 
2010-06-17,12.9577,21.2393,0.0027 
2010-06-18,16.3377,28.2142,0.0259 
2010-06-19,21.6274,28.1604,0.4840 
2010-06-20,16.6349,26.2847,0.0031 
2010-06-21,16.2223,25.3964,2.0120e-04 
2010-06-22,18.4826,27.6211,7.1889 
2010-06-23,21.7552,29.8362,0.2014 
2010-06-24,17.7593,30.0105,1.5678 
2010-06-25,14.2639,25.7117,0.1883 
2010-06-26,18.9104,26.7764,0.3642 
2010-06-27,16.4452,29.0949,8.0604 
2010-06-28,20.5137,26.2816,7.1894 
2010-06-29,11.1821,22.8236,0.0386 
2010-06-30,9.4605,19.0387,0.0181 
2010-07-01,10.0218,19.6009,0.0251 
2010-07-02,13.8792,24.6589,0.0286 
2010-07-03,18.1789,28.0278,0.0221 
2010-07-04,20.7015,32.3296,0.0619 
2010-07-05,23.9173,32.2842,0.0176 
2010-07-06,24.4110,32.9116,0.0428 
2010-07-07,25.7558,32.5779,0.4324 
2010-07-08,23.7794,30.8489,8.4544 
2010-07-09,20.8170,27.3709,0.9711 
2010-07-10,20.5655,26.1744,0.0114 
2010-07-11,21.7886,27.9228,3.9722 
2010-07-12,18.4040,27.7372,24.1259 
2010-07-13,16.5963,24.8959,0.1853 
2010-07-14,18.1636,26.2555,0.0026 
2010-07-15,21.6709,30.5398,5.6805 
2010-07-16,20.9168,28.0171,16.9695 
2010-07-17,22.1802,28.1342,0.2134 
2010-07-18,19.5246,30.2185,0.2266 
2010-07-19,19.5252,29.4560,0.5370 
2010-07-20,18.9412,25.1959,0.9460 
2010-07-21,19.9749,26.2016,0.0301 
2010-07-22,19.9715,25.9688,0.0935 
2010-07-23,18.0365,29.9550,6.6467 
2010-07-24,21.8340,28.2202,2.1078 
2010-07-25,19.2769,27.7517,1.0025 
2010-07-26,19.0119,25.9519,0.0366 
2010-07-27,21.6148,26.9462,0.0055 
2010-07-28,22.0361,28.9138,1.8473 
2010-07-29,15.5595,25.6369,0.0026 
2010-07-30,17.7208,23.8309,0.0302 
2010-07-31,17.5445,23.6684,0.3425 
2010-08-01,18.2105,25.8743,1.3564 
2010-08-02,21.0529,27.8910,0.5043 
2010-08-03,23.2097,30.3443,4.3338e-04 
2010-08-04,23.4926,30.0058,0.4921 
2010-08-05,21.0454,27.7641,0.2147 
2010-08-06,16.6145,24.3761,0.1054 
2010-08-07,15.4524,23.5198,0.0572 
2010-08-08,19.6402,29.4202,0.4155 
2010-08-09,20.4325,28.8261,2.8351 
2010-08-10,21.4780,26.8937,0.0285 
2010-08-11,19.5283,27.8865,0.0390 
2010-08-12,19.1316,27.2854,8.3668 
2010-08-13,19.9540,28.8583,0.0183 
2010-08-14,22.4375,31.5922,0.1548 
2010-08-15,21.2457,31.0883,0.2683 
2010-08-16,17.5451,26.9413,0.0641 
2010-08-17,16.7277,24.8946,0.0318 
2010-08-18,16.8227,24.4603,0.0508 
2010-08-19,20.2174,26.7152,2.7262 
2010-08-20,17.8503,26.0882,1.8606 
2010-08-21,21.3162,28.0867,1.4674 
2010-08-22,18.8656,21.9968,0.1321 
2010-08-23,17.9017,22.9447,0.0606 
2010-08-24,16.0520,24.0818,0.0712 
2010-08-25,18.7901,23.9215,0.1283 
2010-08-26,11.8902,21.0025,0.0401 
2010-08-27,13.8687,24.9177,0.0196 
2010-08-28,17.2669,27.0715,0.0204 
2010-08-29,18.2171,30.5733,0.0366 
2010-08-30,23.2478,30.8240,0.1309 
2010-08-31,24.4351,30.6481,0.1074 
2010-09-01,23.2322,30.2341,2.5836 
2010-09-02,20.3263,25.4690,8.1392 
2010-09-03,17.7886,23.6907,3.1325 
2010-09-04,11.4719,17.4971,1.0762 
2010-09-05,9.1618,18.8398,0.1329 
2010-09-06,15.5097,25.3001,1.1960 
2010-09-07,18.8849,25.8906,0.0583 
2010-09-08,12.9996,20.9425,0.0067 
2010-09-09,9.4233,16.6872,0.0038 
2010-09-10,10.5753,17.4579,0.2086 
2010-09-11,12.5563,19.6792,5.7390 
2010-09-12,11.0169,21.2160,4.7582 
2010-09-13,13.9344,22.0281,0.4289 
2010-09-14,11.2629,19.4605,7.5909e-05 
2010-09-15,9.6653,18.7252,0.0010 
2010-09-16,12.8793,19.8738,19.1178 
2010-09-17,11.2173,16.8424,0.8577 
2010-09-18,12.3920,19.7897,4.8403 
2010-09-19,10.6381,16.0389,0.0935 
2010-09-20,10.6955,17.3310,0.0730 
2010-09-21,13.4714,28.8420,0.1665 
2010-09-22,17.5348,27.6037,6.0164 
2010-09-23,12.7274,27.5384,0.0282 
2010-09-24,20.2978,27.2205,8.8276e-04 
2010-09-25,11.2538,18.5536,0.0088 
2010-09-26,7.4379,12.7641,0.1643 
2010-09-27,9.4727,14.8293,0.3445 
2010-09-28,11.8050,12.9508,45.4905 
2010-09-29,10.8055,18.2960,0.1312 
2010-09-30,13.3408,17.8010,0.0402 
2010-10-01,7.8251,15.2149,0.0064 
2010-10-02,7.7730,12.0277,19.8732 
2010-10-03,6.8425,9.8651,1.3826 
2010-10-04,6.9434,11.6285,0.0371 
2010-10-05,6.9827,14.8059,6.4475e-05 
2010-10-06,8.8042,17.4784,0.0023 
2010-10-07,8.6674,17.8553,0.0051 
2010-10-08,9.5417,22.3397,1.0600e-09 
2010-10-09,11.9832,19.6814,0.0175 
2010-10-10,11.4309,21.6542,0.0035 
2010-10-11,13.1113,19.9578,0.6925 
2010-10-12,7.8873,13.0011,0.8604 
2010-10-13,8.0961,13.8942,5.5736 
2010-10-14,7.5388,13.8387,8.5439 
2010-10-15,6.7459,12.8751,1.1303 
2010-10-16,5.7347,14.6827,4.0284e-06 
2010-10-17,7.0593,13.4591,3.4661e-04 
2010-10-18,6.8270,11.2345,0.0032 
2010-10-19,3.4432,11.7585,0.0022 
2010-10-20,5.9298,15.5273,0.0438 
2010-10-21,3.3233,13.2685,10.3156 
2010-10-22,0.1115,10.6549,0.1291 
2010-10-23,7.0423,17.8708,3.0075 
2010-10-24,13.0597,20.0158,1.7518 
2010-10-25,15.5856,18.9155,1.9772 
2010-10-26,12.6200,20.0797,4.9508 
2010-10-27,11.2204,16.2910,0.0819 
2010-10-28,6.4774,14.1366,0.0576 
2010-10-29,2.9254,8.9768,0.2200 
2010-10-30,3.9695,11.1691,0.0024 
2010-10-31,0.5679,10.4361,0.0245 
2010-11-01,0.4244,6.2853,0.0181 
2010-11-02,2.7428,6.4840,0.0834 
2010-11-03,1.3295,7.4513,0.3650 
2010-11-04,1.0667,7.1761,3.2726 
2010-11-05,1.2737,5.0785,6.5087 
2010-11-06,-3.1881,4.3283,1.0514 
2010-11-07,-1.2445,8.8143,0.0779 
2010-11-08,4.0446,11.2592,2.5638e-05 
2010-11-09,4.8292,10.6258,9.8718e-06 
2010-11-10,2.7311,11.6729,0.0906 
2010-11-11,2.5885,12.1711,0.0069 
2010-11-12,6.0554,13.7627,0.0482 
2010-11-13,6.3492,13.3327,0.0365 
2010-11-14,3.6387,10.9016,2.4837 
2010-11-15,1.0685,8.3985,0.0031 
2010-11-16,4.6168,9.8122,0.1497 
2010-11-17,5.2805,9.5570,16.9885 
2010-11-18,0.6182,7.4245,0.1248 
2010-11-19,-1.2685,5.9414,0.0277 
2010-11-20,0.8842,6.8459,5.1088e-04 
2010-11-21,-1.2217,10.6529,0.0541 
2010-11-22,11.2688,15.9040,5.3275 
2010-11-23,-1.1740,15.4195,6.4273 
2010-11-24,-3.7548,2.7019,0.0418 
2010-11-25,1.4541,8.3833,8.3485 
2010-11-26,-6.8346,7.4033,9.3638 
2010-11-27,-3.0237,2.3271,0.1237 
2010-11-28,-4.8945,2.1060,1.4612e-05 
2010-11-29,-1.1648,5.5962,7.1587e-06 
2010-11-30,3.8272,12.0403,15.6583 
2010-12-01,-3.1217,7.3582,2.7646 
2010-12-02,-3.4928,-1.2823,0.3666 
2010-12-03,-5.6134,-0.2579,0.2331 
2010-12-04,-5.1420,-0.3401,0.3265 
2010-12-05,-6.5529,-2.6290,0.6393 
2010-12-06,-4.6738,-3.3468,0.1448 
2010-12-07,-6.7758,-4.4285,0.1102 
2010-12-08,-7.3895,-4.5862,1.1107 
2010-12-09,-10.8436,-3.7944,0.1838 
2010-12-10,-5.2187,3.5041,2.0958 
2010-12-11,-2.8508,3.0160,0.0974 
2010-12-12,-1.8784,1.6440,22.7224 
2010-12-13,-9.4567,-2.7368,5.3493 
2010-12-14,-11.5917,-7.7841,2.0109 
2010-12-15,-10.5574,-4.6806,0.1580 
2010-12-16,-12.2612,-4.9623,0.0124 
2010-12-17,-8.4073,-3.2208,0.1771 
2010-12-18,-8.7758,-3.9557,0.4374 
2010-12-19,-8.3373,-3.6875,1.0783 
2010-12-20,-6.8637,-1.6600,0.1666 
2010-12-21,-4.2085,-2.4014,0.2084 
2010-12-22,-4.1130,-0.9079,0.5441 
2010-12-23,-4.0129,-1.4123,0.1642 
2010-12-24,-5.1509,-2.0377,0.4124 
2010-12-25,-3.5549,-2.3784,0.7180 
2010-12-26,-4.4312,-2.7949,1.0408 
2010-12-27,-6.3072,-3.7704,0.2285 
2010-12-28,-7.0660,-1.3569,0.1064 
2010-12-29,-7.5299,-0.3967,6.3663e-04 
2010-12-30,-4.8990,3.6527,0.5250 
2010-12-31,2.4727,6.0270,3.0138 
2011-01-01,-0.9232,9.3463,9.2130 
2011-01-02,-8.1754,-2.2889,0.1755 
2011-01-03,-9.3456,-1.1902,0.2446 
2011-01-04,-3.5528,-0.0250,2.6002 
2011-01-05,-10.9949,-2.7029,0.6538 
2011-01-06,-7.4930,-2.9629,2.0655 
2011-01-07,-12.5611,-4.1845,1.1696 
2011-01-08,-10.1721,-4.8159,1.9476 
2011-01-09,-11.0827,-4.7763,1.1891 
2011-01-10,-9.8398,-4.2679,0.1015 
2011-01-11,-8.8420,-4.6067,4.6330 
2011-01-12,-5.9274,-4.5185,7.0836 
2011-01-13,-10.4874,-5.9026,1.1715 
2011-01-14,-8.1048,-5.0629,0.5494 
2011-01-15,-8.4231,-2.8834,4.6634 
2011-01-16,-13.3536,-3.8973,0.0328 
2011-01-17,-15.0347,-6.2388,0.2371 
2011-01-18,-5.6290,2.2457,6.1222 
2011-01-19,-6.9093,-1.7497,0.4394 
2011-01-20,-11.0667,-6.0603,0.4602 
2011-01-21,-12.2788,-6.5560,1.1449 
2011-01-22,-16.3954,-10.2013,1.8229 
2011-01-23,-14.3150,-9.9254,1.7723 
2011-01-24,-18.5599,-7.5542,0.9888 
2011-01-25,-7.3361,-1.4197,0.4197 
2011-01-26,-4.4329,-1.2646,0.1335 
2011-01-27,-6.0191,-2.7017,1.4516 
2011-01-28,-6.1397,-2.1060,0.9591 
2011-01-29,-6.5440,-3.5775,6.8136 
2011-01-30,-8.4339,-5.2544,0.2816 
2011-01-31,-11.8144,-8.5547,0.1490 
2011-02-01,-10.0160,-6.9911,0.4833 
2011-02-02,-8.2540,-5.4838,20.2854 
2011-02-03,-13.8465,-5.4933,0.0370 
2011-02-04,-12.9539,-5.0729,4.3768e-04 
2011-02-05,-11.5794,-3.9031,1.0748 
2011-02-06,-7.4635,-1.9416,0.6073 
2011-02-07,-3.8873,-2.1863,1.4116 
2011-02-08,-12.4514,-4.5556,0.3773 
2011-02-09,-12.4447,-8.0973,0.0498 
2011-02-10,-17.8235,-9.6078,0.0370 
2011-02-11,-17.2467,-6.3207,0.1473 
2011-02-12,-6.7774,-2.7409,0.4749 
2011-02-13,-3.9392,4.6025,2.7248 
2011-02-14,-2.1284,4.0165,0.0717 
2011-02-15,-8.5303,-3.0844,2.9868e-05 
2011-02-16,-5.5108,4.9655,0.1908 
2011-02-17,1.9534,9.4555,0.0480 
2011-02-18,2.5164,12.9539,0.0449 
2011-02-19,-5.6446,1.3737,0.0060 
2011-02-20,-7.3949,-1.0330,2.6039 
2011-02-21,-9.3986,-2.9971,20.4218 
2011-02-22,-13.3542,-7.2941,2.7315e-07 
2011-02-23,-9.0720,-3.1080,0.0141 
2011-02-24,-7.5683,0.6965,2.8886 
2011-02-25,-4.3863,-0.6930,3.4246 
2011-02-26,-8.0833,-1.2945,3.2483 
2011-02-27,-3.9188,2.7041,1.7704 
2011-02-28,-2.5253,0.6528,10.1090 
2011-03-01,-8.0579,0.7110,0.0029 
2011-03-02,-6.0628,2.4775,0.0117 
2011-03-03,-11.8784,-4.1208,0.0530 
2011-03-04,-4.4821,5.1738,1.1324 
2011-03-05,-1.2795,5.3108,20.0027 
2011-03-06,-5.3594,-1.6103,2.2743 
2011-03-07,-9.7670,-1.8011,9.8075e-04 
2011-03-08,-5.6518,2.5102,0.0000 
2011-03-09,-0.4508,3.9989,10.7835 
2011-03-10,0.9624,6.8237,5.3126 
2011-03-11,-0.7750,2.6726,8.7475 
2011-03-12,-3.0756,4.4855,0.2155 
2011-03-13,-0.7231,1.0637,0.3069 
2011-03-14,-5.7537,0.7863,0.1335 
2011-03-15,-4.4973,4.5215,0.5273 
2011-03-16,2.7582,11.6953,3.9768 
2011-03-17,5.3341,15.4649,2.8908e-04 
2011-03-18,6.0192,16.1849,0.0027 
2011-03-19,-3.9922,6.4711,0.0089 
2011-03-20,-5.0497,7.4472,0.3869 
2011-03-21,4.9229,10.2706,20.9061 
2011-03-22,-1.2694,6.8962,2.0624 
2011-03-23,-3.5832,0.0936,20.6406 
2011-03-24,-6.3599,-2.8303,0.2303 
2011-03-25,-13.0157,-3.8359,0.1003 
2011-03-26,-11.3413,-3.6057,0.1110 
2011-03-27,-8.2586,-2.0272,0.0199 
2011-03-28,-11.4906,-0.5455,0.0014 
2011-03-29,-7.7135,2.7587,0.0025 
2011-03-30,-3.6433,2.5412,0.0013 
2011-03-31,-1.7206,5.3404,0.0149 
2011-04-01,-0.5619,6.2297,0.0526 
2011-04-02,1.4606,7.5268,0.8349 
2011-04-03,0.6821,5.7964,8.3530 
2011-04-04,2.7495,17.0623,3.8865 
2011-04-05,-0.7017,7.7794,0.1047 
2011-04-06,0.3102,6.3680,5.3494 
2011-04-07,-0.2861,8.8229,0.0845 
2011-04-08,3.1485,8.2235,0.2136 
2011-04-09,2.0358,13.1778,0.0120 
2011-04-10,6.2319,25.2676,0.9579 
2011-04-11,12.4010,24.5438,1.1389 
2011-04-12,2.0101,11.5151,3.5663e-05 
2011-04-13,2.4351,14.0877,0.0055 
2011-04-14,3.0989,13.1057,0.0018 
2011-04-15,-0.3850,9.9270,0.0065 
2011-04-16,7.8332,14.2841,13.2287 
2011-04-17,0.9762,10.3466,1.9261 
2011-04-18,-2.9946,3.7784,1.6246 
2011-04-19,-1.5241,7.0845,1.1966 
2011-04-20,2.7743,5.6575,16.4894 
2011-04-21,-1.8147,7.6212,0.0646 
2011-04-22,1.2760,8.5598,0.7769 
2011-04-23,6.2520,17.4647,15.5779 
2011-04-24,4.1826,14.3656,0.0451 
2011-04-25,6.9265,13.7326,2.1364 
2011-04-26,6.6550,19.7912,2.5556 
2011-04-27,13.9843,18.8359,15.4747 
2011-04-28,7.7405,16.2782,22.6968 
2011-04-29,2.1346,10.9446,1.8673 
2011-04-30,4.4892,12.6237,0.0614 
2011-05-01,10.5403,19.3805,0.6361 
2011-05-02,6.9284,18.2762,0.0223 
2011-05-03,3.3026,12.7498,2.2775 
2011-05-04,2.1533,11.5539,0.2642 
2011-05-05,5.9595,16.1361,0.0080 
2011-05-06,9.9784,15.9852,2.0828 
2011-05-07,7.5557,14.0159,0.4116 
2011-05-08,5.2170,15.1394,4.0939e-04 
2011-05-09,6.3770,16.3888,0.0000 
2011-05-10,9.9949,17.6108,0.3320 
2011-05-11,12.2584,23.2191,0.0918 
2011-05-12,15.3195,26.3825,4.1170 
2011-05-13,18.3709,24.6442,3.6473 
2011-05-14,10.1114,19.4097,16.9823 
2011-05-15,5.4503,9.7494,28.9694 
2011-05-16,4.3058,6.7490,2.4416 
2011-05-17,5.0869,12.8607,0.2985 
2011-05-18,10.9695,17.8748,10.2468 
2011-05-19,12.6860,18.4260,7.6940 
2011-05-20,11.1455,20.5517,0.0369 
2011-05-21,11.0406,22.7464,0.2089 
2011-05-22,17.3946,26.4677,3.4399 
2011-05-23,17.3450,26.3294,4.8849 
2011-05-24,13.2060,22.3032,0.3231 
2011-05-25,6.0930,18.9021,13.1890 
2011-05-26,7.0026,15.1172,20.1147 
2011-05-27,5.7606,12.9389,1.7712 
2011-05-28,11.1032,19.7571,0.5037 
2011-05-29,15.2292,23.5024,7.1040 
2011-05-30,15.5404,28.8192,2.2940 
2011-05-31,22.1813,30.6451,0.3027 
2011-06-01,19.1447,29.5956,0.8009 
2011-06-02,10.5067,20.0889,0.0093 
2011-06-03,10.8976,21.2225,0.0495 
2011-06-04,14.8981,29.9182,0.0775 
2011-06-05,16.9815,26.1240,0.0166 
2011-06-06,15.0747,27.8378,0.0423 
2011-06-07,19.7604,33.8102,0.1554 
2011-06-08,25.4873,33.5048,0.0443 
2011-06-09,18.3216,32.1279,0.1855 
2011-06-10,9.0726,19.5142,0.8106 
2011-06-11,11.2516,22.5321,0.2602 
2011-06-12,7.8483,22.1720,0.0771 
2011-06-13,10.9504,20.5039,8.6436e-05 
2011-06-14,10.7015,18.8982,0.0106 
2011-06-15,13.9029,22.7457,0.0725 
2011-06-16,15.6967,22.3556,5.2351 
2011-06-17,15.9424,23.0322,0.5984 
2011-06-18,17.0167,24.4586,0.0297 
2011-06-19,14.6606,23.3212,0.0115 
2011-06-20,16.2576,26.3598,0.0556 
2011-06-21,19.3144,27.9376,1.8223 
2011-06-22,18.5720,27.4888,55.9771 
2011-06-23,17.7559,21.0646,10.5190 
2011-06-24,16.4112,20.5986,4.7017 
2011-06-25,13.7448,22.9220,0.2144 
2011-06-26,17.8012,22.3904,4.9447e-04 
2011-06-27,15.1629,24.1245,0.3597 
2011-06-28,18.0521,20.6842,0.8310 
2011-06-29,12.4197,21.3378,0.0022 
2011-06-30,15.5350,23.9316,1.4020e-04 
2011-07-01,17.6731,28.6709,1.8941e-04 
2011-07-02,20.5169,31.7766,12.6801 
2011-07-03,19.0262,29.8812,3.7553 
2011-07-04,19.3193,25.6264,9.8776e-04 
2011-07-05,20.9543,29.4679,0.0283 
2011-07-06,22.9387,28.6086,0.1189 
2011-07-07,16.6571,24.4471,0.0052 
2011-07-08,17.0948,26.3077,0.0414 
2011-07-09,17.9365,27.2086,0.0383 
2011-07-10,21.8844,31.7782,8.4908e-05 
2011-07-11,25.1953,31.5392,1.6549 
2011-07-12,20.7580,30.4459,5.9556e-08 
2011-07-13,15.1107,25.0246,0.0173 
2011-07-14,15.3732,23.1153,0.0246 
2011-07-15,18.4616,26.1463,0.0287 
2011-07-16,20.9269,29.5986,0.0276 
2011-07-17,23.8813,31.8422,0.0127 
2011-07-18,24.2001,33.8084,2.5362 
2011-07-19,20.9795,30.0068,6.5383 
2011-07-20,22.7815,33.5696,0.0342 
2011-07-21,28.0044,34.9685,0.0243 
2011-07-22,23.6238,33.8549,0.0281 
2011-07-23,22.3191,31.3607,0.2308 
2011-07-24,20.8100,27.5408,0.0861 
2011-07-25,20.0282,26.0332,0.0630 
2011-07-26,19.6172,25.9609,0.0036 
2011-07-27,17.7548,24.8450,0.1841 
2011-07-28,20.7503,29.5091,15.0315 
2011-07-29,20.7400,29.4300,16.4274 
2011-07-30,22.6525,28.4845,0.0042 
2011-07-31,24.4122,30.1427,0.0749 
2011-08-01,22.7300,29.2873,0.0316 
2011-08-02,22.6319,28.0105,0.7405 
2011-08-03,20.8099,27.9885,7.0234 
2011-08-04,18.1258,23.8640,0.2187 
2011-08-05,20.0549,25.8933,5.8460e-04 
2011-08-06,20.7206,27.0466,2.3138 
2011-08-07,19.9455,26.5390,4.0249 
2011-08-08,18.6590,23.5921,3.4591 
2011-08-09,16.6420,25.2221,13.9292 
2011-08-10,16.6588,23.6310,0.6949 
2011-08-11,14.0818,23.9081,0.0129 
2011-08-12,18.4539,25.6398,0.0310 
2011-08-13,20.7395,25.3539,1.8754 
2011-08-14,17.4166,23.2374,4.1528 
2011-08-15,15.9910,22.7797,0.1869 
2011-08-16,16.6840,25.1980,2.6249e-04 
2011-08-17,19.9861,26.0909,3.1021e-04 
2011-08-18,20.5836,25.6786,0.0856 
2011-08-19,19.8820,26.5863,0.0597 
2011-08-20,18.5606,27.6517,7.8845 
2011-08-21,15.9412,22.9628,17.4331 
2011-08-22,11.6399,20.8087,0.0947 
2011-08-23,17.1400,25.5282,0.0031 
2011-08-24,17.8408,29.6568,9.6843 
2011-08-25,16.7626,22.9034,2.8886 
2011-08-26,15.7368,23.9593,5.9089e-04 
2011-08-27,17.1752,23.8436,0.0587 
2011-08-28,15.9775,20.4088,0.0242 
2011-08-29,14.4635,22.8172,0.0000 
2011-08-30,17.4295,24.2863,0.0000 
2011-08-31,19.8192,23.9021,0.2665 
2011-09-01,18.1892,29.2142,0.4963 
2011-09-02,22.4274,32.4151,0.0359 
2011-09-03,21.7350,30.1631,11.6697 
2011-09-04,20.3031,27.8446,3.9312 
2011-09-05,13.1970,21.0235,0.8011 
2011-09-06,12.3771,16.0860,0.1531 
2011-09-07,13.7961,18.1873,5.0192 
2011-09-08,15.0570,19.6314,5.6594 
2011-09-09,16.0294,22.3131,1.0416 
2011-09-10,17.0389,22.8304,2.1432 
2011-09-11,17.7078,24.2690,0.3069 
2011-09-12,17.2589,26.6356,0.1492 
2011-09-13,20.3554,25.3440,0.0644 
2011-09-14,11.2629,19.0936,4.7931 
2011-09-15,5.5888,12.8379,1.5993 
2011-09-16,7.0030,12.6746,0.0192 
2011-09-17,10.5957,15.7375,0.0018 
2011-09-18,9.0437,18.4630,2.6166e-05 
2011-09-19,14.4777,18.5644,22.3650 
2011-09-20,12.1920,19.7267,0.2748 
2011-09-21,12.4669,22.6279,0.2540 
2011-09-22,13.0091,19.7913,0.1982 
2011-09-23,11.9314,18.5230,16.9307 
2011-09-24,9.3172,17.7426,0.6715 
2011-09-25,13.6294,20.5418,0.0267 
2011-09-26,16.0103,20.6582,7.6107 
2011-09-27,13.8619,18.8423,1.8515 
2011-09-28,13.5545,17.0471,2.0346 
2011-09-29,10.1103,16.9806,1.3725 
2011-09-30,6.8026,13.8844,11.5022 
2011-10-01,6.7144,9.7639,6.0736 
2011-10-02,5.9339,12.5397,0.2043 
2011-10-03,8.0501,13.8087,1.1014 
2011-10-04,9.0477,19.2842,0.0093 
2011-10-05,13.9615,19.5056,0.0063 
2011-10-06,10.6105,20.9265,0.0011 
2011-10-07,12.8578,22.9017,3.8793e-04 
2011-10-08,14.2324,24.3538,0.0013 
2011-10-09,16.8009,24.6209,6.0172e-04 
2011-10-10,16.1602,23.3036,1.2141e-04 
2011-10-11,14.9738,22.4460,7.1594e-05 
2011-10-12,13.8223,19.6804,4.3737 
2011-10-13,12.4648,17.4016,2.1684 
2011-10-14,10.8897,15.5587,2.4410 
2011-10-15,6.8450,10.5281,3.0847 
2011-10-16,8.9219,13.6395,0.0184 
2011-10-17,6.3966,12.7058,0.0023 
2011-10-18,5.4729,12.3707,0.0091 
2011-10-19,7.6303,10.2498,24.8317 
2011-10-20,7.1028,10.0990,38.7343 
2011-10-21,4.6552,9.2872,2.3099 
2011-10-22,2.8109,11.8497,0.0034 
2011-10-23,6.3589,15.2777,2.2998e-06 
2011-10-24,10.2294,12.8691,4.3521 
2011-10-25,6.1186,13.0369,4.0108 
2011-10-26,7.3750,13.7504,2.7885 
2011-10-27,4.3836,7.0519,1.1006 
2011-10-28,2.6987,8.3581,0.1469 
2011-10-29,3.2425,8.2747,2.9326 
2011-10-30,2.3667,8.9162,1.5970 
2011-10-31,6.1831,9.6465,0.7064 
2011-11-01,5.3879,12.4421,0.0027 
2011-11-02,7.5292,16.0781,6.3420e-04 
2011-11-03,6.9495,14.3311,0.1493 
2011-11-04,4.0617,8.5588,0.0047 
2011-11-05,0.1286,9.3052,0.0039 
2011-11-06,4.4956,14.1249,2.8965e-05 
2011-11-07,9.9206,16.1619,0.0054 
2011-11-08,8.3031,13.8714,0.4318 
2011-11-09,11.6497,14.2962,5.4049 
2011-11-10,3.3737,11.0573,0.6524 
2011-11-11,-1.5979,4.3596,0.0832 
2011-11-12,1.3060,13.5296,0.0353 
2011-11-13,9.3126,15.4894,0.0828 
2011-11-14,7.5197,15.6058,7.7953 
2011-11-15,4.6720,11.8504,0.1739 
2011-11-16,3.1860,9.5861,0.0953 
2011-11-17,-3.1510,2.3409,0.1197 
2011-11-18,-5.5629,5.8349,0.1002 
2011-11-19,3.2902,9.4143,7.7192e-04 
2011-11-20,2.9228,13.0433,0.1341 
2011-11-21,-1.2129,4.1737,0.0085 
2011-11-22,-1.3654,4.1782,1.9959 
2011-11-23,2.4850,6.9494,12.8819 
2011-11-24,1.0250,9.7764,0.0235 
2011-11-25,4.9381,12.5597,0.0314 
2011-11-26,8.3555,13.0377,0.0241 
2011-11-27,4.6930,13.0838,15.3178 
2011-11-28,-1.6317,4.1475,1.2097 
2011-11-29,2.5487,3.8584,48.1657 
2011-11-30,-1.0448,2.8484,11.4382 
2011-12-01,-2.4690,3.3800,0.0136 
2011-12-02,-1.3151,1.8670,4.6578 
2011-12-03,-1.9862,6.8850,0.4933 
2011-12-04,6.2039,9.8475,11.5919 
2011-12-05,1.0012,9.1705,4.8509 
2011-12-06,0.1115,1.6015,2.0172 
2011-12-07,-6.6293,0.3515,0.0985 
2011-12-08,-6.0237,1.3688,0.0047 
2011-12-09,-4.4709,-0.2205,3.0868 
2011-12-10,-10.0870,-3.9013,0.0063 
2011-12-11,-8.8541,1.2064,0.0232 
2011-12-12,-4.7955,4.0283,3.8215e-04 
2011-12-13,-0.6719,5.4481,0.0445 
2011-12-14,1.1425,6.9757,7.8084 
2011-12-15,5.6252,13.8529,6.9772 
2011-12-16,-0.7568,4.6558,0.3692 
2011-12-17,-7.1858,-0.8054,0.1940 
2011-12-18,-4.5005,1.9180,1.0255 
2011-12-19,0.7582,6.8576,0.0124 
2011-12-20,-3.6875,3.8689,0.0442 
2011-12-21,-0.6950,5.5861,4.4172 
2011-12-22,-0.2799,3.7273,0.8737 
2011-12-23,-5.3676,2.1654,1.4438 
2011-12-24,-4.7385,0.6438,0.2225 
2011-12-25,-2.2656,5.0791,0.0713 
2011-12-26,-4.1967,4.7766,0.0179 
2011-12-27,-0.1440,2.8312,6.5705 
2011-12-28,-7.3536,0.2137,1.4711 
2011-12-29,-7.5233,1.4564,1.6249 
2011-12-30,-0.2799,3.2871,4.4461 
2011-12-31,1.3734,4.6934,5.2721 
2012-01-01,1.0452,6.0819,3.6127 
2012-01-02,-4.3835,0.3091,0.8128 
2012-01-03,-10.9700,-4.8591,0.3514 
2012-01-04,-10.0570,0.8285,0.0562 
2012-01-05,-4.9819,2.1415,0.0346 
2012-01-06,0.1818,9.0726,0.0262 
2012-01-07,-0.0454,6.9090,0.0124 
2012-01-08,-2.5479,2.0873,0.0318 
2012-01-09,-3.3487,4.1457,5.3986e-04 
2012-01-10,-1.1104,5.7326,0.0027 
2012-01-11,-0.9124,7.2982,0.0028 
2012-01-12,2.1205,4.6484,8.5362 
2012-01-13,-6.1613,1.5393,4.1972 
2012-01-14,-10.4043,-6.4060,0.7112 
2012-01-15,-12.7388,-5.7494,0.1116 
2012-01-16,-7.4723,4.7595,0.1734 
2012-01-17,-0.9348,4.3242,8.6537 
2012-01-18,-9.5659,-1.6776,0.8533 
2012-01-19,-9.9016,-3.9532,1.2514 
2012-01-20,-16.6628,-9.4719,0.3591 
2012-01-21,-11.9915,-5.1282,2.5485 
2012-01-22,-8.2375,0.4404,0.2553 
2012-01-23,1.1471,9.6811,13.4973 
2012-01-24,-2.0663,3.0099,0.1708 
2012-01-25,-6.6352,-0.7215,0.0244 
2012-01-26,-4.3317,0.8314,0.4750 
2012-01-27,-0.7431,2.2099,7.9888 
2012-01-28,-3.3306,0.6702,1.0907 
2012-01-29,-3.7153,-1.8124,4.2537 
2012-01-30,-8.4592,-1.3411,0.9422 
2012-01-31,-0.5234,9.4870,0.1439 
2012-02-01,0.5308,9.5424,0.0320 
2012-02-02,-1.5091,3.4573,0.1949 
2012-02-03,-0.6799,4.8849,0.0089 
2012-02-04,-1.5926,3.7962,0.0037 
2012-02-05,-1.5373,5.0053,0.0594 
2012-02-06,-2.8271,7.3608,0.0059 
2012-02-07,-3.5034,4.8048,0.3105 
2012-02-08,-7.4808,0.5699,0.0092 
2012-02-09,-5.8609,3.7151,0.0031 
2012-02-10,-5.9474,1.6315,0.5767 
2012-02-11,-9.6068,-0.5015,9.6946 
2012-02-12,-9.1714,-2.3015,0.7732 
2012-02-13,-7.5730,1.2253,0.0209 
2012-02-14,-3.6723,0.5304,0.8545 
2012-02-15,-4.6325,3.4807,0.0576 
2012-02-16,0.3390,4.6507,10.7496 
2012-02-17,-3.2631,3.4554,0.0151 
2012-02-18,-2.4383,1.9715,2.2296 
2012-02-19,-7.4689,-1.3321,0.0223 
2012-02-20,-6.1996,1.7422,0.0202 
2012-02-21,-4.9419,5.4275,0.9794 
2012-02-22,0.0694,5.3534,0.7105 
2012-02-23,-1.9397,5.0338,1.5066 
2012-02-24,-1.2885,3.1941,7.8907 
2012-02-25,-4.5414,-0.8001,0.9456 
2012-02-26,-7.3513,0.0627,0.0822 
2012-02-27,-0.0144,2.1401,0.0543 
2012-02-28,-6.1366,1.8767,3.2940e-04 
2012-02-29,-0.7991,6.0133,9.6119 
2012-03-01,-0.5747,5.7238,1.9317 
2012-03-02,0.1978,8.2319,3.8199 
2012-03-03,-0.3771,10.5265,7.0372 
2012-03-04,-7.8217,0.2954,0.6699 
2012-03-05,-11.1946,-3.2857,0.2326 
2012-03-06,-5.6227,8.7768,0.0281 
2012-03-07,8.7432,15.7512,2.8994e-06 
2012-03-08,3.4029,16.7025,1.9921 
2012-03-09,-2.4189,2.3978,0.2520 
2012-03-10,-8.4757,6.2954,1.6484e-05 
2012-03-11,3.7206,16.3803,0.0000 
2012-03-12,6.9259,14.7312,8.1000 
2012-03-13,7.8242,15.1203,8.0767 
2012-03-14,6.0742,18.5113,0.0017 
2012-03-15,14.7069,23.5622,3.0995 
2012-03-16,8.8437,19.1191,2.9634 
2012-03-17,12.5235,21.9813,0.0486 
2012-03-18,13.2948,21.7575,0.0025 
2012-03-19,13.2776,22.3795,0.0163 
2012-03-20,15.0518,22.9191,0.0171 
2012-03-21,16.7191,25.6861,0.0023 
2012-03-22,14.9454,25.3512,1.1041e-04 
2012-03-23,13.6631,22.1473,0.0125 
2012-03-24,11.0543,18.7040,2.1296 
2012-03-25,9.1489,16.5268,0.7060 
2012-03-26,-2.4087,13.6605,0.0058 
2012-03-27,-4.1810,8.3210,8.1299e-04 
2012-03-28,8.6908,13.6850,0.0011 
2012-03-29,1.2132,9.1963,0.1853 
2012-03-30,-2.5589,2.3770,8.1508 
2012-03-31,-1.5306,6.8583,0.1922 
2012-04-01,1.4103,12.2441,0.0532 
2012-04-02,0.9056,8.6831,0.1279 
2012-04-03,1.8926,16.1941,0.2336 
2012-04-04,2.4983,15.2855,0.0059 
2012-04-05,-0.9163,6.2696,0.1964 
2012-04-06,-0.0958,8.8792,0.0060 
2012-04-07,2.4713,14.2392,0.0045 
2012-04-08,6.8705,12.6070,0.0529 
2012-04-09,3.1221,12.2559,0.0053 
2012-04-10,0.8680,9.6528,0.0462 
2012-04-11,1.5544,7.8095,0.5770 
2012-04-12,2.6886,10.4173,0.0039 
2012-04-13,2.2918,14.9132,0.0015 
2012-04-14,6.7659,18.3973,0.2881 
2012-04-15,13.4000,22.9837,19.3904 
2012-04-16,13.2986,22.1886,0.7383 
2012-04-17,0.6825,11.6604,5.2898e-04 
2012-04-18,0.8836,12.7373,0.0213 
2012-04-19,9.2256,13.7850,1.5119 
2012-04-20,5.2995,19.0167,7.4082 
2012-04-21,0.7893,5.4037,3.3464 
2012-04-22,0.7797,6.3569,0.0047 
2012-04-23,1.8122,7.9681,0.0287 
2012-04-24,3.8931,12.4578,0.0035 
2012-04-25,3.1828,15.0931,0.0337 
2012-04-26,6.8793,14.8675,0.9236 
2012-04-27,0.2404,8.8043,0.1001 
2012-04-28,0.9880,7.1518,0.0000 
2012-04-29,1.3473,10.7179,0.0000 
2012-04-30,4.0043,9.3930,8.7344 
2012-05-01,8.0993,17.8662,1.7633 
2012-05-02,8.2171,25.1243,5.8092 
2012-05-03,15.7093,29.2653,3.5828 
2012-05-04,14.1919,27.6854,30.6285 
2012-05-05,8.4643,14.4702,0.0544 
2012-05-06,6.8870,18.6035,0.0063 
2012-05-07,10.7808,20.2933,7.8067 
2012-05-08,12.6972,20.1666,1.7641 
2012-05-09,11.0135,18.6510,3.3699 
2012-05-10,4.8307,14.5849,0.9411 
2012-05-11,9.7728,20.8481,0.0083 
2012-05-12,13.7984,20.7382,2.6915 
2012-05-13,9.9763,16.8058,2.1682 
2012-05-14,11.8691,21.2024,0.0028 
2012-05-15,16.7666,24.3314,1.2146e-04 
2012-05-16,9.2861,23.2667,8.6757 
2012-05-17,7.2014,14.4333,0.0078 
2012-05-18,9.8811,20.7738,4.7273e-04 
2012-05-19,16.5818,25.5933,3.1183e-04 
2012-05-20,19.6747,27.3870,0.0116 
2012-05-21,17.5812,25.5182,1.3414 
2012-05-22,10.8947,18.0283,0.4088 
2012-05-23,11.1003,21.6565,0.0047 
2012-05-24,15.5803,25.6857,0.0016 
2012-05-25,21.4539,26.4889,0.0169 
2012-05-26,15.7384,24.0641,1.6964 
2012-05-27,14.2104,28.0899,14.0020 
2012-05-28,21.5481,29.6862,0.9849 
2012-05-29,21.5029,28.7323,0.1859 
2012-05-30,14.3260,22.9518,0.0754 
2012-05-31,6.6822,14.0440,0.0663 
2012-06-01,9.1057,16.1758,16.8905 
2012-06-02,7.6943,17.4724,2.0049 
2012-06-03,12.3793,20.5080,3.7219 
2012-06-04,9.6182,18.8088,0.0341 
2012-06-05,9.6100,17.3664,0.0180 
2012-06-06,12.6236,21.7117,0.0525 
2012-06-07,13.5980,23.6156,0.0213 
2012-06-08,15.6830,26.3704,0.0064 
2012-06-09,18.9729,29.2364,0.9089 
2012-06-10,23.7494,29.9950,3.4460e-04 
2012-06-11,21.2440,28.9081,1.0949 
2012-06-12,19.9303,23.8169,3.4707 
2012-06-13,8.5054,20.1308,5.6419e-05 
2012-06-14,11.0646,23.4746,8.2506e-05 
2012-06-15,14.1024,27.4080,8.5027e-04 
2012-06-16,18.8345,28.0884,0.0057 
2012-06-17,19.7291,26.6319,11.1981 
2012-06-18,19.1964,29.6758,2.6832 
2012-06-19,22.2866,32.8037,0.9039 
2012-06-20,24.3181,32.4846,0.0535 
2012-06-21,24.0627,30.8617,1.0777 
2012-06-22,18.7046,24.6545,1.0691 
2012-06-23,16.1689,24.4267,0.5396 
2012-06-24,19.0279,26.1868,0.2931 
2012-06-25,13.7706,18.9963,1.1334 
2012-06-26,12.6534,24.3053,0.0823 
2012-06-27,19.5804,29.6247,0.0185 
2012-06-28,21.4292,34.2748,0.0675 
2012-06-29,23.5476,31.8805,0.2468 
2012-06-30,21.5121,31.5629,0.0528 
2012-07-01,20.3828,28.8614,0.1746 
2012-07-02,21.5292,30.5057,0.0276 
2012-07-03,21.9527,31.6518,25.6734 
2012-07-04,22.7904,33.0149,2.5244 
2012-07-05,23.7971,33.3455,5.8725 
2012-07-06,24.4491,33.6126,0.0410 
2012-07-07,24.3548,30.6843,0.0348 
2012-07-08,17.7647,24.8856,0.0467 
2012-07-09,17.0159,22.9594,0.9456 
2012-07-10,17.3246,23.3926,0.0741 
2012-07-11,17.2244,24.7029,0.0514 
2012-07-12,20.3605,27.7795,0.0036 
2012-07-13,22.8480,30.1079,0.0841 
2012-07-14,20.7943,29.3822,0.0189 
2012-07-15,21.5699,29.1561,2.7897 
2012-07-16,21.4961,31.1657,0.4591 
2012-07-17,26.1923,33.8597,0.1032 
2012-07-18,21.8006,33.2741,2.0035 
2012-07-19,16.7058,24.0542,15.3101 
2012-07-20,16.7377,21.6789,0.5883 
2012-07-21,16.3675,26.8533,0.0028 
2012-07-22,22.5650,29.7924,0.1515 
2012-07-23,23.4860,32.0273,0.0637 
2012-07-24,20.7223,30.6282,0.0384 
2012-07-25,17.5897,28.4158,0.4558 
2012-07-26,20.5392,29.3293,25.7202 
2012-07-27,18.1168,23.5108,3.1483 
2012-07-28,18.7067,24.4661,2.0710 
2012-07-29,17.3798,24.8161,0.0533 
2012-07-30,21.4716,27.4351,0.0495 
2012-07-31,20.5883,26.9948,0.8421 
2012-08-01,18.3489,25.3666,0.0046 
2012-08-02,20.5304,28.4981,0.0280 
2012-08-03,20.4339,28.5380,0.0969 
2012-08-04,23.4332,29.4262,0.6082 
2012-08-05,20.9957,28.1663,2.8416 
2012-08-06,15.6916,24.0113,0.0568 
2012-08-07,19.5653,28.3723,0.0012 
2012-08-08,19.0686,27.2381,0.0665 
2012-08-09,18.0766,22.7999,14.1186 
2012-08-10,16.6633,18.6364,36.0349 
2012-08-11,16.8946,20.0424,6.7831 
2012-08-12,13.6781,23.1673,0.3583 
2012-08-13,18.1032,22.9837,0.5978 
2012-08-14,16.1055,22.1741,18.0481 
2012-08-15,16.5510,22.8558,0.3079 
2012-08-16,19.4059,26.5437,0.1302 
2012-08-17,15.0173,20.1100,0.1907 
2012-08-18,12.5637,21.2588,0.0359 
2012-08-19,17.0177,21.8136,0.3179 
2012-08-20,14.2080,21.3236,0.4267 
2012-08-21,15.5166,22.5699,0.2575 
2012-08-22,18.3234,24.1793,0.1053 
2012-08-23,19.0039,26.0859,3.9208e-07 
2012-08-24,19.9606,27.5341,0.0108 
2012-08-25,20.9073,29.1687,0.0000 
2012-08-26,20.4640,27.1256,0.0687 
2012-08-27,19.2737,25.7853,12.6242 
2012-08-28,15.5853,24.7073,0.0794 
2012-08-29,14.6296,22.9400,0.0042 
2012-08-30,16.7590,26.8166,0.0010 
2012-08-31,20.7533,29.6491,0.0831 
2012-09-01,17.1252,25.7006,0.0881 
2012-09-02,18.9456,24.9366,0.1499 
2012-09-03,18.0878,27.5013,0.0780 
2012-09-04,21.4300,25.8929,8.1843 
2012-09-05,19.3449,25.3557,1.3223 
2012-09-06,16.6817,24.5504,0.6751 
2012-09-07,18.6687,24.1559,0.0593 
2012-09-08,13.4261,18.6972,28.7716 
2012-09-09,12.2288,17.4785,0.0729 
2012-09-10,11.4223,19.2887,0.1553 
2012-09-11,14.1384,23.6741,0.0591 
2012-09-12,15.7012,26.2065,0.0085 
2012-09-13,17.5121,25.3828,1.9939e-06 
2012-09-14,11.7168,22.7513,16.3806 
2012-09-15,11.0711,17.7382,0.0266 
2012-09-16,12.9041,23.0688,0.0615 
2012-09-17,14.9072,22.3780,0.0794 
2012-09-18,12.2467,20.6750,1.6990 
2012-09-19,4.6984,15.6337,0.3922 
2012-09-20,11.9587,19.4160,0.9998 
2012-09-21,12.1875,18.3292,0.0619 
2012-09-22,9.3124,15.8390,1.6756 
2012-09-23,4.6772,11.4665,0.1044 
2012-09-24,4.4164,14.5773,9.5248e-04 
2012-09-25,10.4475,20.0393,0.0394 
2012-09-26,12.4654,18.2779,0.2368 
2012-09-27,9.5048,14.6555,0.0177 
2012-09-28,9.9927,16.1672,0.1856 
2012-09-29,10.8504,16.6403,0.1083 
2012-09-30,9.5598,14.5290,0.2946 
2012-10-01,8.9798,15.9246,0.3414 
2012-10-02,12.1695,18.0985,0.7541 
2012-10-03,13.7007,19.5984,1.7052 
2012-10-04,12.5464,22.2856,0.1296 
2012-10-05,7.7414,20.7265,2.3921 
2012-10-06,3.6538,9.2331,0.9576 
2012-10-07,2.1397,8.2838,0.1045 
2012-10-08,2.0047,9.7962,0.1150 
2012-10-09,4.5304,13.0368,0.0045 
2012-10-10,5.0392,12.0877,3.9103 
2012-10-11,1.3518,12.9864,0.1584 
2012-10-12,2.5255,11.0886,0.9864 
2012-10-13,3.1784,13.1428,6.7786 
2012-10-14,12.8760,18.4580,11.4222 
2012-10-15,7.4916,16.0680,1.9202 
2012-10-16,2.3995,10.9128,0.0625 
2012-10-17,8.2481,18.8561,3.7849 
2012-10-18,11.5240,17.5602,7.9468 
2012-10-19,9.1128,12.1629,1.1549 
2012-10-20,6.8173,10.9560,6.8792 
2012-10-21,5.4829,13.5666,0.2879 
2012-10-22,10.0704,18.4355,0.0028 
2012-10-23,14.0408,18.3794,16.8175 
2012-10-24,13.3756,21.2871,1.0908 
2012-10-25,14.8542,20.7848,0.0173 
2012-10-26,8.1707,19.7817,0.6447 
2012-10-27,6.2870,8.8173,0.0174 
2012-10-28,4.4072,7.0382,0.0387 
2012-10-29,4.5747,6.0373,4.7496 
2012-10-30,3.9191,7.3410,17.7275 
2012-10-31,4.3634,7.2788,7.8521 
2012-11-01,3.2535,7.0198,1.4250 
2012-11-02,0.6733,5.7319,0.2755 
2012-11-03,-1.4404,4.1169,1.4489 
2012-11-04,-0.3725,3.8405,0.5076 
2012-11-05,-0.5966,2.1497,0.3469 
2012-11-06,-0.7785,4.5536,0.0754 
2012-11-07,-0.5021,5.5881,0.0017 
2012-11-08,0.7464,6.8328,0.0065 
2012-11-09,1.1973,10.1028,0.1570 
2012-11-10,5.5933,12.8730,0.4142 
2012-11-11,11.1042,15.7088,0.2240 
2012-11-12,1.8267,15.5371,8.7149 
2012-11-13,-3.7180,1.9322,0.2535 
2012-11-14,-2.0701,3.2990,0.0219 
2012-11-15,0.7413,5.2336,8.3568e-05 
2012-11-16,0.7856,7.8873,0.0013 
2012-11-17,2.8752,9.1076,0.0106 
2012-11-18,2.7073,8.9946,0.0414 
2012-11-19,2.8746,9.3026,0.0855 
2012-11-20,5.1391,9.8117,0.0279 
2012-11-21,5.5071,12.7502,0.0096 
2012-11-22,6.2335,13.6649,0.0267 
2012-11-23,1.6551,12.4897,3.2766 
2012-11-24,-1.2636,1.5062,0.3371 
2012-11-25,-4.8706,1.9570,1.9648 
2012-11-26,-4.5212,1.3487,0.0525 
2012-11-27,-7.2026,-0.3109,0.0079 
2012-11-28,-3.6858,1.6278,0.0410 
2012-11-29,-3.6949,6.7393,0.0358 
2012-11-30,-0.0140,5.1231,0.4788 
2012-12-01,-1.3164,8.1580,0.1312 
2012-12-02,8.3035,13.4070,7.3659 
2012-12-03,3.8223,14.5850,0.2951 
2012-12-04,8.2137,16.1152,3.7692 
2012-12-05,-2.3537,7.7361,0.0064 
2012-12-06,-4.6012,3.0143,0.0096 
2012-12-07,2.2754,5.9173,2.4384 
2012-12-08,0.7436,4.3320,6.5813 
2012-12-09,-1.5841,0.2835,3.2446 
2012-12-10,-1.0821,4.2696,1.6025 
2012-12-11,-6.7115,-0.5707,0.3620 
2012-12-12,-4.4847,3.9412,0.0108 
2012-12-13,-2.2956,5.5976,0.0018 
2012-12-14,-0.0223,5.4897,1.7158e-04 
2012-12-15,-0.3519,5.9113,1.7495 
2012-12-16,4.2027,10.7718,9.7661 
2012-12-17,2.8891,8.2571,0.1092 
2012-12-18,-0.2554,4.2739,0.0997 
2012-12-19,-0.2190,4.3209,0.2387 
2012-12-20,0.4060,7.2959,7.8314 
2012-12-21,-1.3326,8.0395,6.6559 
2012-12-22,-3.4673,-0.2587,0.1572 
2012-12-23,-6.7392,-0.7917,0.1333 
2012-12-24,-6.1714,-1.6839,0.7889 
2012-12-25,-4.2108,0.0855,1.0082 
2012-12-26,-3.8166,-1.9370,3.3964 
2012-12-27,-3.2527,-0.7584,7.7973 
2012-12-28,-7.5354,-3.3582,0.2866 
2012-12-29,-5.1297,-1.0520,3.4141 
2012-12-30,-8.0418,-2.5675,0.2373 
2012-12-31,-5.6572,1.0894,0.0458 
2013-01-01,-9.0387,-0.8585,0.1088 
2013-01-02,-12.3903,-5.2542,0.0142 
2013-01-03,-10.1912,-1.5832,0.1349 
2013-01-04,-5.0731,-1.1831,0.0892 
2013-01-05,-5.6554,-1.1205,6.1953e-04 
2013-01-06,-3.0071,1.4951,4.0667 
2013-01-07,-4.7026,0.3038,0.4614 
2013-01-08,-3.6338,1.8094,0.0039 
2013-01-09,-1.4860,3.4968,0.7373 
2013-01-10,-1.5662,2.2164,0.0263 
2013-01-11,-0.2570,10.4525,15.6355 
2013-01-12,6.4308,12.3910,0.0059 
2013-01-13,1.7230,9.7093,13.9522 
2013-01-14,-8.0092,2.1905,0.8483 
2013-01-15,-8.5270,-1.8653,0.0027 
2013-01-16,-6.4101,1.2095,0.0114 
2013-01-17,-6.4380,0.6270,0.1819 
2013-01-18,-12.7489,-0.5747,0.2689 
2013-01-19,0.2655,4.8097,0.1551 
2013-01-20,-8.2204,5.3184,0.1654 
2013-01-21,-14.7413,-8.6855,0.7723 
2013-01-22,-19.1633,-12.8677,0.0955 
2013-01-23,-19.3456,-9.9054,0.4054 
2013-01-24,-13.5282,-8.3239,4.9466 
2013-01-25,-13.5096,-7.3917,1.9257 
2013-01-26,-9.1173,-3.7370,0.9044 
2013-01-27,-7.2117,-3.4119,0.1456 
2013-01-28,-4.0065,7.8912,14.5555 
2013-01-29,-1.0145,11.3469,15.0108 
2013-01-30,6.5780,14.0697,12.9530 
2013-01-31,-6.2207,9.8539,6.0838 
2013-02-01,-9.3921,-6.6312,0.5235 
2013-02-02,-12.9169,-7.2014,5.3462 
2013-02-03,-12.2191,-8.4399,0.4957 
2013-02-04,-14.1007,-7.1495,0.8379 
2013-02-05,-9.7673,-4.6140,0.2544 
2013-02-06,-11.8349,-3.2716,0.2362 
2013-02-07,-8.1341,-0.9466,0.9668 
2013-02-08,-4.9151,-1.0490,10.0640 
2013-02-09,-7.8312,-3.1633,0.3302 
2013-02-10,-9.6111,2.5842,0.0372 
2013-02-11,0.9774,5.0457,1.7446 
2013-02-12,-3.2730,0.8469,0.0224 
2013-02-13,-7.5979,1.5091,0.0197 
2013-02-14,-4.0162,3.6361,1.1093 
2013-02-15,-5.7766,2.6113,1.1778 
2013-02-16,-10.1123,-4.9149,2.4682 
2013-02-17,-13.4503,-6.5686,1.2241 
2013-02-18,-11.3614,1.9274,0.0028 
2013-02-19,-2.9887,5.4988,7.1625 
2013-02-20,-9.3514,-3.7672,0.3982 
2013-02-21,-11.9523,-5.1250,0.4432 
2013-02-22,-8.5736,1.3216,4.8614 
2013-02-23,-2.6603,1.7168,0.7653 
2013-02-24,-5.8018,0.6876,1.2906 
2013-02-25,-4.4759,2.3448,0.0312 
2013-02-26,-3.6956,2.4092,3.7298 
2013-02-27,0.4746,1.6778,20.0379 
2013-02-28,-0.7956,0.4337,3.2912 
2013-03-01,-4.6610,-0.8296,0.4036 
2013-03-02,-7.2846,-3.6674,0.6815 
2013-03-03,-9.8817,-3.6682,0.3289 
2013-03-04,-11.4993,-1.7281,0.2289 
2013-03-05,-6.7979,-1.1182,0.0645 
2013-03-06,-2.7982,2.5739,0.0093 
2013-03-07,-3.7001,0.6066,0.4530 
2013-03-08,-6.8304,3.7245,0.0637 
2013-03-09,-2.9579,4.0741,0.0302 
2013-03-10,1.6020,13.5541,0.1893 
2013-03-11,9.2862,12.7810,7.2610 
2013-03-12,0.3320,8.8048,0.9827 
2013-03-13,-4.5499,0.8483,1.2857 
2013-03-14,-8.1176,1.7765,0.0568 
2013-03-15,-3.4389,3.1237,0.7779 
2013-03-16,-4.1176,1.4975,4.1413 
2013-03-17,-8.3797,-3.0256,0.2024 
2013-03-18,-7.1504,1.9833,1.1334 
2013-03-19,-5.5724,2.6512,0.6495 
2013-03-20,-7.4448,-3.3040,0.0421 
2013-03-21,-10.6499,-0.7134,0.4828 
2013-03-22,-7.6295,1.1433,0.1362 
2013-03-23,-5.1572,2.7797,0.0230 
2013-03-24,-4.1803,1.8037,0.0109 
2013-03-25,-1.4515,2.4777,0.0247 
2013-03-26,-0.5567,4.7886,0.0314 
2013-03-27,-1.9128,5.3719,0.1347 
2013-03-28,-0.9793,7.5313,0.1995 
2013-03-29,-1.9662,8.1187,0.0150 
2013-03-30,1.5072,11.4878,0.0188 
2013-03-31,4.0268,12.3332,1.4014 
2013-04-01,-4.0283,9.6763,0.5629 
2013-04-02,-6.6335,1.6839,0.0609 
2013-04-03,-7.2973,3.0844,0.0151 
2013-04-04,-3.4625,11.2588,5.4124e-04 
2013-04-05,-1.6221,10.2533,0.0601 
2013-04-06,-2.7857,6.6030,0.1299 
2013-04-07,6.8502,12.3212,0.2012 
2013-04-08,0.4971,11.9325,5.9963 
2013-04-09,1.3755,13.7111,19.3102 
2013-04-10,2.3589,7.7254,49.8932 
2013-04-11,0.0440,2.7362,15.6626 
2013-04-12,1.2319,7.3642,18.0269 
2013-04-13,1.3145,5.5955,1.2041 
2013-04-14,-1.6942,7.3359,0.1075 
2013-04-15,4.3596,18.5528,0.0036 
2013-04-16,6.4778,18.3252,2.6800 
2013-04-17,2.0689,11.2838,1.3517 
2013-04-18,8.3407,22.9920,34.4456 
2013-04-19,3.9027,21.6868,15.8765 
2013-04-20,-2.6349,4.5138,0.3243 
2013-04-21,-2.0388,6.6902,0.0236 
2013-04-22,-0.0531,13.2248,0.0018 
2013-04-23,6.4577,18.2838,0.2477 
2013-04-24,0.5397,15.5085,20.5331 
2013-04-25,0.2399,8.0050,2.0422 
2013-04-26,3.9073,11.8538,7.4398e-06 
2013-04-27,7.0917,17.5492,0.0907 
2013-04-28,7.6679,16.3171,3.7788 
2013-04-29,11.2099,18.5221,3.7193 
2013-04-30,11.8091,22.1011,2.1330 
2013-05-01,13.7335,23.5017,0.0097 
2013-05-02,13.3157,22.6148,6.3226e-08 
2013-05-03,14.8013,21.0313,0.0021 
2013-05-04,13.4106,20.6802,0.0013 
2013-05-05,11.9145,20.5412,0.0000 
2013-05-06,11.3188,21.2173,0.0000 
2013-05-07,12.2841,21.2903,1.6578e-04 
2013-05-08,13.2653,21.1915,0.0136 
2013-05-09,14.9413,23.1597,0.3495 
2013-05-10,7.4181,20.9201,12.1057 
2013-05-11,3.2848,15.6999,0.8730 
2013-05-12,2.3013,7.5324,0.8225 
2013-05-13,-2.0799,9.4040,0.0242 
2013-05-14,6.2572,19.0685,0.8172 
2013-05-15,12.5809,22.0360,0.3665 
2013-05-16,13.3348,20.9202,2.4568e-04 
2013-05-17,7.7572,16.7504,0.0239 
2013-05-18,12.8543,21.0360,0.0439 
2013-05-19,14.1890,25.9515,0.0087 
2013-05-20,17.5926,28.4873,1.6332 
2013-05-21,20.1750,26.7493,0.7851 
2013-05-22,19.2676,25.1388,4.2488 
2013-05-23,3.0995,23.7799,3.5049 
2013-05-24,2.5242,8.1351,0.7226 
2013-05-25,4.7472,11.6953,0.0346 
2013-05-26,6.7315,14.3056,3.3750e-07 
2013-05-27,8.0579,16.7087,0.3922 
2013-05-28,10.3290,22.4754,30.5036 
2013-05-29,18.5190,26.0673,11.1277 
2013-05-30,20.6284,27.4144,2.1027 
2013-05-31,20.4166,26.3197,3.6404 
2013-06-01,18.3880,23.9741,7.3639 
2013-06-02,14.6074,20.1139,0.7976 
2013-06-03,5.1358,16.8321,0.0107 
2013-06-04,8.6847,16.7486,0.0553 
2013-06-05,9.8301,18.2994,0.1202 
2013-06-06,11.5388,16.5671,0.2276 
2013-06-07,9.6218,15.9906,0.2073 
2013-06-08,10.1875,17.7687,0.0641 
2013-06-09,13.9715,22.2498,0.4056 
2013-06-10,16.5999,21.4221,14.5221 
2013-06-11,14.2156,23.3612,0.5290 
2013-06-12,15.6683,23.3609,1.1515 
2013-06-13,12.1269,22.4434,10.7167 
2013-06-14,11.6924,19.3063,0.0357 
2013-06-15,12.7290,23.5955,0.0855 
2013-06-16,16.7553,25.1527,2.8143 
2013-06-17,16.8657,24.4763,3.4378 
2013-06-18,11.8585,17.6363,2.5666 
2013-06-19,9.4939,18.8612,0.0000 
2013-06-20,14.1618,23.2431,0.0000 
2013-06-21,17.3439,27.0703,0.0275 
2013-06-22,20.5510,29.5750,0.0273 
2013-06-23,20.3323,29.3388,0.1799 
2013-06-24,22.2795,29.5567,0.1148 
2013-06-25,21.3419,29.1358,3.8940 
2013-06-26,19.0984,26.4733,2.8568 
2013-06-27,21.0447,26.0938,6.8497 
2013-06-28,17.9549,25.3061,3.1316 
2013-06-29,15.6243,20.1663,1.7360 
2013-06-30,14.5426,20.6673,0.0024 
2013-07-01,16.0188,20.9166,0.2273 
2013-07-02,15.7919,21.3652,0.2679 
2013-07-03,15.4032,25.3566,1.7843 
2013-07-04,18.5517,25.9711,1.0733 
2013-07-05,19.9689,26.1137,0.3813 
2013-07-06,20.7462,26.7401,0.5561 
2013-07-07,20.0661,26.7173,30.3012 
2013-07-08,21.0491,28.4913,23.7265 
2013-07-09,20.1961,28.1467,5.1614 
2013-07-10,19.0684,28.1932,2.8430 
2013-07-11,15.4348,23.6477,9.7159e-04 
2013-07-12,14.1130,23.4772,0.0025 
2013-07-13,18.2260,25.3064,0.0026 
2013-07-14,19.6874,28.0714,0.0194 
2013-07-15,23.8010,28.7104,0.3100 
2013-07-16,24.2219,31.0021,0.1497 
2013-07-17,24.2519,31.8453,0.5170 
2013-07-18,23.9115,32.1136,0.3047 
2013-07-19,24.6081,31.1542,3.5065 
2013-07-20,20.3918,26.6342,5.9844 
2013-07-21,17.8131,23.3044,0.0254 
2013-07-22,18.7730,26.1228,0.0359 
2013-07-23,19.7686,24.5554,4.5076 
2013-07-24,12.9823,21.2131,0.0109 
2013-07-25,13.1496,21.5910,2.8241e-05 
2013-07-26,17.1643,22.9908,0.0992 
2013-07-27,16.6632,22.1482,8.7907 
2013-07-28,11.3561,16.1613,3.4994 
2013-07-29,11.4257,20.0894,2.6529 
2013-07-30,15.2420,22.5168,0.0034 
2013-07-31,17.9038,21.9292,12.7783 
2013-08-01,15.8910,22.3539,10.3251 
2013-08-02,14.9671,22.6231,0.3013 
2013-08-03,13.6721,22.0003,0.4003 
2013-08-04,11.7729,21.2090,0.0091 
2013-08-05,13.5347,20.5485,0.0515 
2013-08-06,15.9021,23.8272,1.1419 
2013-08-07,19.3791,24.4648,6.0862 
2013-08-08,15.4815,20.5599,0.9081 
2013-08-09,15.6139,23.9518,0.0127 
2013-08-10,14.6139,23.2581,0.0175 
2013-08-11,16.9198,22.0209,0.0090 
2013-08-12,16.7215,22.0233,0.6107 
2013-08-13,12.6382,18.6520,0.7820 
2013-08-14,11.1145,18.7200,0.1341 
2013-08-15,13.0691,20.3988,0.0259 
2013-08-16,16.2198,22.7807,0.0092 
2013-08-17,17.5112,23.8125,0.0516 
2013-08-18,18.4004,24.6480,0.0748 
2013-08-19,19.8608,25.6273,0.0182 
2013-08-20,19.5363,27.4980,0.0013 
2013-08-21,21.4512,28.1538,4.5572e-04 
2013-08-22,19.7691,27.3009,0.3935 
2013-08-23,15.8893,23.3965,0.0059 
2013-08-24,16.5532,24.1030,2.6094e-04 
2013-08-25,17.6146,28.4263,0.0014 
2013-08-26,21.9414,30.9809,0.8446 
2013-08-27,21.7798,28.8060,6.6404 
2013-08-28,20.2651,28.6823,22.3640 
2013-08-29,18.9009,27.4499,0.0026 
2013-08-30,21.4193,28.5685,0.5513 
2013-08-31,18.5273,22.9347,4.0047 
2013-09-01,17.8995,24.8871,0.1536 
2013-09-02,18.1276,24.7051,0.3529 
2013-09-03,12.6700,21.3261,0.0812 
2013-09-04,13.5463,24.3610,0.0669 
2013-09-05,10.9569,20.0201,0.0514 
2013-09-06,10.1701,21.1401,3.8210e-04 
2013-09-07,15.2664,22.3242,2.9566 
2013-09-08,15.1750,20.8632,0.6251 
2013-09-09,13.4046,25.5781,0.1350 
2013-09-10,23.9675,30.9328,0.1022 
2013-09-11,23.7771,30.0366,2.0794 
2013-09-12,18.5007,22.7081,3.1576 
2013-09-13,11.7332,17.6735,2.3639 
2013-09-14,8.0456,17.9644,0.0074 
2013-09-15,11.9242,16.9942,3.2565 
2013-09-16,10.6286,13.2681,1.4877 
2013-09-17,8.4833,17.1356,0.0023 
2013-09-18,11.6320,21.2547,9.6399e-05 
2013-09-19,15.6531,26.1397,0.1254 
2013-09-20,19.9190,26.0118,12.1053 
2013-09-21,14.5081,20.5429,7.8198 
2013-09-22,7.3053,14.6391,0.1629 
2013-09-23,7.8826,13.9178,0.2458 
2013-09-24,9.6725,16.3648,0.0067 
2013-09-25,12.3499,18.0562,2.2386e-04 
2013-09-26,13.1777,20.5703,7.6260e-05 
2013-09-27,14.1411,21.0900,0.1068 
2013-09-28,11.7657,22.1646,0.0034 
2013-09-29,15.9971,20.3297,4.9379 
2013-09-30,13.5216,18.6492,0.3753 
2013-10-01,14.5067,23.2370,0.0026 
2013-10-02,15.2988,21.8079,0.3769 
2013-10-03,14.1932,23.7710,0.6999 
2013-10-04,17.9102,25.3961,3.9463 
2013-10-05,15.7044,23.8367,3.7929 
2013-10-06,16.2117,23.1135,9.4802 
2013-10-07,7.4995,15.6213,4.3099 
2013-10-08,9.1478,16.8157,0.0521 
2013-10-09,11.1685,18.3463,0.0062 
2013-10-10,11.1388,19.2300,0.0391 
2013-10-11,12.0346,20.2065,0.0501 
2013-10-12,11.3999,21.3316,0.0568 
2013-10-13,12.3100,18.6065,4.8798e-06 
2013-10-14,7.3635,14.9278,8.8452e-04 
2013-10-15,9.6524,16.9088,0.0250 
2013-10-16,13.1249,16.5689,5.1480 
2013-10-17,6.7067,12.5731,5.7755 
2013-10-18,6.1982,14.7779,1.1535 
2013-10-19,5.8462,12.3342,4.3231 
2013-10-20,2.3235,11.8616,1.2911 
2013-10-21,9.2314,11.1306,2.9747 
2013-10-22,0.4064,8.2742,0.2260 
2013-10-23,0.3858,6.2854,0.0703 
2013-10-24,-0.7295,6.7114,0.1856 
2013-10-25,-0.2926,7.1082,0.1220 
2013-10-26,2.8613,7.8687,1.2453 
2013-10-27,0.3777,8.9164,0.0625 
2013-10-28,2.4349,8.1110,0.0075 
2013-10-29,0.9282,7.1147,0.0407 
2013-10-30,4.4732,13.9720,0.0136 
2013-10-31,8.6796,15.5632,28.9075 
2013-11-01,7.3783,16.4464,6.9594 
2013-11-02,4.8112,8.2260,7.4323 
2013-11-03,1.2678,4.3885,0.1046 
2013-11-04,-0.8236,6.1356,0.0616 
2013-11-05,5.6541,14.4790,0.0024 
2013-11-06,8.8620,13.0247,7.7192 
2013-11-07,1.2173,12.6378,0.4624 
2013-11-08,-1.7909,5.1695,0.1610 
2013-11-09,0.7748,11.0775,0.2696 
2013-11-10,3.3329,9.3127,0.7233 
2013-11-11,-1.6299,4.7303,4.6992 
2013-11-12,-4.5069,-0.5279,0.2404 
2013-11-13,-7.1846,3.2036,0.0076 
2013-11-14,-1.2485,7.2128,0.0022 
2013-11-15,3.8332,9.1598,0.0036 
2013-11-16,2.0966,11.0438,0.0049 
2013-11-17,11.0271,15.8313,9.2434 
2013-11-18,1.4838,15.7027,7.8589 
2013-11-19,-1.9885,2.3876,0.0580 
2013-11-20,-3.7118,5.3574,0.0031 
2013-11-21,3.4529,8.7280,0.2954 
2013-11-22,0.2630,7.2733,7.0268 
2013-11-23,-6.2532,-0.2333,0.1278 
2013-11-24,-9.5022,-5.6254,0.1702 
2013-11-25,-9.2480,-1.6310,0.4251 
2013-11-26,-2.9737,1.2485,0.1863 
2013-11-27,-7.5197,0.1668,1.0569 
2013-11-28,-9.5406,-3.3866,0.8752 
2013-11-29,-6.1574,-1.2821,0.2123 
2013-11-30,-5.5245,3.4835,0.0048 
2013-12-01,0.9245,4.1603,0.7118 
2013-12-02,-2.6722,1.7275,0.1236 
2013-12-03,-2.6848,1.4198,2.3133 
2013-12-04,1.0555,8.8067,3.9384 
2013-12-05,-1.0115,13.6481,1.0175 
2013-12-06,-6.4123,-1.8622,0.0000 
2013-12-07,-11.3956,-5.6562,0.0724 
2013-12-08,-12.1742,-4.1599,0.0931 
2013-12-09,-3.7992,-0.7366,1.5498 
2013-12-10,-13.2052,-4.2320,0.2236 
2013-12-11,-9.8738,-6.4051,0.5464 
2013-12-12,-16.6231,-7.4410,0.2387 
2013-12-13,-8.9143,-5.1608,0.5200 
2013-12-14,-9.3311,-5.3852,9.0598 
2013-12-15,-8.5853,-3.6334,3.9656 
2013-12-16,-13.2530,-8.4148,0.2867 
2013-12-17,-12.2458,-4.1907,5.3199 
2013-12-18,-7.9149,-2.7014,1.0656 
2013-12-19,-5.5067,3.2875,0.0468 
2013-12-20,-0.5354,1.1574,5.4756 
2013-12-21,-0.9439,0.3888,5.0005 
2013-12-22,-1.1214,2.2617,21.7867 
2013-12-23,-6.3593,-1.1214,0.6382 
2013-12-24,-12.4211,-5.3485,1.4732 
2013-12-25,-13.4166,-5.9470,2.5512 
2013-12-26,-5.9322,-3.7716,3.6092 
2013-12-27,-7.1819,0.0955,0.8477 
2013-12-28,-0.1261,4.8461,0.0076 
2013-12-29,-2.8991,3.3446,0.4035 
2013-12-30,-13.7753,-3.9617,0.4523 
2013-12-31,-11.8046,-9.1487,2.5391 
2014-01-01,-14.1077,-8.8662,1.2066 
2014-01-02,-11.7358,-8.8910,3.3328 
2014-01-03,-17.2383,-10.7514,0.5146 
2014-01-04,-15.4676,-1.9028,0.3449 
2014-01-05,-3.9944,-1.6626,21.4290 
2014-01-06,-15.2032,-2.1317,13.3559 
2014-01-07,-20.4810,-14.0746,0.1491 
2014-01-08,-18.8608,-12.2217,0.1869 
2014-01-09,-18.1229,-10.8583,0.1351 
2014-01-10,-10.9008,1.7797,1.8701 
2014-01-11,0.4941,6.0914,14.4570 
2014-01-12,-2.9618,1.2478,0.0802 
2014-01-13,-0.0898,4.0943,0.0048 
2014-01-14,-4.8584,2.0415,0.0095 
2014-01-15,-5.7642,0.4021,0.9009 
2014-01-16,-11.0371,-3.9016,2.6808 
2014-01-17,-3.9800,-1.1582,3.9791 
2014-01-18,-10.1228,-5.1899,0.5345 
2014-01-19,-11.8702,-2.4658,0.6280 
2014-01-20,-10.7351,-1.8479,1.0052 
2014-01-21,-14.6993,-11.6069,1.0296 
2014-01-22,-19.1727,-13.6035,0.4162 
2014-01-23,-14.8243,-10.4459,1.1539 
2014-01-24,-17.9356,-13.2144,0.2191 
2014-01-25,-12.7861,-3.3143,6.1794 
2014-01-26,-17.4239,-9.3484,3.8473 
2014-01-27,-15.5111,-5.8768,3.3288 
2014-01-28,-20.2019,-13.8004,0.1212 
2014-01-29,-19.4584,-9.3798,0.1930 
2014-01-30,-14.1629,-6.9412,0.0520 
2014-01-31,-6.7240,-2.3681,0.9401 
2014-02-01,-5.7251,0.0490,9.4899 
2014-02-02,-8.0901,-0.6508,1.1221 
2014-02-03,-10.5198,-6.5926,0.0895 
2014-02-04,-10.3441,-7.2429,0.0118 
2014-02-05,-11.1176,-6.5859,11.4361 
2014-02-06,-15.8832,-8.1542,0.4949 
2014-02-07,-13.4434,-10.2240,0.1977 
2014-02-08,-18.1145,-10.0670,0.1020 
2014-02-09,-13.1336,-8.0568,2.0172 
2014-02-10,-14.9654,-8.5987,0.4475 
2014-02-11,-17.5351,-11.2206,0.2419 
2014-02-12,-16.5020,-10.0047,0.0013 
2014-02-13,-11.5474,-5.1159,0.0163 
2014-02-14,-9.4797,-2.9396,1.3195 
2014-02-15,-11.7961,-4.3388,0.7424 
2014-02-16,-11.6543,-8.3237,1.1392 
2014-02-17,-15.8192,-8.5383,0.1964 
2014-02-18,-8.0612,-1.8708,10.5339 
2014-02-19,-1.7762,3.0619,0.1905 
2014-02-20,-2.2889,2.8578,4.6219 
2014-02-21,-2.3399,6.8033,2.5062 
2014-02-22,-5.8979,-1.2406,0.0717 
2014-02-23,-9.7507,-2.8811,0.0028 
2014-02-24,-10.8824,-7.2538,0.1822 
2014-02-25,-13.1719,-6.6644,0.1158 
2014-02-26,-16.0649,-7.7539,0.2093 
2014-02-27,-17.0255,-10.9497,0.6390 
2014-02-28,-20.4572,-11.3431,0.0863 
2014-03-01,-12.5160,-3.7747,2.7262 
2014-03-02,-16.6530,-7.1915,5.0179 
2014-03-03,-21.2137,-13.1282,0.0038 
2014-03-04,-16.0789,-8.7564,0.1339 
2014-03-05,-12.4032,-8.0709,0.0391 
2014-03-06,-14.6067,-5.3344,1.5673e-04 
2014-03-07,-7.9316,3.5000,2.2472e-04 
2014-03-08,-5.7568,1.9579,0.1881 
2014-03-09,-11.0236,-0.3894,1.5660e-08 
2014-03-10,-0.7101,4.9519,0.1466 
2014-03-11,2.0999,5.0166,0.0248 
2014-03-12,-12.5101,2.2847,12.8104 
2014-03-13,-17.9426,-5.4712,0.0163 
2014-03-14,-7.0422,6.5287,0.2586 
2014-03-15,-2.6814,4.5547,0.2677 
2014-03-16,-14.9737,-2.7612,0.0112 
2014-03-17,-16.5261,-3.5946,0.0349 
2014-03-18,-8.6304,3.7061,0.0088 
2014-03-19,1.0843,5.2217,2.9587 
2014-03-20,-1.4813,2.9658,0.4155 
2014-03-21,-4.2530,3.2408,0.0038 
2014-03-22,-1.9002,2.9961,6.2118 
2014-03-23,-13.0772,-1.1253,0.0551 
2014-03-24,-11.3566,-2.6167,0.0808 
2014-03-25,-8.2887,-2.4872,0.6127 
2014-03-26,-12.4369,-1.4774,0.2615 
2014-03-27,-7.1412,3.7394,1.3767 
2014-03-28,2.7735,10.4276,3.2161 
2014-03-29,-4.1665,3.9532,0.0199 
2014-03-30,-6.2304,5.8073,0.0000 
2014-03-31,-1.4266,10.9332,0.0000 
2014-04-01,3.6126,14.0825,0.2805 
2014-04-02,-1.7481,8.3208,0.0228 
2014-04-03,-5.1041,6.7057,0.3650 
2014-04-04,1.8625,12.0640,8.3898 
2014-04-05,-3.3343,6.3625,0.4035 
2014-04-06,0.7158,11.1552,9.2164e-06 
2014-04-07,2.3032,10.1835,1.1522 
2014-04-08,1.1765,12.3785,5.9641 
2014-04-09,-0.5411,11.1272,0.0139 
2014-04-10,6.1108,17.5671,0.0113 
2014-04-11,6.0633,15.5292,0.0054 
2014-04-12,8.6151,17.2265,0.0167 
2014-04-13,13.9967,21.1307,10.5797 
2014-04-14,5.6295,18.8068,0.8323 
2014-04-15,-5.7479,3.7575,4.7006 
2014-04-16,-5.2893,3.2370,0.1778 
2014-04-17,-1.7013,13.6575,1.1547e-04 
2014-04-18,5.7427,13.7733,1.0066 
2014-04-19,-2.0557,9.2838,0.0012 
2014-04-20,2.4402,17.1715,0.0000 
2014-04-21,13.5559,22.5253,0.0106 
2014-04-22,6.6707,21.3216,5.1813 
2014-04-23,1.2339,7.3168,0.4174 
2014-04-24,1.8762,10.2203,2.3147e-04 
2014-04-25,6.2126,10.1842,3.8144 
2014-04-26,3.9010,10.7326,0.0598 
2014-04-27,0.3234,9.0775,0.0027 
2014-04-28,4.8912,12.4711,0.0534 
2014-04-29,8.4972,17.5089,14.1470 
2014-04-30,10.5233,15.6974,3.2688 
2014-05-01,6.6192,14.4336,3.2189 
2014-05-02,5.7368,13.4039,1.2410 
2014-05-03,6.9528,12.4890,5.9948 
2014-05-04,5.6080,11.6024,0.7703 
2014-05-05,4.1649,10.6115,0.0195 
2014-05-06,2.5781,11.4949,2.1285e-05 
2014-05-07,6.7294,17.2788,3.5994 
2014-05-08,11.0132,25.6083,2.0766 
2014-05-09,18.5334,25.4267,3.3122 
2014-05-10,10.3900,19.7396,0.3335 
2014-05-11,12.4708,23.1143,0.0305 
2014-05-12,17.2805,24.8827,12.1010 
2014-05-13,19.3381,25.8481,21.9981 
2014-05-14,7.7160,21.3386,12.6258 
2014-05-15,4.7168,13.5601,23.7690 
2014-05-16,-0.7754,11.0280,0.0421 
2014-05-17,3.4094,11.2844,0.7367 
2014-05-18,6.3950,16.3211,0.2140 
2014-05-19,9.1033,19.1364,0.0034 
2014-05-20,11.7371,19.7200,2.6413 
2014-05-21,15.7676,25.1483,3.2345 
2014-05-22,10.8590,22.5209,0.0504 
2014-05-23,7.5700,18.3363,0.0577 
2014-05-24,10.1752,20.9848,0.0037 
2014-05-25,15.1998,25.4356,1.2738e-04 
2014-05-26,18.4250,27.8456,4.4848e-04 
2014-05-27,19.8332,27.4263,6.2162 
2014-05-28,11.8320,18.9409,5.3426 
2014-05-29,9.5921,18.4777,0.0199 
2014-05-30,11.2491,22.3880,0.0077 
2014-05-31,11.8609,22.8136,1.7010e-04 
2014-06-01,13.3775,25.0044,0.0000 
2014-06-02,20.1378,28.6195,3.8525 
2014-06-03,20.4905,23.2043,4.7443 
2014-06-04,16.5742,21.9194,0.3369 
2014-06-05,8.9524,18.8329,0.0243 
2014-06-06,11.7253,23.3894,6.6850e-05 
2014-06-07,17.8976,24.7700,0.0081 
2014-06-08,17.6254,23.4730,0.1623 
2014-06-09,11.4691,21.5314,8.4439e-04 
2014-06-10,14.9294,21.0351,0.0020 
2014-06-11,16.2565,24.2746,5.3006 
2014-06-12,18.2745,24.6812,4.2771 
2014-06-13,14.9982,24.8056,0.2518 
2014-06-14,7.2132,18.1166,3.9948e-05 
2014-06-15,11.1899,23.1554,8.6249e-05 
2014-06-16,18.6423,27.9868,0.0276 
2014-06-17,22.6322,29.4585,0.4684 
2014-06-18,16.9772,28.6662,8.2364 
2014-06-19,15.8481,21.0389,1.8673 
2014-06-20,11.4204,21.0739,0.6263 
2014-06-21,15.1586,22.1757,0.4002 
2014-06-22,16.3787,24.3009,0.0027 
2014-06-23,17.9352,26.7562,1.9400 
2014-06-24,19.7206,24.3529,14.7790 
2014-06-25,15.1483,21.7472,0.2389 
2014-06-26,13.2328,21.6028,8.7851e-04 
2014-06-27,16.3024,25.3155,4.6531e-04 
2014-06-28,19.2807,28.5609,0.0185 
2014-06-29,21.5894,28.0931,6.1586 
2014-06-30,21.8562,28.9428,0.8317 
2014-07-01,23.6400,28.6417,8.3659 
2014-07-02,18.0516,25.3751,0.3464 
2014-07-03,13.5083,22.0007,3.9259 
2014-07-04,12.3525,20.3314,0.1602 
2014-07-05,18.1785,23.2163,9.8420e-04 
2014-07-06,16.8059,26.3786,0.0034 
2014-07-07,21.9072,26.8407,17.8574 
2014-07-08,19.2964,25.5935,15.2091 
2014-07-09,12.0907,20.8270,0.3738 
2014-07-10,15.2795,20.4120,0.1120 
2014-07-11,15.3313,24.3849,0.0016 
2014-07-12,19.3256,27.5202,0.0263 
2014-07-13,20.0357,26.3316,8.4162 
2014-07-14,16.8841,24.8073,0.7187 
2014-07-15,13.7978,21.3711,5.3090 
2014-07-16,11.3205,18.6013,0.5477 
2014-07-17,13.3713,21.7977,0.2786 
2014-07-18,18.0084,23.4295,7.1630e-04 
2014-07-19,17.4505,22.7191,0.5503 
2014-07-20,15.6956,24.3581,0.1858 
2014-07-21,19.6902,27.0789,0.0978 
2014-07-22,20.2274,30.9028,0.0049 
2014-07-23,16.3488,30.0499,0.4590 
2014-07-24,12.9712,20.1298,3.6102e-04 
2014-07-25,16.6141,24.1077,0.0403 
2014-07-26,18.3551,26.9250,0.6362 
2014-07-27,18.1789,24.9599,15.7694 
2014-07-28,14.5137,18.3003,8.4222 
2014-07-29,9.9314,19.0704,3.3003 
2014-07-30,14.5534,20.3626,1.6804 
2014-07-31,12.8648,22.7918,1.0576 
2014-08-01,18.1853,24.8636,6.1011 
2014-08-02,18.3162,25.0205,0.0642 
2014-08-03,18.4803,25.1216,0.3570 
2014-08-04,19.2787,25.3349,2.7185 
2014-08-05,18.1005,23.7274,12.0410 
2014-08-06,15.9016,22.4909,0.2270 
2014-08-07,18.2107,22.7936,0.0128 
2014-08-08,15.9350,22.3604,0.0114 
2014-08-09,16.9698,22.7662,0.0000 
2014-08-10,17.4679,25.5836,2.4112e-04 
2014-08-11,18.5075,24.0376,28.7129 
2014-08-12,18.2336,22.0706,24.8018 
2014-08-13,14.1526,20.9111,0.6980 
2014-08-14,11.3366,20.2222,2.6936e-06 
2014-08-15,8.7909,21.7772,0.0000 
2014-08-16,13.4965,25.3591,1.1224 
2014-08-17,14.7968,20.9250,0.2477 
2014-08-18,13.5937,22.2434,6.2020e-04 
2014-08-19,16.7136,25.9713,5.3521 
2014-08-20,18.9090,25.0304,15.4217 
2014-08-21,17.1725,25.6404,1.4377 
2014-08-22,18.4776,25.0528,0.0189 
2014-08-23,16.2766,23.4054,0.0070 
2014-08-24,17.1425,23.8970,0.0559 
2014-08-25,18.0768,27.1080,0.0018 
2014-08-26,21.6325,29.3867,1.7872 
2014-08-27,14.1757,28.2868,0.5349 
2014-08-28,12.4348,19.6097,9.6778e-05 
2014-08-29,14.6242,22.2066,0.0102 
2014-08-30,19.1497,28.5631,0.3399 
2014-08-31,20.0066,27.4188,8.7650 
2014-09-01,20.3147,27.2522,12.4596 
2014-09-02,19.8482,24.0861,1.2299 
2014-09-03,18.5764,24.9667,0.0023 
2014-09-04,19.3947,28.3226,0.0089 
2014-09-05,21.6953,30.1376,5.0537 
2014-09-06,14.8115,22.5212,19.6223 
2014-09-07,14.0448,20.7307,0.0041 
2014-09-08,15.2477,22.0431,0.0010 
2014-09-09,17.5315,24.3429,0.0420 
2014-09-10,17.7266,23.9372,21.9273 
2014-09-11,11.9170,22.5433,0.9053 
2014-09-12,8.8470,13.8417,1.1904 
2014-09-13,8.5852,12.7220,12.3615 
2014-09-14,7.9293,14.4425,0.0046 
2014-09-15,11.7887,17.2402,0.0611 
2014-09-16,8.2019,16.1674,1.7936 
2014-09-17,9.4086,17.4769,0.0084 
2014-09-18,10.1974,16.4014,0.0822 
2014-09-19,7.2465,17.1565,0.0015 
2014-09-20,12.6244,23.6595,0.7310 
2014-09-21,10.7711,20.4638,20.1323 
2014-09-22,7.4117,13.9860,0.3415 
2014-09-23,9.3773,20.1236,0.0015 
2014-09-24,12.9664,20.8914,0.0032 
2014-09-25,12.8756,21.4439,0.0026 
2014-09-26,13.9579,21.9215,0.0000 
2014-09-27,15.1869,22.3179,0.0614 
2014-09-28,16.0887,21.0819,0.0725 
2014-09-29,16.3816,23.3309,0.1080 
2014-09-30,10.4516,22.0641,6.3821 
2014-10-01,12.5839,18.4725,0.2759 
2014-10-02,12.2829,20.8790,0.1292 
2014-10-03,14.6552,20.6034,10.1666 
2014-10-04,5.9853,14.0513,4.7022 
2014-10-05,4.9332,10.2812,0.5060 
2014-10-06,5.9329,16.8791,0.8939 
2014-10-07,7.3469,15.8371,0.9927 
2014-10-08,7.2073,14.1921,0.0500 
2014-10-09,4.0145,12.1392,0.0013 
2014-10-10,5.1877,11.7282,0.0022 
2014-10-11,4.3651,11.5171,4.3896e-04 
2014-10-12,6.4022,13.9418,0.0000 
2014-10-13,10.1763,19.5580,1.8257 
2014-10-14,17.5843,19.7871,6.1987 
2014-10-15,13.8460,17.7475,11.7269 
2014-10-16,11.0048,15.8836,1.2087 
2014-10-17,8.9718,16.5285,1.1531 
2014-10-18,6.1500,13.8243,2.9570 
2014-10-19,1.1062,8.3216,0.0842 
2014-10-20,6.6954,13.8026,1.8557 
2014-10-21,6.8423,12.2449,3.8902 
2014-10-22,4.1059,9.6476,0.0100 
2014-10-23,4.3195,11.8559,0.0011 
2014-10-24,7.4674,14.9141,0.0015 
2014-10-25,8.1336,16.4096,0.0034 
2014-10-26,5.8440,12.4112,4.7983e-04 
2014-10-27,6.6576,16.7342,0.3448 
2014-10-28,12.6819,18.9032,4.8750 
2014-10-29,5.8975,11.6036,0.0820 
2014-10-30,2.3535,7.9742,0.0325 
2014-10-31,3.5435,7.4873,6.9441 
2014-11-01,1.3132,3.2278,2.0440 
2014-11-02,-2.8909,6.9937,0.0018 
2014-11-03,1.3336,12.9318,9.1947e-04 
2014-11-04,10.0407,14.5539,0.5262 
2014-11-05,5.3454,10.8828,0.0441 
2014-11-06,5.3489,8.7435,3.1980 
2014-11-07,-0.7284,5.9334,2.1470 
2014-11-08,0.7892,5.4044,3.1973 
2014-11-09,-0.5705,6.0004,0.0547 
2014-11-10,3.9399,11.5837,0.1485 
2014-11-11,9.4482,15.5170,0.3303 
2014-11-12,-2.3652,8.8452,0.0914 
2014-11-13,-4.8315,-0.4796,0.3265 
2014-11-14,-7.2338,-0.2933,0.1960 
2014-11-15,-8.0040,-0.9362,0.0953 
2014-11-16,-4.8622,-0.5982,0.6799 
2014-11-17,-6.0362,-1.5149,1.4552 
2014-11-18,-9.7885,-5.4767,0.0472 
2014-11-19,-12.2407,-3.2226,2.0525 
2014-11-20,-7.5482,-2.4789,0.5343 
2014-11-21,-12.9471,-4.9674,0.1242 
2014-11-22,-8.9674,6.5475,2.1008 
2014-11-23,6.0280,7.8275,2.1756 
2014-11-24,3.2090,12.7456,20.6690 
2014-11-25,-1.9617,2.5384,0.1593 
2014-11-26,-4.7913,0.7506,0.0948 
2014-11-27,-4.3869,-0.1201,0.6170 
2014-11-28,-9.6366,-2.9484,0.3917 
2014-11-29,-4.5573,3.6018,1.0656 
2014-11-30,3.9707,13.1411,0.6791 
2014-12-01,-5.3938,5.8772,0.5104 
2014-12-02,-8.5902,0.1383,0.0584 
2014-12-03,-4.2244,0.8851,0.9913 
2014-12-04,-6.5968,-1.0563,0.0246 
2014-12-05,-3.6958,3.0891,0.0040 
2014-12-06,-0.0115,2.8602,0.0726 
2014-12-07,-4.1426,0.2127,2.1351e-04 
2014-12-08,-2.8141,3.8780,2.2009e-04 
2014-12-09,0.1886,3.5262,1.9375 
2014-12-10,-2.6828,1.6361,0.2349 
2014-12-11,-5.3848,2.2699,0.0196 
2014-12-12,-3.9246,2.6951,0.0310 
2014-12-13,-3.5574,6.0307,0.0377 
2014-12-14,2.9389,7.7628,0.1262 
2014-12-15,5.5897,8.6258,0.5757 
2014-12-16,4.1633,7.6363,5.8338 
2014-12-17,-1.7108,6.3826,1.3382 
2014-12-18,-4.2837,-0.9679,0.5613 
2014-12-19,-6.2191,-0.6136,0.1652 
2014-12-20,-5.6225,-1.6447,0.0172 
2014-12-21,-4.0819,0.4967,0.0288 
2014-12-22,-3.9724,3.2296,0.0024 
2014-12-23,1.4539,7.8620,1.8694 
2014-12-24,4.0198,7.8373,14.9420 
2014-12-25,0.7827,3.2370,7.3130 
2014-12-26,0.1628,6.9143,0.0049 
2014-12-27,2.4258,10.0122,0.7555 
2014-12-28,-2.7349,8.7635,0.1944 
2014-12-29,-6.3207,-1.7411,0.0932 
2014-12-30,-11.3212,-5.6111,0.0299 
2014-12-31,-13.1843,-7.8345,0.1175 
2015-01-01,-8.3694,-5.7163,0.1635 
