Meteorological forcing data for the Large Basin Runoff Model.      
stc, 04,   <- lake basin, subbasin            
yyyy-mm-dd, Tmin(C), Tmax(C), Prec(mm)                             
2010-01-01,-7.2266,-4.0540,0.1015 
2010-01-02,-12.0202,-6.8229,0.1293 
2010-01-03,-14.8072,-6.9796,0.1569 
2010-01-04,-7.8475,-6.2140,1.2403 
2010-01-05,-8.3191,-5.0639,0.2666 
2010-01-06,-5.4245,-2.9215,0.0814 
2010-01-07,-4.8760,-3.2854,2.6644 
2010-01-08,-5.5525,-3.7110,4.0755 
2010-01-09,-9.7075,-4.9513,0.0364 
2010-01-10,-10.7421,-5.3151,0.0066 
2010-01-11,-11.2163,-5.6225,1.6119 
2010-01-12,-6.0972,-4.0811,0.7203 
2010-01-13,-8.8942,-2.8089,0.0000 
2010-01-14,-3.5307,0.5741,6.0888e-04 
2010-01-15,0.0398,2.0485,0.0663 
2010-01-16,-4.4137,0.2795,0.0080 
2010-01-17,-3.1262,-0.2337,0.0000 
2010-01-18,-5.6424,-0.6966,0.0016 
2010-01-19,-2.9857,-0.1147,0.0691 
2010-01-20,-4.9730,-0.9753,0.0661 
2010-01-21,-4.7353,-0.1520,4.7370e-04 
2010-01-22,-0.5194,0.8714,0.0385 
2010-01-23,-1.2704,1.3053,0.2883 
2010-01-24,1.7415,6.9322,6.8348 
2010-01-25,0.3745,7.0139,4.1939 
2010-01-26,-4.1297,0.1545,0.8898 
2010-01-27,-7.1224,-0.4574,0.2088 
2010-01-28,-10.7502,-3.6472,0.4867 
2010-01-29,-14.0757,-8.6513,3.5731e-04 
2010-01-30,-9.9403,-8.3719,0.1001 
2010-01-31,-10.5362,-3.7530,0.0333 
2010-02-01,-9.8839,-3.9262,0.0241 
2010-02-02,-4.9430,-2.4824,1.0487 
2010-02-03,-3.4887,-0.2269,1.5491 
2010-02-04,-5.6833,-0.1112,6.2533e-04 
2010-02-05,-2.5992,-0.3706,0.0027 
2010-02-06,-8.0021,-0.8583,0.0067 
2010-02-07,-7.4514,-2.6046,0.2466 
2010-02-08,-6.4577,-0.9547,2.5063e-05 
2010-02-09,-6.5590,-1.3173,7.4861 
2010-02-10,-3.8288,-2.2548,13.0456 
2010-02-11,-6.5283,-3.7775,0.2365 
2010-02-12,-9.2886,-3.2965,0.0744 
2010-02-13,-7.2549,-3.5264,0.1669 
2010-02-14,-6.9655,-0.9852,0.1074 
2010-02-15,-6.7797,-1.5850,0.1067 
2010-02-16,-6.0323,-2.5732,1.9336 
2010-02-17,-5.1583,-0.1837,0.2092 
2010-02-18,-4.1997,-0.2875,0.0047 
2010-02-19,-5.7079,0.5556,0.0000 
2010-02-20,-5.2356,1.0993,0.0000 
2010-02-21,-0.9546,2.7835,7.2978e-04 
2010-02-22,-2.0496,0.0660,16.2045 
2010-02-23,-2.7052,-0.6823,0.7553 
2010-02-24,-3.0583,-1.0532,1.3407 
2010-02-25,-5.7144,-0.9887,1.6606 
2010-02-26,-6.1469,-2.2375,4.9934 
2010-02-27,-2.0689,0.4913,3.4424 
2010-02-28,-1.7833,1.5332,0.4405 
2010-03-01,-3.1799,0.8704,0.0032 
2010-03-02,-5.1396,0.4320,0.0108 
2010-03-03,-5.6235,1.1938,0.0255 
2010-03-04,-4.3113,1.4631,0.0011 
2010-03-05,-5.0673,2.9726,2.6878e-04 
2010-03-06,-3.1012,5.4240,0.0000 
2010-03-07,-0.9884,7.5240,0.0000 
2010-03-08,1.7460,10.4428,2.3583e-05 
2010-03-09,4.3571,11.6782,2.7871e-05 
2010-03-10,3.5454,11.9169,0.5729 
2010-03-11,5.4417,13.9930,0.0728 
2010-03-12,5.9126,13.2560,5.8200 
2010-03-13,4.1935,10.9538,8.3555 
2010-03-14,2.4968,5.0274,10.8788 
2010-03-15,2.7753,10.1136,0.3858 
2010-03-16,2.2435,13.5019,2.9392e-09 
2010-03-17,4.0770,14.7164,0.0000 
2010-03-18,5.8767,17.9185,0.0000 
2010-03-19,6.6810,18.2747,3.0084e-09 
2010-03-20,1.2238,17.0075,7.5655e-06 
2010-03-21,-1.4699,7.5651,0.3392 
2010-03-22,1.1139,6.4203,2.7059 
2010-03-23,3.1968,10.9084,0.4412 
2010-03-24,1.9394,13.3650,7.9778e-06 
2010-03-25,-0.2316,12.1434,3.0142 
2010-03-26,-4.4161,0.6279,0.0025 
2010-03-27,-2.2198,5.5592,0.0134 
2010-03-28,3.4749,6.7031,8.5635 
2010-03-29,2.5170,7.8409,0.2969 
2010-03-30,-0.7255,11.3297,6.4464e-04 
2010-03-31,4.9417,18.7236,8.0494e-04 
2010-04-01,12.5961,24.9861,9.5129e-04 
2010-04-02,12.9449,25.7302,0.0000 
2010-04-03,12.5372,25.2913,0.1027 
2010-04-04,7.6299,20.0155,0.0038 
2010-04-05,10.2476,22.0881,1.7469 
2010-04-06,9.9690,24.9767,6.8603 
2010-04-07,14.7066,24.6352,12.2073 
2010-04-08,6.7438,14.9306,16.4881 
2010-04-09,-1.1087,6.7683,0.0016 
2010-04-10,2.1040,18.4556,0.0000 
2010-04-11,8.4512,18.7188,0.0976 
2010-04-12,6.0627,14.9451,0.0000 
2010-04-13,4.9191,12.8053,2.7030 
2010-04-14,6.3973,17.3908,0.0128 
2010-04-15,10.5501,27.8840,0.0000 
2010-04-16,16.6330,26.7885,2.7152e-05 
2010-04-17,4.1449,14.7375,5.0749e-04 
2010-04-18,3.5927,11.6425,0.0017 
2010-04-19,2.6511,14.3233,0.0000 
2010-04-20,5.4874,14.9927,0.0000 
2010-04-21,9.2519,19.0629,0.0037 
2010-04-22,2.5450,13.8463,0.0046 
2010-04-23,3.4316,13.9467,2.1057e-04 
2010-04-24,7.9549,14.6427,0.2822 
2010-04-25,9.8644,13.8449,17.6550 
2010-04-26,8.2503,14.1494,2.1054 
2010-04-27,2.9596,11.4856,2.3378e-05 
2010-04-28,2.6711,13.5413,0.0000 
2010-04-29,7.9705,17.0023,0.2612 
2010-04-30,13.2281,25.2732,0.0085 
2010-05-01,18.5137,25.0829,6.7402 
2010-05-02,16.7609,20.8693,12.7099 
2010-05-03,13.5784,20.5568,16.2741 
2010-05-04,13.2033,21.4105,0.5884 
2010-05-05,15.6546,24.2284,7.8197 
2010-05-06,9.7964,18.4501,0.0568 
2010-05-07,7.9173,18.1214,13.6085 
2010-05-08,5.2684,15.4283,6.4587 
2010-05-09,0.4785,10.0177,0.0204 
2010-05-10,2.7996,11.1072,2.2144e-04 
2010-05-11,6.3174,10.9947,27.2620 
2010-05-12,6.2631,11.9771,5.7943 
2010-05-13,7.0165,13.9278,10.2165 
2010-05-14,12.2631,19.8195,0.3031 
2010-05-15,9.7633,17.6620,2.7323e-05 
2010-05-16,8.2516,17.0763,2.8011e-05 
2010-05-17,11.3185,16.3031,2.2848 
2010-05-18,9.7532,13.7440,13.8086 
2010-05-19,8.6606,21.1617,0.0495 
2010-05-20,15.9413,25.5836,3.6076e-05 
2010-05-21,16.3222,25.3046,0.3209 
2010-05-22,15.4304,22.7131,2.6594 
2010-05-23,16.4479,24.9199,0.1654 
2010-05-24,17.4897,25.7605,0.0000 
2010-05-25,18.4493,26.0534,0.0000 
2010-05-26,21.1379,28.5225,9.7591e-04 
2010-05-27,23.2565,28.4137,9.5766e-04 
2010-05-28,18.1653,26.5751,5.8438e-04 
2010-05-29,18.3620,25.5927,2.9428e-04 
2010-05-30,17.4623,28.0645,0.0000 
2010-05-31,19.7845,29.8734,5.1992 
2010-06-01,18.0890,26.5659,2.8268 
2010-06-02,19.3075,26.4682,6.6174 
2010-06-03,14.9618,24.0115,0.0552 
2010-06-04,14.6998,25.1435,0.2085 
2010-06-05,18.1006,25.8018,4.8330 
2010-06-06,14.3289,22.0633,50.5663 
2010-06-07,10.2057,18.7446,0.7735 
2010-06-08,13.3391,18.7867,0.0328 
2010-06-09,13.4414,25.7172,5.8576 
2010-06-10,15.9655,24.7182,0.0244 
2010-06-11,15.2782,26.6144,0.2239 
2010-06-12,22.1634,29.6070,0.0331 
2010-06-13,17.0543,27.4076,0.2684 
2010-06-14,17.6142,25.1247,0.2652 
2010-06-15,17.7194,24.3698,0.0607 
2010-06-16,19.1845,24.8331,4.1085 
2010-06-17,15.1016,23.4610,0.0014 
2010-06-18,17.7618,29.1549,0.0178 
2010-06-19,21.6679,29.0031,2.9040 
2010-06-20,18.6432,27.0845,0.0000 
2010-06-21,18.6643,26.3589,0.0000 
2010-06-22,19.0760,28.8286,8.3040 
2010-06-23,23.6779,31.4930,1.3649 
2010-06-24,21.7417,31.5755,7.7168 
2010-06-25,16.3543,26.0006,4.4882e-04 
2010-06-26,19.8132,28.2846,0.0144 
2010-06-27,19.1059,30.3043,3.2193 
2010-06-28,20.6325,27.2893,0.1680 
2010-06-29,14.2573,25.8687,0.0015 
2010-06-30,11.8960,21.1548,0.0000 
2010-07-01,13.1239,21.3967,0.0000 
2010-07-02,16.7238,24.0309,0.0000 
2010-07-03,18.7327,28.0822,0.0000 
2010-07-04,22.0437,32.4477,0.0000 
2010-07-05,24.7715,32.3986,1.4988e-05 
2010-07-06,25.2169,33.0814,6.6515e-05 
2010-07-07,26.1093,33.2798,1.3752e-04 
2010-07-08,25.6579,32.6414,15.7018 
2010-07-09,22.3579,30.4731,1.1807 
2010-07-10,21.5803,27.0261,3.9437e-04 
2010-07-11,22.6530,28.9972,2.1614 
2010-07-12,18.3518,28.6073,14.1612 
2010-07-13,18.6079,25.8330,0.4307 
2010-07-14,20.1209,27.9335,0.0029 
2010-07-15,23.1317,31.1131,11.5871 
2010-07-16,21.5423,29.5269,15.4135 
2010-07-17,22.5222,29.9868,1.1780 
2010-07-18,22.2164,31.6391,0.3671 
2010-07-19,21.2561,29.4858,1.9846 
2010-07-20,19.8899,26.2599,5.0711 
2010-07-21,20.1652,27.7213,0.0673 
2010-07-22,22.1998,27.5365,1.2538 
2010-07-23,18.3056,32.6084,18.8114 
2010-07-24,24.9229,32.4074,4.8080 
2010-07-25,20.4599,29.5831,12.8624 
2010-07-26,19.7666,26.1506,0.0767 
2010-07-27,22.4647,27.2482,0.0000 
2010-07-28,23.0119,30.8792,10.7511 
2010-07-29,17.0991,25.3678,0.0815 
2010-07-30,19.9801,25.1078,0.0000 
2010-07-31,20.9276,25.3186,0.0035 
2010-08-01,20.6439,26.1993,1.2373e-04 
2010-08-02,22.6617,27.5547,9.0707e-05 
2010-08-03,23.8399,29.5293,0.0061 
2010-08-04,24.8846,30.1827,0.0707 
2010-08-05,23.1524,29.0096,0.0772 
2010-08-06,19.1956,26.4173,0.0187 
2010-08-07,19.3143,24.0799,2.9639e-05 
2010-08-08,21.4785,29.9602,0.0011 
2010-08-09,21.4690,30.5187,0.1546 
2010-08-10,21.6591,29.1458,0.0239 
2010-08-11,21.7652,28.5679,0.0075 
2010-08-12,20.4546,28.5433,2.1976 
2010-08-13,22.2907,27.8176,4.3922e-04 
2010-08-14,23.6020,32.0029,0.4079 
2010-08-15,22.3646,31.7607,2.0758 
2010-08-16,19.5682,27.1785,0.0418 
2010-08-17,19.2565,27.0939,1.5281e-07 
2010-08-18,19.3307,26.5467,0.3617 
2010-08-19,21.1603,28.7753,0.1331 
2010-08-20,19.7120,26.7786,0.6458 
2010-08-21,20.4136,28.6833,6.9233 
2010-08-22,19.9990,23.3338,0.1109 
2010-08-23,19.1950,23.9780,0.0293 
2010-08-24,17.7335,22.6142,0.3233 
2010-08-25,18.8830,24.8219,0.5319 
2010-08-26,14.6991,22.8019,0.0000 
2010-08-27,17.8044,24.3910,1.2269e-04 
2010-08-28,19.7699,26.1819,1.4500e-04 
2010-08-29,21.0032,30.8293,0.0022 
2010-08-30,24.3559,30.9955,0.0046 
2010-08-31,25.0022,30.4456,0.0354 
2010-09-01,23.5148,31.2511,0.0411 
2010-09-02,23.0660,30.0085,0.9646 
2010-09-03,17.5456,25.5500,5.4118 
2010-09-04,12.9516,18.9707,0.2833 
2010-09-05,12.0283,19.5760,0.0773 
2010-09-06,17.9576,26.1405,0.8741 
2010-09-07,20.5224,28.3637,0.0358 
2010-09-08,14.5144,24.0190,5.9430e-06 
2010-09-09,11.1063,19.1056,0.0073 
2010-09-10,12.1088,19.4360,0.0628 
2010-09-11,15.6768,19.6432,8.4970 
2010-09-12,12.4279,21.4458,2.8496 
2010-09-13,15.8599,24.1923,0.1300 
2010-09-14,14.4625,22.4731,0.0013 
2010-09-15,12.1462,18.8055,0.0155 
2010-09-16,15.3969,21.4327,23.9885 
2010-09-17,12.2224,17.1108,0.2614 
2010-09-18,14.4011,22.4458,1.5982 
2010-09-19,12.5858,18.7083,0.0119 
2010-09-20,12.3346,17.7642,2.4658e-05 
2010-09-21,15.4901,29.9238,4.9181e-05 
2010-09-22,19.4383,29.7352,6.5249 
2010-09-23,15.7162,28.3815,3.2936e-04 
2010-09-24,23.8674,27.9145,0.0000 
2010-09-25,12.5398,22.1822,0.0000 
2010-09-26,8.5017,14.4913,1.7908e-04 
2010-09-27,11.5356,15.6548,0.8024 
2010-09-28,12.4633,14.3651,38.2026 
2010-09-29,11.8650,17.1778,0.1658 
2010-09-30,15.1899,19.3528,0.0000 
2010-10-01,9.6187,17.1629,0.0000 
2010-10-02,8.5196,14.3095,16.4051 
2010-10-03,7.4189,10.6288,5.0017 
2010-10-04,7.7105,12.6401,0.0055 
2010-10-05,8.4974,15.7203,0.0000 
2010-10-06,9.3075,18.7824,5.4351e-05 
2010-10-07,10.8526,19.5785,9.9858e-07 
2010-10-08,11.2773,24.3851,0.0000 
2010-10-09,14.1766,22.9621,0.0012 
2010-10-10,13.4157,25.9253,2.4145e-04 
2010-10-11,14.6865,23.4753,0.0180 
2010-10-12,8.9039,16.2225,0.0183 
2010-10-13,11.1356,16.3144,0.1330 
2010-10-14,8.3875,14.3889,18.4810 
2010-10-15,7.9787,13.3494,0.9435 
2010-10-16,7.1631,15.2518,2.9536e-07 
2010-10-17,9.3427,14.8604,2.8014e-04 
2010-10-18,8.9042,12.9512,7.3960e-07 
2010-10-19,6.2294,12.9234,0.0034 
2010-10-20,7.8576,16.6581,0.0955 
2010-10-21,5.8720,15.6050,5.7371 
2010-10-22,2.9019,12.1291,0.0261 
2010-10-23,9.5024,19.0801,0.4651 
2010-10-24,14.8082,21.9087,1.0669 
2010-10-25,16.1651,20.6287,0.0398 
2010-10-26,12.5450,21.1313,3.4104 
2010-10-27,11.3201,16.5025,0.1342 
2010-10-28,7.5777,15.6964,0.0091 
2010-10-29,4.4299,9.8558,0.0030 
2010-10-30,5.1007,12.1379,9.8812e-07 
2010-10-31,2.5475,11.7683,3.4813e-04 
2010-11-01,2.8767,6.2983,0.0054 
2010-11-02,4.7263,6.8429,0.0015 
2010-11-03,3.9579,8.3418,0.2415 
2010-11-04,3.5789,8.0657,0.3790 
2010-11-05,2.7089,6.5388,0.1111 
2010-11-06,-1.8463,4.7156,0.0344 
2010-11-07,0.6463,8.7618,0.0000 
2010-11-08,4.7860,11.4811,0.0000 
2010-11-09,6.4734,10.4618,0.0000 
2010-11-10,6.0606,11.3799,0.0824 
2010-11-11,6.4928,12.1375,0.0010 
2010-11-12,7.6283,12.1094,0.0337 
2010-11-13,7.0947,13.7869,0.0772 
2010-11-14,4.2365,13.6815,2.3904 
2010-11-15,2.4289,8.4045,0.0054 
2010-11-16,6.6525,9.5437,1.2662 
2010-11-17,5.7948,9.9832,20.8060 
2010-11-18,2.1320,8.2079,0.0927 
2010-11-19,1.4588,6.8456,0.0068 
2010-11-20,2.2044,7.8354,5.8953e-04 
2010-11-21,2.5451,12.5600,0.0296 
2010-11-22,12.8179,15.5375,12.4670 
2010-11-23,0.0839,16.1821,14.5012 
2010-11-24,-2.3108,3.6182,0.0780 
2010-11-25,3.9750,10.0506,17.9791 
2010-11-26,-4.9437,8.3473,7.2255 
2010-11-27,-2.7940,1.8885,0.0475 
2010-11-28,-3.4437,1.7064,0.0051 
2010-11-29,1.5194,5.8573,0.0000 
2010-11-30,5.7143,12.3033,16.4142 
2010-12-01,-3.3625,7.3762,1.9200 
2010-12-02,-3.5127,-1.1874,0.3444 
2010-12-03,-3.8459,-0.3041,0.1794 
2010-12-04,-3.2408,-0.1091,0.0475 
2010-12-05,-5.2453,-1.1090,0.4474 
2010-12-06,-3.6417,-2.1098,0.2257 
2010-12-07,-5.5852,-3.4255,0.0810 
2010-12-08,-6.3491,-3.3267,0.2613 
2010-12-09,-8.0176,-3.1609,0.0432 
2010-12-10,-2.8947,3.1947,2.0699 
2010-12-11,-1.1800,3.3971,0.0214 
2010-12-12,-0.5202,3.5963,21.6747 
2010-12-13,-9.8682,-1.7665,2.5976 
2010-12-14,-11.5052,-7.2249,0.0801 
2010-12-15,-9.9270,-5.0111,0.0033 
2010-12-16,-9.9580,-5.3014,0.0140 
2010-12-17,-7.1923,-3.3576,0.0600 
2010-12-18,-10.1996,-3.9441,0.1883 
2010-12-19,-9.2495,-3.9224,0.3589 
2010-12-20,-6.0600,-2.8040,0.2614 
2010-12-21,-4.1946,-1.7607,0.0018 
2010-12-22,-4.1840,-0.8746,0.8496 
2010-12-23,-4.2045,-1.3531,0.0122 
2010-12-24,-6.1533,-2.7575,0.1043 
2010-12-25,-3.6952,-2.6176,0.2987 
2010-12-26,-5.0332,-3.2213,0.4019 
2010-12-27,-5.7133,-3.5654,0.0453 
2010-12-28,-7.6619,-2.8583,0.0518 
2010-12-29,-7.5424,-2.8663,0.0029 
2010-12-30,-3.1592,2.3467,0.9976 
2010-12-31,2.2819,8.6299,1.1114 
2011-01-01,-0.3134,10.1420,11.8278 
2011-01-02,-8.2052,-1.6353,0.4457 
2011-01-03,-8.4603,-1.0982,0.0765 
2011-01-04,-2.6979,0.2542,1.5789 
2011-01-05,-7.8636,-1.8043,0.3338 
2011-01-06,-5.6049,-1.9908,2.8525 
2011-01-07,-9.2296,-3.3720,2.7916 
2011-01-08,-9.6276,-5.7623,1.0097 
2011-01-09,-11.3752,-4.3259,0.0471 
2011-01-10,-8.0468,-4.0091,8.1499e-05 
2011-01-11,-7.1698,-4.4517,7.6014 
2011-01-12,-6.1091,-4.1583,6.2216 
2011-01-13,-11.0968,-5.5847,0.2583 
2011-01-14,-9.3266,-5.8096,1.9902 
2011-01-15,-7.4769,-3.0405,3.7683 
2011-01-16,-12.5879,-3.2395,0.1441 
2011-01-17,-11.4151,-4.5481,0.0323 
2011-01-18,-3.6821,1.8493,4.2737 
2011-01-19,-6.4597,-0.5302,0.4715 
2011-01-20,-10.6115,-5.9260,1.0528 
2011-01-21,-11.6185,-6.0721,1.1986 
2011-01-22,-15.8189,-10.6976,0.7850 
2011-01-23,-13.2554,-8.9993,0.7236 
2011-01-24,-13.4439,-5.8661,1.7760 
2011-01-25,-5.3209,-1.4551,0.2690 
2011-01-26,-4.2596,-1.1368,0.0463 
2011-01-27,-5.8487,-2.1779,2.7805 
2011-01-28,-6.2267,-2.0043,2.6780 
2011-01-29,-6.5053,-2.6020,5.4615 
2011-01-30,-6.3785,-3.5578,0.0569 
2011-01-31,-11.0260,-6.5548,0.0169 
2011-02-01,-9.6994,-7.0656,0.9025 
2011-02-02,-7.8592,-3.3397,18.9159 
2011-02-03,-12.5182,-6.4235,0.0630 
2011-02-04,-13.6884,-7.6561,0.0000 
2011-02-05,-11.3897,-4.6972,5.7693 
2011-02-06,-11.1494,-3.0132,1.0381 
2011-02-07,-2.8624,-1.1628,1.4071 
2011-02-08,-12.7067,-3.4020,0.1134 
2011-02-09,-12.8402,-8.0355,0.1232 
2011-02-10,-17.8841,-8.1819,0.0822 
2011-02-11,-17.4551,-7.0976,0.2778 
2011-02-12,-7.1828,-2.3022,0.1374 
2011-02-13,-3.1166,2.7715,1.5198 
2011-02-14,-0.8684,2.8588,0.0318 
2011-02-15,-7.4510,-1.6716,5.0368e-05 
2011-02-16,-4.6381,2.7987,0.0274 
2011-02-17,2.0217,10.7651,0.0053 
2011-02-18,4.1026,13.1347,0.0067 
2011-02-19,-4.3055,3.2964,0.0000 
2011-02-20,-5.2780,-0.1079,5.6400 
2011-02-21,-6.6109,-1.8662,25.0523 
2011-02-22,-10.2239,-6.2850,0.0017 
2011-02-23,-7.3290,-5.0621,0.0538 
2011-02-24,-4.8902,0.9741,2.1655 
2011-02-25,-3.1359,-0.3878,5.6472 
2011-02-26,-6.6400,-1.1442,1.8803 
2011-02-27,-3.3146,0.6965,0.9187 
2011-02-28,-1.5820,1.4351,19.9106 
2011-03-01,-6.5115,1.0528,0.0012 
2011-03-02,-4.7220,2.2168,0.0059 
2011-03-03,-9.4703,-3.3738,0.0084 
2011-03-04,-3.2742,6.1354,2.5370 
2011-03-05,-0.0363,8.9032,27.4007 
2011-03-06,-4.6066,-0.6203,4.9647 
2011-03-07,-9.7876,-3.2980,0.0028 
2011-03-08,-3.7378,1.2408,0.0000 
2011-03-09,0.8360,6.6753,19.7026 
2011-03-10,1.9589,7.7267,3.8628 
2011-03-11,-0.3267,2.6273,10.5418 
2011-03-12,-2.0633,3.7582,0.0269 
2011-03-13,-0.7617,3.2079,0.1571 
2011-03-14,-4.6567,0.9999,0.2174 
2011-03-15,-2.2855,3.0142,0.4355 
2011-03-16,3.2978,10.5414,5.1943 
2011-03-17,5.0705,15.8025,4.8795e-04 
2011-03-18,8.3408,17.3038,0.0000 
2011-03-19,-1.0322,8.8368,0.0000 
2011-03-20,-1.9129,7.4124,0.1112 
2011-03-21,6.1701,12.6009,23.9099 
2011-03-22,-0.6656,9.3044,1.1392 
2011-03-23,-2.2532,2.6019,16.2539 
2011-03-24,-4.6093,-1.6121,0.1336 
2011-03-25,-8.8628,-2.3427,6.4319e-05 
2011-03-26,-8.7176,-2.4714,0.0401 
2011-03-27,-6.7533,-0.2471,6.7087e-04 
2011-03-28,-8.2953,1.3407,0.0000 
2011-03-29,-4.2338,4.2363,0.0000 
2011-03-30,-2.1258,3.5702,0.0015 
2011-03-31,-2.7576,4.8200,0.0073 
2011-04-01,0.3394,6.5132,0.0077 
2011-04-02,1.1283,7.7899,0.1929 
2011-04-03,1.8572,6.8504,3.2681 
2011-04-04,4.4058,16.8932,3.7589 
2011-04-05,0.1590,7.5981,0.2441 
2011-04-06,1.5522,6.8317,16.2509 
2011-04-07,0.1185,8.5867,1.1188 
2011-04-08,3.2698,7.8584,4.7593 
2011-04-09,1.9235,10.7589,6.8814e-04 
2011-04-10,6.7582,24.4310,0.0183 
2011-04-11,13.8314,24.2902,1.9951 
2011-04-12,3.3538,13.2710,4.6305e-04 
2011-04-13,2.5659,16.1989,0.0010 
2011-04-14,4.6891,15.2752,0.0021 
2011-04-15,2.4410,10.8918,0.0131 
2011-04-16,8.1346,13.9391,12.0505 
2011-04-17,2.4052,10.2309,0.8988 
2011-04-18,-1.2185,5.7700,2.8944 
2011-04-19,-0.4315,4.9662,1.0896 
2011-04-20,3.3957,8.0556,14.9758 
2011-04-21,-0.0933,8.8684,0.0399 
2011-04-22,1.8967,7.2170,4.3911 
2011-04-23,6.2909,17.7316,20.9019 
2011-04-24,5.5483,15.6055,0.6572 
2011-04-25,7.4123,12.2030,11.7761 
2011-04-26,7.7424,19.9731,2.3213 
2011-04-27,14.6566,18.3375,13.6803 
2011-04-28,7.7754,16.4639,7.8310 
2011-04-29,3.3275,13.0809,1.7304 
2011-04-30,4.5949,12.7558,0.0000 
2011-05-01,9.1248,19.9303,6.8965 
2011-05-02,7.2417,20.1702,0.0963 
2011-05-03,4.8056,14.2370,3.3925 
2011-05-04,4.1056,12.1734,0.0804 
2011-05-05,6.8728,16.8534,0.0445 
2011-05-06,10.7444,16.5728,4.4523 
2011-05-07,10.9906,15.9428,0.0466 
2011-05-08,8.0495,16.4145,4.4088e-04 
2011-05-09,7.2892,15.9783,8.9225e-06 
2011-05-10,11.1198,17.8749,1.4607 
2011-05-11,12.2548,23.1759,0.0452 
2011-05-12,14.5745,27.6548,2.8849 
2011-05-13,17.8591,25.3179,1.6980 
2011-05-14,14.0733,23.2949,2.1804 
2011-05-15,6.9301,14.7855,31.9828 
2011-05-16,5.2254,6.8601,12.4385 
2011-05-17,6.4619,13.6081,1.3991 
2011-05-18,11.5760,18.3341,7.5850 
2011-05-19,11.9330,18.7707,4.6066 
2011-05-20,13.5264,21.3253,3.3139e-05 
2011-05-21,13.1978,23.2685,0.0393 
2011-05-22,17.4526,27.5099,2.2923 
2011-05-23,17.4452,27.0709,4.7377 
2011-05-24,15.6447,20.9930,3.8210 
2011-05-25,9.2051,18.9097,52.1421 
2011-05-26,9.5318,17.7414,23.6043 
2011-05-27,7.6652,14.6276,1.8956 
2011-05-28,12.1025,19.6453,0.7227 
2011-05-29,16.0599,24.8640,5.8971 
2011-05-30,21.3698,28.6994,0.7037 
2011-05-31,22.0902,30.9371,1.4627e-08 
2011-06-01,21.3054,30.4941,0.0000 
2011-06-02,13.7379,22.4578,0.0021 
2011-06-03,12.5333,20.6036,0.0029 
2011-06-04,15.5397,32.2965,0.0000 
2011-06-05,17.5486,31.2561,0.0044 
2011-06-06,17.3518,27.8054,0.0027 
2011-06-07,20.6478,34.8245,0.0034 
2011-06-08,25.9861,34.3053,0.0649 
2011-06-09,21.6652,33.3217,0.8474 
2011-06-10,12.0443,20.0542,5.3852 
2011-06-11,15.2449,24.1758,0.4358 
2011-06-12,11.5540,24.1473,0.0240 
2011-06-13,12.9228,22.5091,3.9158e-06 
2011-06-14,12.7508,20.2610,0.0000 
2011-06-15,15.7505,21.3395,4.2616e-04 
2011-06-16,15.9791,23.9683,3.7024 
2011-06-17,17.6814,25.4465,0.2137 
2011-06-18,18.2248,25.4914,3.3347e-04 
2011-06-19,17.4300,24.6994,2.5931e-04 
2011-06-20,17.7508,26.4102,0.4777 
2011-06-21,19.2796,28.8045,7.8516 
2011-06-22,19.2942,28.1024,35.0756 
2011-06-23,18.3858,22.3293,4.1297 
2011-06-24,17.1441,21.1679,3.9371 
2011-06-25,14.6285,24.2918,0.0307 
2011-06-26,18.3510,24.1947,1.8673e-07 
2011-06-27,17.3419,24.7363,0.0072 
2011-06-28,19.3522,23.7478,7.5555e-04 
2011-06-29,15.3592,23.7622,9.6139e-04 
2011-06-30,17.5677,25.2140,0.0000 
2011-07-01,19.5236,28.4530,8.8444e-05 
2011-07-02,20.6662,33.6029,7.3323 
2011-07-03,21.1317,32.0563,12.7418 
2011-07-04,20.1132,27.3401,0.0960 
2011-07-05,21.2459,30.9536,0.0000 
2011-07-06,22.7031,30.7099,0.0105 
2011-07-07,19.2082,26.1638,3.6553e-04 
2011-07-08,19.6281,28.4284,0.0016 
2011-07-09,19.7029,28.2884,0.0000 
2011-07-10,22.8544,30.7201,0.0000 
2011-07-11,25.1293,33.3199,11.4588 
2011-07-12,22.5449,32.6604,0.2222 
2011-07-13,17.2663,28.3826,0.0162 
2011-07-14,16.9999,24.2242,5.7095e-04 
2011-07-15,20.2966,27.1637,0.0341 
2011-07-16,21.3276,29.3777,0.0091 
2011-07-17,23.9327,30.9876,0.0000 
2011-07-18,25.1755,34.6516,2.3221 
2011-07-19,21.7271,31.5723,3.4933 
2011-07-20,23.8537,34.0302,9.8021e-04 
2011-07-21,29.2463,36.0518,0.0745 
2011-07-22,24.9621,35.4589,2.8080 
2011-07-23,22.0609,33.2850,1.1405 
2011-07-24,21.6187,29.1249,2.5565 
2011-07-25,20.6663,29.3719,9.5965 
2011-07-26,22.4757,27.7045,3.3658e-04 
2011-07-27,20.5374,26.6713,0.3015 
2011-07-28,21.8891,30.0316,62.4192 
2011-07-29,21.6229,29.8738,12.7403 
2011-07-30,22.2823,28.2330,0.0017 
2011-07-31,24.4647,32.1919,0.0011 
2011-08-01,24.6289,31.7033,0.0684 
2011-08-02,23.6450,30.9575,0.1562 
2011-08-03,22.1517,29.7300,7.6512 
2011-08-04,19.1991,26.2149,0.2130 
2011-08-05,22.0711,27.2585,0.0034 
2011-08-06,21.3187,28.1735,5.1480 
2011-08-07,20.0810,28.1798,3.5973 
2011-08-08,19.3291,25.2839,1.2801 
2011-08-09,18.0694,24.8835,26.9679 
2011-08-10,17.8518,23.0465,0.0542 
2011-08-11,17.0940,25.6975,6.4158e-05 
2011-08-12,20.2443,26.4567,7.9577e-05 
2011-08-13,21.7225,27.1031,0.2950 
2011-08-14,17.9025,24.1648,6.6268 
2011-08-15,17.5307,24.7950,0.3120 
2011-08-16,18.1198,26.3929,0.0000 
2011-08-17,20.8893,26.9925,0.0000 
2011-08-18,22.3269,26.9027,0.8536 
2011-08-19,20.0107,26.6541,0.0286 
2011-08-20,20.7543,28.7134,1.2620 
2011-08-21,18.2917,23.7458,2.7530 
2011-08-22,14.2437,22.5573,0.0466 
2011-08-23,18.8512,25.6889,0.0121 
2011-08-24,18.8186,31.0204,6.6013 
2011-08-25,17.9142,23.8529,3.8665 
2011-08-26,18.0600,23.5012,0.0000 
2011-08-27,18.9941,26.3254,5.9862e-05 
2011-08-28,17.2633,23.3993,0.0000 
2011-08-29,17.2544,23.6281,0.0000 
2011-08-30,18.9064,24.1778,0.0000 
2011-08-31,20.4288,24.8458,0.0364 
2011-09-01,19.6879,31.2614,0.1134 
2011-09-02,24.0345,32.5773,0.0015 
2011-09-03,23.7571,32.2997,0.2192 
2011-09-04,19.3038,31.5711,7.5767 
2011-09-05,14.3814,22.2033,0.0057 
2011-09-06,13.3954,17.5906,0.0331 
2011-09-07,14.5081,17.5484,16.0254 
2011-09-08,15.9126,20.3100,17.3852 
2011-09-09,16.9521,22.2125,1.8061 
2011-09-10,17.4411,22.1833,46.8426 
2011-09-11,17.7881,22.6452,3.8063 
2011-09-12,17.4947,26.2115,0.7452 
2011-09-13,20.4976,25.5820,0.0873 
2011-09-14,13.2824,21.9532,4.8669 
2011-09-15,7.9541,14.0436,3.6132 
2011-09-16,9.5789,13.5578,2.7939e-04 
2011-09-17,13.0228,16.2694,0.0000 
2011-09-18,13.8266,18.3445,0.0000 
2011-09-19,15.8059,18.8343,19.6877 
2011-09-20,14.2757,17.9923,0.2057 
2011-09-21,14.5020,22.3346,0.0188 
2011-09-22,15.0893,19.9992,0.0642 
2011-09-23,12.7066,19.8363,22.3854 
2011-09-24,11.0936,17.0852,0.6872 
2011-09-25,15.3038,20.4794,0.0871 
2011-09-26,16.9110,20.1296,14.7500 
2011-09-27,14.6566,18.3517,1.6666 
2011-09-28,14.7272,17.1056,1.8708 
2011-09-29,11.1201,16.5873,2.9213 
2011-09-30,7.7681,15.2384,4.3839 
2011-10-01,7.4170,10.7520,1.9999 
2011-10-02,7.7759,13.4751,0.1745 
2011-10-03,8.6853,15.2301,0.7365 
2011-10-04,10.8046,20.3391,0.0132 
2011-10-05,16.0766,20.2363,4.8561e-05 
2011-10-06,13.7913,20.5623,4.5628e-05 
2011-10-07,13.8091,22.5457,4.8954e-05 
2011-10-08,15.5173,22.8001,9.7907e-06 
2011-10-09,16.9656,22.8826,0.0000 
2011-10-10,17.5714,21.8887,0.0000 
2011-10-11,15.4102,21.5757,2.7177e-06 
2011-10-12,14.1579,19.6184,6.9498 
2011-10-13,13.5995,16.7630,1.4688 
2011-10-14,11.6453,15.9177,4.8567 
2011-10-15,8.3236,11.6086,1.3480 
2011-10-16,9.2239,15.0193,0.1633 
2011-10-17,8.0744,13.7229,0.0038 
2011-10-18,7.2980,12.5749,0.5208 
2011-10-19,8.3288,12.7333,33.8482 
2011-10-20,6.7018,12.7578,31.3531 
2011-10-21,5.5855,9.8550,0.9412 
2011-10-22,4.7537,11.2342,0.0147 
2011-10-23,7.9042,14.1562,1.6388e-06 
2011-10-24,10.6313,13.8407,3.3938 
2011-10-25,7.9521,15.9082,1.2401 
2011-10-26,9.6024,16.5477,1.9356 
2011-10-27,4.5534,9.1289,3.0041 
2011-10-28,4.4262,8.1038,0.0112 
2011-10-29,5.8734,7.8987,1.4103 
2011-10-30,3.8575,8.6592,0.0287 
2011-10-31,8.2362,9.0075,1.0770 
2011-11-01,6.7544,11.5748,5.6172e-05 
2011-11-02,8.8805,14.9240,0.0000 
2011-11-03,7.9737,14.4027,1.5117e-06 
2011-11-04,5.0228,8.6915,4.9724e-04 
2011-11-05,5.2150,8.2912,4.8068e-04 
2011-11-06,6.7816,13.6651,0.0000 
2011-11-07,10.6209,14.8179,0.2018 
2011-11-08,10.7345,16.9699,2.9113 
2011-11-09,12.5563,16.2317,6.3402 
2011-11-10,4.2296,10.4850,0.8275 
2011-11-11,0.0384,4.7256,2.2517e-06 
2011-11-12,3.6667,13.2069,4.3945e-04 
2011-11-13,10.4978,15.7041,0.0092 
2011-11-14,8.1793,16.4370,12.3301 
2011-11-15,7.1200,10.9470,0.0226 
2011-11-16,4.2200,10.7783,0.0027 
2011-11-17,-0.3334,3.5246,0.1176 
2011-11-18,-2.2415,5.8512,0.0694 
2011-11-19,5.1102,9.7649,1.6615e-04 
2011-11-20,6.1875,14.3168,8.2637e-04 
2011-11-21,0.9148,5.1109,3.1233e-07 
2011-11-22,1.2689,5.0269,13.1106 
2011-11-23,3.0017,6.9195,30.4703 
2011-11-24,2.0475,8.1426,5.2097e-04 
2011-11-25,5.2812,10.9337,5.6378e-04 
2011-11-26,8.4154,13.6802,0.0660 
2011-11-27,6.7690,13.5672,19.6682 
2011-11-28,0.7473,5.7018,2.2783 
2011-11-29,3.7682,5.0987,63.8017 
2011-11-30,-1.1661,3.6699,5.5250 
2011-12-01,-2.0796,2.1372,0.0123 
2011-12-02,-0.9288,2.4794,2.6544 
2011-12-03,1.5398,7.4000,0.3222 
2011-12-04,6.2458,9.9916,9.5289 
2011-12-05,1.3668,9.9708,10.9979 
2011-12-06,0.5778,2.0424,4.5475 
2011-12-07,-4.2793,1.2877,0.0807 
2011-12-08,-4.7030,0.5369,0.0118 
2011-12-09,-2.6299,-0.2818,2.0234 
2011-12-10,-7.8988,-3.1487,0.0081 
2011-12-11,-7.9371,-0.0070,1.4624e-04 
2011-12-12,-2.5392,1.7838,9.5249e-06 
2011-12-13,-0.4003,4.0907,0.1312 
2011-12-14,2.6302,9.0123,11.3251 
2011-12-15,5.9204,14.4429,10.5375 
2011-12-16,-0.5836,5.1123,0.1726 
2011-12-17,-4.1960,-0.0764,1.1239 
2011-12-18,-2.1148,1.5892,0.3239 
2011-12-19,1.0579,8.3887,0.0100 
2011-12-20,-1.2624,6.4422,0.0924 
2011-12-21,1.4811,8.2723,2.0413 
2011-12-22,1.9838,6.1278,0.6478 
2011-12-23,-3.9529,4.0003,1.3433 
2011-12-24,-2.3891,0.4544,0.6073 
2011-12-25,-0.8355,5.6061,0.0041 
2011-12-26,-2.3589,4.2922,3.0481e-08 
2011-12-27,0.2878,3.7273,10.0352 
2011-12-28,-6.1152,0.8779,0.8795 
2011-12-29,-4.9967,2.3941,2.2459 
2011-12-30,-0.6354,5.2539,6.1083 
2011-12-31,2.5752,7.3060,3.6860 
2012-01-01,1.2180,6.6177,1.5781 
2012-01-02,-3.1300,0.5637,0.6168 
2012-01-03,-8.9944,-3.4401,0.1295 
2012-01-04,-7.4784,1.1651,0.0041 
2012-01-05,-2.7460,2.3503,0.0035 
2012-01-06,1.5795,9.8075,0.0042 
2012-01-07,1.5680,7.3179,2.1046e-04 
2012-01-08,-1.3351,3.6047,0.0018 
2012-01-09,-0.9239,4.2597,0.0000 
2012-01-10,0.6211,5.9292,5.2737e-04 
2012-01-11,0.8165,5.6713,0.0057 
2012-01-12,3.5190,4.9149,10.9857 
2012-01-13,-4.8959,3.3867,3.1641 
2012-01-14,-7.5391,-4.9793,1.2120 
2012-01-15,-8.3526,-5.5002,0.2456 
2012-01-16,-5.7246,2.9123,0.1791 
2012-01-17,1.0059,10.0260,22.3708 
2012-01-18,-7.7160,0.2533,1.1297 
2012-01-19,-8.4601,-3.4709,0.5808 
2012-01-20,-14.0825,-9.0670,0.3118 
2012-01-21,-9.6502,-4.2824,3.9022 
2012-01-22,-4.4449,2.0826,0.3526 
2012-01-23,2.6372,10.9866,11.6754 
2012-01-24,-2.0581,3.7533,0.1769 
2012-01-25,-4.3319,-0.0868,0.0282 
2012-01-26,-1.8118,1.2978,1.0293 
2012-01-27,-0.1141,2.5995,8.7772 
2012-01-28,-1.9280,1.5475,1.4726 
2012-01-29,-3.2727,-0.8326,4.4014 
2012-01-30,-6.3796,0.8667,0.1169 
2012-01-31,1.9995,10.2569,0.0178 
2012-02-01,2.3306,11.1360,0.0494 
2012-02-02,0.2328,4.8822,0.0481 
2012-02-03,0.6015,6.4751,0.0036 
2012-02-04,-0.6656,6.1553,0.0069 
2012-02-05,-0.1581,4.9524,0.0038 
2012-02-06,-3.1302,7.5275,6.3204e-05 
2012-02-07,-3.0937,5.9480,0.2490 
2012-02-08,-5.8387,0.7678,1.5065e-04 
2012-02-09,-4.9920,2.9782,8.8324e-04 
2012-02-10,-5.3435,1.3391,0.6229 
2012-02-11,-9.3954,0.0558,8.6042 
2012-02-12,-8.8515,-2.1670,0.0513 
2012-02-13,-6.5505,-0.1427,0.2023 
2012-02-14,-2.8673,0.1838,1.9132 
2012-02-15,-2.8236,2.4744,0.0231 
2012-02-16,1.4075,6.0749,7.0339 
2012-02-17,-1.3322,3.9160,0.0025 
2012-02-18,-0.0573,3.4065,0.0698 
2012-02-19,-5.5979,-0.2872,8.1258e-04 
2012-02-20,-4.8895,0.0225,0.0119 
2012-02-21,-3.0097,6.4988,2.5194 
2012-02-22,0.7474,6.5212,1.3533 
2012-02-23,-0.0102,4.2035,0.9291 
2012-02-24,-0.5744,2.6978,4.9361 
2012-02-25,-3.6573,-0.1212,0.1478 
2012-02-26,-5.7726,1.5085,0.1357 
2012-02-27,0.7078,3.0031,0.0016 
2012-02-28,-3.6128,1.3042,2.2752e-04 
2012-02-29,-0.6592,5.7160,19.8788 
2012-03-01,0.8388,6.9689,2.5886 
2012-03-02,0.7425,6.8166,8.1401 
2012-03-03,-0.7060,12.1842,4.1145 
2012-03-04,-5.8588,0.5234,0.2422 
2012-03-05,-9.4326,-2.0662,0.1653 
2012-03-06,-4.3385,8.3712,0.0012 
2012-03-07,8.2449,16.7571,0.0000 
2012-03-08,5.3605,17.3444,1.9901 
2012-03-09,-0.8290,4.0981,0.0514 
2012-03-10,-6.4555,7.1234,0.0000 
2012-03-11,3.4799,16.3728,0.0000 
2012-03-12,7.8950,15.2137,10.1158 
2012-03-13,9.6054,15.4011,5.9983 
2012-03-14,8.3267,20.8038,9.8576e-07 
2012-03-15,13.7051,24.9240,0.1239 
2012-03-16,13.4618,18.8833,0.3776 
2012-03-17,12.5915,21.8344,0.0016 
2012-03-18,12.8819,21.7790,0.0134 
2012-03-19,12.6923,22.3628,0.0311 
2012-03-20,15.1117,22.2685,1.2835e-07 
2012-03-21,15.7971,24.8835,0.0099 
2012-03-22,15.0699,25.2474,4.6857e-05 
2012-03-23,13.0259,23.7459,0.1273 
2012-03-24,10.4802,18.5803,2.1755 
2012-03-25,11.1752,19.5817,0.5154 
2012-03-26,-0.7674,19.2624,0.0077 
2012-03-27,-1.9246,9.8469,2.4036e-04 
2012-03-28,10.5632,15.9050,0.0028 
2012-03-29,1.4707,11.7149,0.0226 
2012-03-30,-0.6761,5.1524,21.4540 
2012-03-31,-0.3289,6.9681,0.2256 
2012-04-01,2.3192,13.8745,0.0012 
2012-04-02,2.0134,12.3881,0.0000 
2012-04-03,3.4911,16.6604,0.2209 
2012-04-04,4.0084,15.8668,0.0120 
2012-04-05,0.9178,8.8316,0.0092 
2012-04-06,1.1816,10.6713,2.1847e-06 
2012-04-07,2.8762,14.9101,0.0000 
2012-04-08,8.4974,14.1081,0.0177 
2012-04-09,6.7492,13.7272,0.0130 
2012-04-10,2.3868,10.5229,0.0215 
2012-04-11,2.4180,9.5801,0.0611 
2012-04-12,3.4496,10.9724,0.0044 
2012-04-13,4.5597,14.1039,0.0000 
2012-04-14,7.5719,15.7969,1.7065 
2012-04-15,13.6210,22.4101,20.7743 
2012-04-16,15.2158,21.3042,0.0720 
2012-04-17,3.8999,13.7017,5.4150e-06 
2012-04-18,3.9507,13.1886,6.3996e-06 
2012-04-19,8.6975,20.1464,0.0470 
2012-04-20,10.3298,20.3939,1.5950 
2012-04-21,1.6813,10.4871,8.4451 
2012-04-22,2.2635,7.1415,6.2186e-05 
2012-04-23,3.7117,8.9871,0.0000 
2012-04-24,5.9781,13.5245,0.0000 
2012-04-25,5.3921,16.0131,0.0077 
2012-04-26,7.8619,15.6010,0.0862 
2012-04-27,1.7335,10.5690,7.5172e-04 
2012-04-28,2.9083,10.4297,0.0012 
2012-04-29,3.0817,12.8005,0.0000 
2012-04-30,6.1389,10.9759,12.8780 
2012-05-01,9.5748,15.4332,4.9100 
2012-05-02,9.7144,26.5866,0.0720 
2012-05-03,19.4328,29.9593,0.2962 
2012-05-04,16.1777,29.4428,22.2053 
2012-05-05,11.3060,18.4105,0.0126 
2012-05-06,8.9052,18.5714,0.0000 
2012-05-07,10.1615,19.6210,18.0821 
2012-05-08,14.0276,20.4526,1.9385 
2012-05-09,11.8067,19.0136,3.0725 
2012-05-10,6.6633,15.6448,0.4910 
2012-05-11,10.4181,22.2038,0.0000 
2012-05-12,14.4540,23.5830,0.2505 
2012-05-13,11.9142,20.8818,1.0146 
2012-05-14,13.0302,21.1654,0.0051 
2012-05-15,16.4900,25.6305,2.6442e-04 
2012-05-16,10.6959,25.1530,3.1836 
2012-05-17,10.2445,16.1134,0.0000 
2012-05-18,11.5966,20.6634,9.6511e-04 
2012-05-19,15.2259,26.1461,0.0000 
2012-05-20,19.6081,28.0896,0.0021 
2012-05-21,20.4141,27.4145,0.3007 
2012-05-22,12.4100,20.3344,0.6156 
2012-05-23,12.2047,21.8355,5.9311e-08 
2012-05-24,16.6216,27.0547,0.0000 
2012-05-25,21.9811,29.4576,2.5843e-04 
2012-05-26,17.6194,27.2786,4.0357 
2012-05-27,16.6607,29.7883,1.5450 
2012-05-28,22.5475,31.3576,0.1078 
2012-05-29,23.2626,31.2021,3.1604 
2012-05-30,16.1231,25.9526,0.0011 
2012-05-31,9.7840,17.5517,0.0364 
2012-06-01,11.2165,17.2166,16.6937 
2012-06-02,7.7467,20.1196,0.9441 
2012-06-03,17.1171,23.3384,0.3405 
2012-06-04,12.1751,22.5182,0.2222 
2012-06-05,11.5118,17.2254,1.8754 
2012-06-06,12.9770,22.6798,0.0245 
2012-06-07,14.7924,24.7826,0.5657 
2012-06-08,17.0906,28.4696,0.0071 
2012-06-09,22.0961,30.5454,0.0185 
2012-06-10,23.1327,30.2561,0.0000 
2012-06-11,22.7959,30.0658,1.6890 
2012-06-12,21.0749,24.7839,0.3289 
2012-06-13,11.3688,22.8770,0.0000 
2012-06-14,14.2542,22.3559,0.0000 
2012-06-15,17.4792,27.2632,0.0000 
2012-06-16,20.4322,28.0368,0.0000 
2012-06-17,20.2607,27.8980,3.5772 
2012-06-18,19.1902,30.2964,3.6574 
2012-06-19,24.2928,33.2956,0.2235 
2012-06-20,25.7314,33.1111,0.0000 
2012-06-21,25.1753,31.9863,1.9435 
2012-06-22,21.1667,26.0262,3.2828 
2012-06-23,17.8853,24.7742,0.0695 
2012-06-24,20.4677,27.0830,1.3123 
2012-06-25,15.3195,22.3713,0.7786 
2012-06-26,15.1985,25.6051,6.0717e-04 
2012-06-27,20.3305,30.7886,1.2143e-04 
2012-06-28,22.2726,35.8980,0.0022 
2012-06-29,25.6778,33.6982,0.2761 
2012-06-30,22.6031,32.4044,9.7152e-04 
2012-07-01,21.7274,31.4304,0.0512 
2012-07-02,22.3678,30.6982,0.0294 
2012-07-03,24.6814,33.5157,38.0897 
2012-07-04,24.1783,33.5215,22.1574 
2012-07-05,24.4444,33.7868,7.5741 
2012-07-06,25.5477,32.5093,0.0031 
2012-07-07,27.4262,33.1093,0.0727 
2012-07-08,20.4083,27.7068,0.1085 
2012-07-09,18.8644,25.5154,0.0108 
2012-07-10,18.5839,25.0303,0.0027 
2012-07-11,19.2039,26.4766,7.0662e-04 
2012-07-12,22.0861,29.1822,2.1656e-04 
2012-07-13,24.2842,30.2845,0.0016 
2012-07-14,21.8124,29.4648,0.0011 
2012-07-15,22.7280,30.1034,1.1873 
2012-07-16,23.1811,31.0663,0.2214 
2012-07-17,26.8288,35.6185,1.5897e-04 
2012-07-18,24.1271,35.4198,1.0280 
2012-07-19,19.4424,27.1872,28.5180 
2012-07-20,17.6049,22.3013,1.2596 
2012-07-21,18.5588,27.5216,0.0049 
2012-07-22,23.8671,30.1685,0.0302 
2012-07-23,24.7095,34.0635,0.0674 
2012-07-24,23.0361,33.3850,9.7568e-04 
2012-07-25,19.6859,27.9394,0.0028 
2012-07-26,21.5036,30.8427,8.3422 
2012-07-27,18.0937,23.8639,5.3990 
2012-07-28,18.4080,25.3766,2.1321 
2012-07-29,19.0914,25.9663,0.0045 
2012-07-30,22.1736,28.4795,0.0000 
2012-07-31,21.2014,28.2814,0.7321 
2012-08-01,20.4295,26.6832,0.0073 
2012-08-02,22.1986,29.2307,0.0181 
2012-08-03,22.3581,31.1493,0.0164 
2012-08-04,24.4918,30.7364,0.0452 
2012-08-05,21.5570,27.3843,8.1582 
2012-08-06,17.5308,25.0362,0.0012 
2012-08-07,21.1827,30.5501,9.9191e-09 
2012-08-08,22.1240,30.1684,0.2862 
2012-08-09,20.1665,25.6445,27.2036 
2012-08-10,17.0719,21.1061,14.3206 
2012-08-11,16.2946,20.7842,0.9991 
2012-08-12,15.0516,24.0380,0.0144 
2012-08-13,20.1936,24.1290,0.9266 
2012-08-14,16.9925,23.7434,20.6267 
2012-08-15,18.6763,23.0003,0.0314 
2012-08-16,19.8148,26.7192,0.0507 
2012-08-17,17.7505,22.2683,0.5434 
2012-08-18,14.6861,21.2832,0.0000 
2012-08-19,17.9427,22.2341,0.0024 
2012-08-20,16.5057,21.6588,0.0050 
2012-08-21,18.8205,22.2665,2.1534 
2012-08-22,19.0255,24.0946,0.3069 
2012-08-23,20.0177,26.0362,2.3840e-05 
2012-08-24,21.2052,27.6047,0.0028 
2012-08-25,22.9210,28.9490,0.0000 
2012-08-26,22.1558,28.1088,5.5438e-04 
2012-08-27,21.2309,26.9843,6.7704 
2012-08-28,17.3661,25.5335,0.0297 
2012-08-29,16.9221,23.4726,8.0647e-05 
2012-08-30,18.9376,25.9771,1.3529e-04 
2012-08-31,21.2104,32.5964,0.0000 
2012-09-01,20.0788,31.5654,0.0000 
2012-09-02,20.9746,25.6754,0.0644 
2012-09-03,21.4860,28.1818,8.2294e-04 
2012-09-04,21.0167,27.5427,19.8340 
2012-09-05,21.0245,24.9130,0.3648 
2012-09-06,17.9912,24.7169,0.0848 
2012-09-07,20.3355,24.4091,0.0049 
2012-09-08,14.3909,21.1020,10.9219 
2012-09-09,14.0315,18.8341,0.0470 
2012-09-10,13.5669,20.8906,0.0030 
2012-09-11,16.2929,22.9641,0.0025 
2012-09-12,18.2238,25.2064,4.8605e-04 
2012-09-13,19.3072,26.7327,2.4448e-05 
2012-09-14,12.3276,25.9369,11.4565 
2012-09-15,13.7063,19.4800,0.0010 
2012-09-16,15.9922,23.1633,0.0018 
2012-09-17,17.1531,22.9087,0.0022 
2012-09-18,14.1396,22.1871,6.3602 
2012-09-19,7.7519,16.0225,0.1463 
2012-09-20,13.9254,20.7521,3.7414 
2012-09-21,14.2877,20.3522,0.0190 
2012-09-22,10.1379,15.4581,3.2892 
2012-09-23,7.3057,12.4191,0.0592 
2012-09-24,6.5688,15.1260,0.0118 
2012-09-25,11.4133,19.4692,0.0066 
2012-09-26,14.4540,20.3544,0.0463 
2012-09-27,10.8753,17.1379,4.9951e-04 
2012-09-28,11.9426,17.7967,0.0037 
2012-09-29,13.0166,17.5823,3.7961e-04 
2012-09-30,10.3818,17.1287,9.1272e-05 
2012-10-01,10.5102,15.0853,0.0303 
2012-10-02,13.2269,18.9620,1.6276 
2012-10-03,15.2402,18.3901,0.4224 
2012-10-04,13.0078,22.1570,0.0075 
2012-10-05,8.3920,21.4328,1.9474 
2012-10-06,5.3383,9.7327,4.5303 
2012-10-07,4.2155,9.0796,0.0127 
2012-10-08,4.5397,9.4517,0.1465 
2012-10-09,7.2741,13.6077,0.0048 
2012-10-10,6.3623,13.3813,2.7132 
2012-10-11,3.6963,13.7189,0.0000 
2012-10-12,4.3181,13.2328,0.3041 
2012-10-13,7.4795,16.2098,3.4300 
2012-10-14,15.0939,19.7780,17.5500 
2012-10-15,8.6551,16.5627,2.3287 
2012-10-16,4.8843,10.6849,0.0110 
2012-10-17,10.6706,19.7857,0.9504 
2012-10-18,11.5773,19.4418,4.7126 
2012-10-19,9.3858,12.6210,1.4536 
2012-10-20,7.4258,11.5953,4.2916 
2012-10-21,6.5402,13.4420,0.1917 
2012-10-22,10.8701,18.2583,0.0000 
2012-10-23,15.6078,18.7463,7.9353 
2012-10-24,14.4596,20.6603,1.0408 
2012-10-25,15.0727,21.0374,3.1545e-05 
2012-10-26,8.2061,20.8325,3.2506 
2012-10-27,6.5886,9.7077,0.1352 
2012-10-28,5.8717,7.9779,0.0655 
2012-10-29,5.1492,6.7283,2.1892 
2012-10-30,4.4456,7.9329,9.4019 
2012-10-31,4.8680,7.6365,1.4533 
2012-11-01,4.5642,8.0241,0.5218 
2012-11-02,1.5386,6.8623,0.0724 
2012-11-03,-0.0098,5.7943,0.0651 
2012-11-04,0.4454,4.8185,0.0112 
2012-11-05,-0.5792,4.2059,0.0332 
2012-11-06,2.0096,4.4846,0.0043 
2012-11-07,1.8406,6.5712,3.5433e-04 
2012-11-08,1.8844,7.7762,0.0044 
2012-11-09,2.8235,10.2318,0.0847 
2012-11-10,7.3309,14.5162,0.5709 
2012-11-11,11.8611,16.3061,0.0126 
2012-11-12,2.2638,16.2168,3.9003 
2012-11-13,-1.0172,2.3540,0.0342 
2012-11-14,0.5386,3.3820,0.0016 
2012-11-15,2.6321,4.9856,0.0000 
2012-11-16,3.6135,7.8012,1.7301e-04 
2012-11-17,4.5196,8.9606,0.0021 
2012-11-18,5.5054,8.8372,0.0061 
2012-11-19,5.8889,9.7100,8.2901e-04 
2012-11-20,6.9024,10.6382,6.8606e-04 
2012-11-21,6.4841,13.0642,0.0015 
2012-11-22,6.7550,14.4449,0.0013 
2012-11-23,2.0181,13.8969,4.7692 
2012-11-24,-0.8725,2.1860,0.1794 
2012-11-25,-4.2026,3.3268,0.9613 
2012-11-26,-1.9322,2.7038,0.0356 
2012-11-27,-4.8347,0.4906,0.0000 
2012-11-28,-2.1659,3.3668,0.0036 
2012-11-29,-1.0109,6.8003,3.5062e-07 
2012-11-30,2.0385,5.4485,0.1543 
2012-12-01,2.0338,11.5976,0.0414 
2012-12-02,11.8034,14.6876,5.3335 
2012-12-03,7.2172,15.1439,0.2214 
2012-12-04,8.2664,16.4140,6.1243 
2012-12-05,-1.6590,8.2371,0.0102 
2012-12-06,-0.0814,3.0873,0.0023 
2012-12-07,2.9280,6.7013,2.1654 
2012-12-08,2.1034,5.7786,4.2182 
2012-12-09,-0.4410,3.5927,2.9616 
2012-12-10,0.3895,7.3126,1.4837 
2012-12-11,-3.9926,0.1587,0.3314 
2012-12-12,-3.3876,3.5573,5.8964e-04 
2012-12-13,-0.4283,4.5895,4.8108e-05 
2012-12-14,0.3888,5.6917,0.0027 
2012-12-15,2.8687,5.5139,0.1313 
2012-12-16,5.2953,11.5122,8.7652 
2012-12-17,3.9681,9.1186,0.0316 
2012-12-18,1.0885,4.4432,0.0603 
2012-12-19,0.9718,5.4527,0.8140 
2012-12-20,2.6378,8.3864,10.9793 
2012-12-21,-1.6198,8.5736,8.1237 
2012-12-22,-2.5601,-0.1003,0.1486 
2012-12-23,-6.6719,0.3275,0.0015 
2012-12-24,-3.4817,-0.2301,1.7480 
2012-12-25,-3.2789,0.6271,0.5439 
2012-12-26,-2.8150,0.1602,6.9498 
2012-12-27,-2.6136,-0.3352,8.6575 
2012-12-28,-5.5838,-2.3283,0.2575 
2012-12-29,-2.8862,-0.9366,4.6662 
2012-12-30,-6.6392,-1.7222,0.3516 
2012-12-31,-5.7711,0.5569,0.1425 
2013-01-01,-7.1087,0.4313,0.0920 
2013-01-02,-11.4186,-5.3999,0.0027 
2013-01-03,-10.7371,-1.2437,0.0859 
2013-01-04,-5.5013,-1.1377,0.1400 
2013-01-05,-6.4788,-1.1011,0.0000 
2013-01-06,-2.3791,0.7048,2.8057 
2013-01-07,-4.7573,0.3082,0.1047 
2013-01-08,-4.0021,-0.1326,0.0000 
2013-01-09,-0.4583,2.5097,0.1015 
2013-01-10,-1.9720,1.6681,2.7426e-04 
2013-01-11,0.4073,13.2022,15.0332 
2013-01-12,8.0715,12.4227,0.0160 
2013-01-13,3.3213,11.3352,23.7106 
2013-01-14,-6.4446,4.0770,1.4498 
2013-01-15,-6.5963,-3.2240,8.8783e-05 
2013-01-16,-4.9944,0.2272,3.2944e-04 
2013-01-17,-3.3737,0.8105,0.0419 
2013-01-18,-9.6962,0.1772,0.1159 
2013-01-19,0.9384,6.3936,0.0292 
2013-01-20,-6.5944,7.5375,0.0869 
2013-01-21,-11.7420,-6.8349,0.6123 
2013-01-22,-16.0486,-11.1715,0.0990 
2013-01-23,-16.3053,-9.5122,0.2414 
2013-01-24,-12.7019,-8.4170,1.1033 
2013-01-25,-11.0815,-7.4039,1.9070 
2013-01-26,-8.2845,-4.0210,1.6413 
2013-01-27,-7.4679,-3.6448,0.1198 
2013-01-28,-3.3245,4.5874,15.5342 
2013-01-29,1.2717,13.2941,13.0609 
2013-01-30,10.9846,15.1637,8.3600 
2013-01-31,-5.8363,10.4494,3.5686 
2013-02-01,-9.6961,-6.2576,0.2999 
2013-02-02,-13.2435,-6.0586,4.3681 
2013-02-03,-11.2096,-6.4291,1.0375 
2013-02-04,-13.3754,-7.1506,2.1901 
2013-02-05,-9.9747,-4.9212,0.3299 
2013-02-06,-10.9244,-3.5733,0.3948 
2013-02-07,-7.9709,-1.3679,0.1051 
2013-02-08,-4.3539,0.0513,5.9964 
2013-02-09,-8.5207,-4.7433,0.3389 
2013-02-10,-9.4867,3.3090,0.0125 
2013-02-11,1.1579,8.1738,2.4027 
2013-02-12,-2.2615,1.0071,0.0848 
2013-02-13,-6.0095,2.4312,0.0550 
2013-02-14,-2.8380,5.4631,0.9114 
2013-02-15,-3.6951,4.5560,0.4895 
2013-02-16,-8.0754,-3.7534,3.1462 
2013-02-17,-11.9902,-5.2764,0.7375 
2013-02-18,-9.8745,2.7795,0.0117 
2013-02-19,-4.2066,5.6981,3.5520 
2013-02-20,-8.8155,-4.0306,0.1088 
2013-02-21,-10.5362,-3.9973,0.3045 
2013-02-22,-8.5389,2.3485,8.1434 
2013-02-23,-4.0159,1.9646,0.2286 
2013-02-24,-5.8365,0.9690,0.4764 
2013-02-25,-3.4789,0.5177,0.0054 
2013-02-26,-3.7363,1.1753,5.5384 
2013-02-27,0.2953,2.8748,22.1167 
2013-02-28,-0.8318,1.0203,3.3227 
2013-03-01,-3.9764,-0.2562,0.2728 
2013-03-02,-6.6648,-2.4334,0.3559 
2013-03-03,-9.3232,-2.9787,0.1114 
2013-03-04,-11.4118,-1.1179,0.0186 
2013-03-05,-7.1509,0.0061,1.4153e-04 
2013-03-06,-2.5312,4.4249,0.0149 
2013-03-07,-1.5826,3.6006,0.5047 
2013-03-08,-5.7473,3.9890,0.0332 
2013-03-09,-0.1348,3.9165,0.0071 
2013-03-10,1.6973,14.3239,0.4037 
2013-03-11,9.0585,13.5390,6.8591 
2013-03-12,0.7579,8.5542,0.8858 
2013-03-13,-3.1368,1.7853,0.7833 
2013-03-14,-6.1119,2.4883,0.0110 
2013-03-15,-3.0256,4.3120,1.1194 
2013-03-16,-3.7887,3.4575,5.7694 
2013-03-17,-7.3216,-2.0727,0.1289 
2013-03-18,-6.2805,2.2109,1.8265 
2013-03-19,-5.9822,2.9941,0.4194 
2013-03-20,-6.0401,-2.7156,0.1081 
2013-03-21,-9.7774,0.2205,0.1534 
2013-03-22,-5.9155,2.3949,0.0304 
2013-03-23,-3.1998,3.8675,0.0187 
2013-03-24,-3.5208,3.7358,6.3777e-04 
2013-03-25,-1.0137,2.7224,0.5712 
2013-03-26,-0.4734,5.2414,0.0128 
2013-03-27,-1.3660,6.3492,0.0311 
2013-03-28,0.1659,8.9611,0.0109 
2013-03-29,-0.7766,9.2900,8.1791e-05 
2013-03-30,2.3160,11.7121,0.0585 
2013-03-31,5.3101,14.0397,0.5806 
2013-04-01,-2.0030,12.6634,0.1203 
2013-04-02,-5.3364,3.4606,0.1092 
2013-04-03,-5.4961,4.1494,7.0606e-05 
2013-04-04,-1.4760,11.0163,0.0000 
2013-04-05,0.5228,10.5832,0.0084 
2013-04-06,-1.0658,8.8557,0.0218 
2013-04-07,9.2265,16.5462,0.1010 
2013-04-08,2.3651,13.9377,1.9045 
2013-04-09,2.5174,15.4339,0.4721 
2013-04-10,4.0792,10.6758,18.7798 
2013-04-11,2.1774,5.8131,21.6853 
2013-04-12,3.3587,7.8493,20.8808 
2013-04-13,1.6407,5.2091,0.9233 
2013-04-14,0.8094,6.8190,0.1458 
2013-04-15,5.3080,19.5037,0.0011 
2013-04-16,8.1777,19.2646,6.1637 
2013-04-17,4.6244,12.1061,0.1085 
2013-04-18,10.1089,24.1097,32.0983 
2013-04-19,3.6525,22.0075,7.5377 
2013-04-20,-0.9096,4.6798,0.3743 
2013-04-21,-0.0891,5.3411,6.8342e-04 
2013-04-22,2.9051,14.3895,2.9652e-04 
2013-04-23,7.4889,20.5857,0.1806 
2013-04-24,1.1124,19.5337,17.5845 
2013-04-25,0.5124,8.6483,3.3809 
2013-04-26,3.8440,11.7099,0.0242 
2013-04-27,6.6108,16.9882,1.7404e-05 
2013-04-28,8.9741,16.6191,5.4472 
2013-04-29,11.0457,18.0095,1.7548 
2013-04-30,11.6642,22.7685,0.1143 
2013-05-01,14.2119,24.2645,0.0021 
2013-05-02,14.1951,23.7720,0.0000 
2013-05-03,15.4493,21.6804,4.9263e-05 
2013-05-04,13.5828,21.2850,3.0204e-05 
2013-05-05,12.2761,19.7098,0.0000 
2013-05-06,11.0694,19.9983,0.0000 
2013-05-07,13.9967,21.7430,4.8446e-04 
2013-05-08,14.4150,22.6169,0.0450 
2013-05-09,17.1116,23.3800,0.0708 
2013-05-10,15.3643,22.9425,5.9125 
2013-05-11,4.6052,16.4983,0.1490 
2013-05-12,4.1824,9.7646,0.4626 
2013-05-13,0.6960,10.4354,0.0048 
2013-05-14,7.9891,23.1359,0.0244 
2013-05-15,16.1924,25.4949,0.0377 
2013-05-16,15.4126,24.7485,6.5578e-04 
2013-05-17,10.1965,23.4624,4.0032e-04 
2013-05-18,13.4409,22.2330,6.1743e-04 
2013-05-19,13.9296,27.0872,0.0024 
2013-05-20,18.2062,29.6969,0.0037 
2013-05-21,20.1268,27.6945,0.0505 
2013-05-22,18.3914,27.0682,2.4579 
2013-05-23,4.7862,25.3972,3.6614 
2013-05-24,4.1221,10.6846,0.4271 
2013-05-25,5.9690,14.8929,3.1942e-04 
2013-05-26,8.1503,16.7751,0.0000 
2013-05-27,9.9408,15.0691,0.7693 
2013-05-28,10.5669,23.5443,42.7317 
2013-05-29,18.3659,26.4594,0.1956 
2013-05-30,19.6822,28.3007,3.1283 
2013-05-31,20.6624,27.1786,4.3312 
2013-06-01,19.1899,24.5306,5.0299 
2013-06-02,17.4012,21.8476,1.2333 
2013-06-03,7.7545,18.9174,3.1108e-04 
2013-06-04,10.7525,18.6091,9.3366e-04 
2013-06-05,11.0725,19.8189,0.0013 
2013-06-06,12.5913,19.6074,0.0365 
2013-06-07,11.5389,18.4587,0.0193 
2013-06-08,11.0706,19.6217,4.0660e-04 
2013-06-09,15.3370,22.1753,0.0123 
2013-06-10,17.6858,20.3946,23.0681 
2013-06-11,16.6511,24.8593,1.8247 
2013-06-12,17.5153,25.2221,0.2845 
2013-06-13,14.7200,22.8677,25.1060 
2013-06-14,12.7224,19.8853,0.0067 
2013-06-15,13.9439,24.3618,0.0725 
2013-06-16,16.8879,26.6231,2.7036 
2013-06-17,18.7078,26.9309,5.0307 
2013-06-18,13.9975,18.9697,8.3006 
2013-06-19,11.7597,20.1850,0.0000 
2013-06-20,15.7188,23.3424,0.0000 
2013-06-21,18.9561,28.2169,0.0044 
2013-06-22,21.3295,31.1074,0.1586 
2013-06-23,21.9302,30.5974,0.0483 
2013-06-24,23.0069,29.9933,0.0465 
2013-06-25,20.6427,29.8579,3.7323 
2013-06-26,19.2926,28.1549,5.9971 
2013-06-27,20.0130,28.1520,8.8406 
2013-06-28,18.4614,25.5495,16.3046 
2013-06-29,16.4959,20.4391,2.9900 
2013-06-30,15.9915,21.2365,0.0041 
2013-07-01,18.2438,23.1350,3.5736 
2013-07-02,17.4477,23.9029,1.1417 
2013-07-03,17.8544,27.1030,0.0771 
2013-07-04,18.7992,26.1380,0.1038 
2013-07-05,19.9633,26.2838,4.8144 
2013-07-06,21.4239,27.3196,0.6190 
2013-07-07,19.7061,26.0560,6.1694 
2013-07-08,21.5108,29.0506,2.7522 
2013-07-09,20.5496,27.9791,26.5881 
2013-07-10,20.6870,27.6377,6.3666 
2013-07-11,17.5442,25.5182,5.6148e-04 
2013-07-12,15.4998,24.1787,0.0199 
2013-07-13,19.3925,25.6781,0.0011 
2013-07-14,21.4458,28.2939,9.4747e-04 
2013-07-15,23.6590,30.0564,0.4754 
2013-07-16,24.5759,31.0930,4.7666 
2013-07-17,26.3458,32.6816,0.0733 
2013-07-18,25.7185,33.4013,4.8863 
2013-07-19,25.7235,33.1056,0.8831 
2013-07-20,21.4401,31.0401,19.6309 
2013-07-21,19.8145,25.2329,0.0352 
2013-07-22,21.2056,26.5869,0.1928 
2013-07-23,20.6826,24.9561,2.6196 
2013-07-24,14.2857,23.0646,4.9652e-04 
2013-07-25,16.2204,21.8343,0.0000 
2013-07-26,19.4481,23.3179,0.0050 
2013-07-27,17.6922,23.2182,7.5739 
2013-07-28,12.1794,17.1248,0.4043 
2013-07-29,13.8289,20.9013,0.1038 
2013-07-30,16.6081,23.3046,2.7535e-04 
2013-07-31,19.7550,24.4191,1.2571 
2013-08-01,17.4373,23.3133,7.4466 
2013-08-02,17.4184,22.9641,0.1106 
2013-08-03,16.4242,23.6443,0.0021 
2013-08-04,13.8935,22.8452,0.1362 
2013-08-05,16.6570,21.5397,0.1418 
2013-08-06,18.5768,25.3159,0.3113 
2013-08-07,20.1250,26.9865,0.0591 
2013-08-08,17.4603,24.7816,0.5803 
2013-08-09,17.0482,25.9138,0.0369 
2013-08-10,17.6723,25.6632,0.0777 
2013-08-11,18.6973,23.2221,0.1204 
2013-08-12,17.0898,22.5296,9.9588 
2013-08-13,13.8238,18.1745,7.5029 
2013-08-14,11.7591,19.4551,3.5549e-06 
2013-08-15,14.7821,21.0057,2.7999e-05 
2013-08-16,18.4025,23.7763,0.0153 
2013-08-17,18.9486,24.1390,0.0534 
2013-08-18,19.4157,24.8951,0.0859 
2013-08-19,19.9769,26.8894,0.0761 
2013-08-20,21.6034,28.1990,0.0000 
2013-08-21,22.6357,28.8008,0.0000 
2013-08-22,20.1683,28.5017,0.0443 
2013-08-23,18.7927,27.1822,0.0012 
2013-08-24,18.1771,24.5498,5.1449e-05 
2013-08-25,20.1182,29.3280,3.8151e-04 
2013-08-26,22.8373,32.1942,0.1123 
2013-08-27,23.7401,31.2127,4.4170 
2013-08-28,21.3685,30.0121,4.3401 
2013-08-29,19.8944,27.4585,9.9313e-05 
2013-08-30,22.4837,29.2713,2.4716e-05 
2013-08-31,19.8852,29.0982,19.2735 
2013-09-01,19.7267,25.1744,0.3278 
2013-09-02,20.1872,25.2223,0.2095 
2013-09-03,14.1416,22.2771,0.0345 
2013-09-04,15.1794,26.0439,0.0045 
2013-09-05,13.3196,25.3749,0.0068 
2013-09-06,14.5458,21.3517,0.0000 
2013-09-07,18.0770,26.6581,0.2980 
2013-09-08,17.0254,25.6317,0.5156 
2013-09-09,18.0126,26.7110,0.0742 
2013-09-10,24.2471,31.9749,0.0075 
2013-09-11,25.1779,31.5095,7.2481 
2013-09-12,18.4526,30.1756,6.8252 
2013-09-13,12.7106,16.6204,4.1871 
2013-09-14,9.8278,18.5542,0.0012 
2013-09-15,14.4936,17.9779,0.5689 
2013-09-16,11.3202,14.7265,0.6262 
2013-09-17,11.5961,17.4310,0.0038 
2013-09-18,15.6663,21.4018,0.0000 
2013-09-19,16.5562,26.4980,0.0051 
2013-09-20,19.6342,26.2578,11.8905 
2013-09-21,15.3175,20.6422,17.0599 
2013-09-22,8.7616,16.0514,0.0044 
2013-09-23,10.1841,14.5315,0.0071 
2013-09-24,12.9112,16.7286,6.1479e-04 
2013-09-25,13.8148,19.1906,5.7624e-05 
2013-09-26,14.3662,21.2823,9.6985e-05 
2013-09-27,15.6642,19.9077,0.0056 
2013-09-28,15.8805,22.3657,1.7095e-05 
2013-09-29,16.5437,21.6869,3.0124 
2013-09-30,15.4752,18.8288,1.9811 
2013-10-01,14.8845,23.0711,0.0152 
2013-10-02,17.1203,22.3262,0.0035 
2013-10-03,17.5691,23.5268,0.0231 
2013-10-04,18.6359,26.0025,0.4991 
2013-10-05,17.4175,24.9233,2.1421 
2013-10-06,16.6204,23.5597,7.8922 
2013-10-07,7.3906,16.0967,3.3971 
2013-10-08,11.5067,16.2579,0.1541 
2013-10-09,14.1296,17.4006,0.0468 
2013-10-10,14.1564,17.7681,0.0353 
2013-10-11,13.6886,18.8136,0.0156 
2013-10-12,15.0269,20.9211,5.3644e-04 
2013-10-13,13.7796,19.3811,2.0217e-04 
2013-10-14,9.3324,15.6850,0.0000 
2013-10-15,12.6650,18.4330,0.0849 
2013-10-16,14.3850,18.7676,1.5594 
2013-10-17,8.8182,13.8719,1.6486 
2013-10-18,8.2546,14.5193,0.4810 
2013-10-19,6.4953,13.2540,3.8409 
2013-10-20,4.2112,12.6533,0.4375 
2013-10-21,10.6741,12.9943,1.0930 
2013-10-22,3.7244,10.3880,0.7817 
2013-10-23,2.4054,7.7056,0.0036 
2013-10-24,0.4992,7.1604,0.0407 
2013-10-25,1.3592,7.7558,0.0032 
2013-10-26,4.5382,9.5459,0.5536 
2013-10-27,2.4854,9.5806,0.3035 
2013-10-28,3.6366,9.2845,0.0034 
2013-10-29,3.5308,8.7258,4.9511e-05 
2013-10-30,8.3667,14.0717,0.0000 
2013-10-31,11.0272,16.0994,27.8660 
2013-11-01,7.2522,16.6521,10.1419 
2013-11-02,5.7824,8.1020,6.5519 
2013-11-03,2.2090,5.4147,0.0421 
2013-11-04,4.2115,7.4523,0.0196 
2013-11-05,7.7887,14.0456,0.0019 
2013-11-06,10.1073,13.7504,2.8205 
2013-11-07,2.9618,13.2588,0.9597 
2013-11-08,0.0107,5.7420,0.7066 
2013-11-09,3.9335,12.1763,0.0174 
2013-11-10,4.7532,11.8158,0.0665 
2013-11-11,0.2054,6.7186,3.8910 
2013-11-12,-3.2426,-0.1174,0.9555 
2013-11-13,-5.8269,0.9438,1.8845e-04 
2013-11-14,-0.3027,6.0902,0.0000 
2013-11-15,4.5751,8.2750,0.0000 
2013-11-16,3.9882,11.8011,0.0239 
2013-11-17,11.9616,16.0991,8.7880 
2013-11-18,1.9284,15.6189,8.0127 
2013-11-19,-1.1067,3.3680,8.1625e-05 
2013-11-20,1.2281,5.6323,0.0000 
2013-11-21,4.4555,8.3309,1.2787 
2013-11-22,1.4849,7.1977,7.9943 
2013-11-23,-4.9319,1.0051,0.1247 
2013-11-24,-8.1926,-4.8737,0.0012 
2013-11-25,-7.0180,-0.5357,0.0217 
2013-11-26,-1.2127,1.3344,0.2500 
2013-11-27,-6.3834,1.1582,0.2824 
2013-11-28,-7.4344,-2.2766,0.9357 
2013-11-29,-4.6758,-0.9802,0.0150 
2013-11-30,-1.3250,3.8602,2.1620e-06 
2013-12-01,0.7229,6.8466,0.0649 
2013-12-02,-2.4889,3.7886,0.0265 
2013-12-03,-0.2317,4.3916,1.9484 
2013-12-04,4.0345,10.6443,0.6942 
2013-12-05,1.1828,14.4689,0.0756 
2013-12-06,-4.2219,0.3497,1.0106e-05 
2013-12-07,-8.5385,-4.0818,0.0321 
2013-12-08,-8.9131,-1.8774,0.2516 
2013-12-09,-3.0096,0.4138,1.6710 
2013-12-10,-9.0415,-3.5910,0.2004 
2013-12-11,-7.3801,-4.9506,0.5302 
2013-12-12,-14.0010,-8.1766,0.1159 
2013-12-13,-8.4814,-4.0133,0.2092 
2013-12-14,-6.7539,-2.4849,18.3124 
2013-12-15,-7.2874,-2.6377,7.0729 
2013-12-16,-11.9062,-7.2696,0.6029 
2013-12-17,-10.4982,-4.5911,2.7053 
2013-12-18,-6.5902,-1.6786,0.6950 
2013-12-19,-5.3220,2.4390,0.0087 
2013-12-20,0.3037,2.4062,3.7075 
2013-12-21,-0.1216,0.8248,11.7811 
2013-12-22,-0.0503,3.7381,24.4668 
2013-12-23,-4.8845,1.5967,1.1003 
2013-12-24,-11.0837,-2.7272,0.6727 
2013-12-25,-11.8077,-5.1932,2.3693 
2013-12-26,-5.0851,-2.8306,3.1653 
2013-12-27,-5.7967,-0.0614,0.7688 
2013-12-28,0.2253,3.3132,2.2970e-04 
2013-12-29,0.2981,3.5516,0.0940 
2013-12-30,-12.6203,-0.8693,0.3096 
2013-12-31,-9.6851,-7.9378,3.0367 
2014-01-01,-11.6664,-8.0804,8.2657 
2014-01-02,-12.1208,-8.6488,9.5557 
2014-01-03,-17.8479,-10.0992,0.7628 
2014-01-04,-16.4228,-2.5468,0.0287 
2014-01-05,-3.1009,-1.2584,12.7483 
2014-01-06,-15.7070,-1.5356,12.1642 
2014-01-07,-20.7977,-16.1364,0.0342 
2014-01-08,-21.3148,-13.0857,0.0674 
2014-01-09,-15.5921,-9.6348,0.0170 
2014-01-10,-9.0487,1.9443,1.2553 
2014-01-11,1.1351,3.0999,13.9155 
2014-01-12,-1.4979,0.9762,0.0643 
2014-01-13,1.5895,6.9591,3.6379e-05 
2014-01-14,-3.7120,4.7672,6.7747e-04 
2014-01-15,-4.9159,1.1319,0.3370 
2014-01-16,-9.9575,-3.0989,3.7960 
2014-01-17,-4.3043,-0.6767,4.3915 
2014-01-18,-11.1581,-4.3636,1.1854 
2014-01-19,-12.3763,-4.7055,0.1603 
2014-01-20,-8.5456,-0.3443,0.9215 
2014-01-21,-13.9089,-9.5802,0.7115 
2014-01-22,-18.9565,-13.4462,0.9476 
2014-01-23,-14.2645,-10.2901,2.0386 
2014-01-24,-19.9978,-12.2445,0.0122 
2014-01-25,-12.4198,-2.3723,5.7727 
2014-01-26,-16.4511,-7.1144,6.2846 
2014-01-27,-14.8223,-3.9231,3.0062 
2014-01-28,-21.4139,-15.7301,0.0092 
2014-01-29,-21.8971,-10.9014,0.0598 
2014-01-30,-13.5276,-6.4208,0.0082 
2014-01-31,-5.8800,-1.8036,1.7573 
2014-02-01,-4.8008,0.8245,12.5604 
2014-02-02,-6.5269,0.6187,2.9681 
2014-02-03,-10.3820,-6.1554,0.0186 
2014-02-04,-9.5020,-7.4960,0.0065 
2014-02-05,-9.4279,-6.1726,15.6121 
2014-02-06,-15.1292,-8.3303,0.4558 
2014-02-07,-16.1615,-11.0894,0.0507 
2014-02-08,-20.1896,-10.8616,0.1053 
2014-02-09,-12.3344,-7.1818,1.9984 
2014-02-10,-12.2449,-7.6793,0.1767 
2014-02-11,-16.1121,-10.1154,0.2176 
2014-02-12,-15.5200,-10.7778,6.9256e-04 
2014-02-13,-11.1824,-7.0060,3.2384e-08 
2014-02-14,-9.8113,-3.0408,1.1112 
2014-02-15,-12.5129,-4.7688,0.2829 
2014-02-16,-10.2211,-6.9187,2.2035 
2014-02-17,-15.9202,-7.7716,0.0873 
2014-02-18,-6.6442,-1.1906,10.8120 
2014-02-19,-0.3211,3.0581,0.1689 
2014-02-20,-2.7996,2.1732,13.8557 
2014-02-21,-1.7404,5.9718,4.3115 
2014-02-22,-4.0062,-0.0285,0.0151 
2014-02-23,-8.9798,-2.1429,0.0084 
2014-02-24,-10.5011,-6.2075,0.1461 
2014-02-25,-12.6355,-5.9484,0.1827 
2014-02-26,-15.3247,-6.5728,0.2961 
2014-02-27,-14.8559,-9.8104,0.2806 
2014-02-28,-20.2409,-9.9022,0.0363 
2014-03-01,-11.3437,-1.6808,1.0989 
2014-03-02,-14.9977,-5.0209,9.1732 
2014-03-03,-20.5729,-11.3739,0.0025 
2014-03-04,-16.0604,-9.2879,0.0027 
2014-03-05,-12.3839,-6.9071,0.0330 
2014-03-06,-12.8433,-7.0695,0.0687 
2014-03-07,-8.4032,2.1025,0.0016 
2014-03-08,-3.7111,1.0031,3.1927 
2014-03-09,-8.3305,-1.3344,3.2658e-04 
2014-03-10,-1.2152,6.1088,0.0326 
2014-03-11,3.2153,7.9815,0.1232 
2014-03-12,-11.4746,4.7005,20.9328 
2014-03-13,-17.4905,-7.5590,0.0056 
2014-03-14,-8.2180,3.3563,0.0529 
2014-03-15,-1.4694,3.4002,0.0369 
2014-03-16,-13.6678,-1.5869,0.0275 
2014-03-17,-16.2255,-5.3456,0.1128 
2014-03-18,-7.4333,5.9025,0.0173 
2014-03-19,2.7568,8.5630,2.6969 
2014-03-20,-0.9578,5.2138,0.1394 
2014-03-21,-2.5799,4.0288,0.0051 
2014-03-22,0.4552,6.2843,2.3525 
2014-03-23,-10.8585,2.7446,0.0416 
2014-03-24,-10.2699,-1.8680,0.2757 
2014-03-25,-7.0123,-1.0705,0.3665 
2014-03-26,-10.4254,-1.0823,0.3408 
2014-03-27,-5.5933,4.7123,1.4191 
2014-03-28,4.1938,11.7521,1.3940 
2014-03-29,-3.1940,6.5579,0.0177 
2014-03-30,-4.1672,7.8486,6.2430e-05 
2014-03-31,-1.5195,8.8648,0.0000 
2014-04-01,3.4607,15.0371,0.0714 
2014-04-02,1.1155,9.7915,0.0011 
2014-04-03,-2.2371,7.9126,3.6707 
2014-04-04,2.7777,14.2629,4.7379 
2014-04-05,-2.2571,7.1408,1.0240 
2014-04-06,2.2890,9.8489,0.0030 
2014-04-07,1.5781,8.8319,4.1880 
2014-04-08,2.9291,13.7142,5.3451 
2014-04-09,1.6041,12.5235,0.0853 
2014-04-10,7.2241,18.6722,0.0664 
2014-04-11,6.5779,14.8689,0.2645 
2014-04-12,9.8525,19.1963,8.1487e-04 
2014-04-13,15.8298,23.4420,0.9735 
2014-04-14,11.6948,21.3165,0.3275 
2014-04-15,-4.0477,10.0542,8.3243 
2014-04-16,-4.3361,1.7626,0.3631 
2014-04-17,-1.1108,14.9509,2.1259e-06 
2014-04-18,8.3563,14.9556,0.0726 
2014-04-19,-0.2751,14.3973,2.7156e-07 
2014-04-20,3.9508,18.6336,1.1101e-04 
2014-04-21,11.3057,22.2644,4.7870e-04 
2014-04-22,9.9992,21.8653,0.3249 
2014-04-23,3.4778,9.9818,0.0028 
2014-04-24,2.8224,9.7242,7.1832e-06 
2014-04-25,7.2137,12.4644,2.6626 
2014-04-26,5.8824,14.1529,0.0067 
2014-04-27,1.3398,11.0208,1.7102e-04 
2014-04-28,6.3543,11.6582,0.5842 
2014-04-29,8.3609,16.9974,14.6068 
2014-04-30,10.3604,15.4737,6.6522 
2014-05-01,7.1568,14.4077,0.5517 
2014-05-02,7.3743,14.2312,0.1961 
2014-05-03,8.6421,14.1508,1.4802 
2014-05-04,8.1219,13.2607,0.1609 
2014-05-05,5.7418,12.0405,0.0049 
2014-05-06,4.3656,13.9085,5.4704e-06 
2014-05-07,8.2635,16.0982,8.1759 
2014-05-08,10.6669,27.2273,0.1404 
2014-05-09,18.9252,27.2369,2.1043 
2014-05-10,12.9470,21.2669,0.2578 
2014-05-11,14.0183,23.8718,0.0037 
2014-05-12,18.9259,25.4206,12.0053 
2014-05-13,19.3130,26.5274,14.7559 
2014-05-14,9.8765,25.2395,5.4774 
2014-05-15,6.3891,17.0026,24.3884 
2014-05-16,0.9083,11.3943,0.0178 
2014-05-17,4.9349,11.3222,0.4174 
2014-05-18,7.0805,16.4976,0.0105 
2014-05-19,10.6100,18.8024,1.4824e-04 
2014-05-20,13.0492,22.3751,1.7776 
2014-05-21,17.0088,26.3196,1.4048 
2014-05-22,13.6049,24.7896,0.2047 
2014-05-23,9.8152,20.8141,0.0012 
2014-05-24,12.6281,22.1663,6.9706e-05 
2014-05-25,17.2037,26.2578,1.7551e-04 
2014-05-26,19.2606,28.2076,2.0743e-04 
2014-05-27,21.2879,28.2410,9.2764 
2014-05-28,14.4104,21.3140,34.7722 
2014-05-29,11.7314,20.0006,0.2604 
2014-05-30,12.8982,22.9203,0.0018 
2014-05-31,14.6229,22.5337,1.1236e-05 
2014-06-01,15.5077,26.4455,0.0000 
2014-06-02,21.4571,29.0054,1.3445 
2014-06-03,20.3150,25.0725,3.0802 
2014-06-04,16.4441,23.9869,3.8190 
2014-06-05,10.9468,21.6639,9.8795e-05 
2014-06-06,12.4777,23.6178,0.0000 
2014-06-07,18.2278,24.4801,8.6306e-07 
2014-06-08,14.4877,23.4333,4.2371 
2014-06-09,13.6981,23.0133,2.8167e-05 
2014-06-10,16.1812,21.9188,0.0017 
2014-06-11,17.3217,24.4859,3.3408 
2014-06-12,18.4134,24.6465,2.9285 
2014-06-13,15.7754,25.0522,0.7509 
2014-06-14,10.6975,20.8730,1.6796e-06 
2014-06-15,14.6684,25.0583,9.9664e-05 
2014-06-16,21.2137,27.3683,0.0235 
2014-06-17,22.6168,30.1461,0.4908 
2014-06-18,19.0244,30.4372,8.5079 
2014-06-19,17.9036,22.2359,18.9860 
2014-06-20,14.1742,21.4037,0.6448 
2014-06-21,16.3679,24.2378,2.7243 
2014-06-22,17.6618,25.3931,0.0072 
2014-06-23,19.2314,29.3862,0.7051 
2014-06-24,19.0282,26.5039,15.1392 
2014-06-25,16.1146,22.7877,8.5546 
2014-06-26,15.0682,23.4452,0.0000 
2014-06-27,17.9832,25.7813,0.0000 
2014-06-28,20.3987,29.9348,5.8815e-05 
2014-06-29,22.2270,29.0417,3.3616 
2014-06-30,22.8866,29.4322,0.5461 
2014-07-01,24.2924,29.2562,10.1971 
2014-07-02,19.7519,27.2159,0.0441 
2014-07-03,15.8095,23.0604,4.0766 
2014-07-04,14.2030,21.7548,0.4274 
2014-07-05,18.1950,24.1091,1.2589e-05 
2014-07-06,19.0949,28.1112,0.0000 
2014-07-07,23.9190,27.9855,9.1277 
2014-07-08,20.5180,27.1829,16.0894 
2014-07-09,14.9809,22.5580,0.0012 
2014-07-10,18.0921,22.4474,0.0139 
2014-07-11,17.5453,25.0923,0.0162 
2014-07-12,19.8632,28.1054,0.0020 
2014-07-13,22.1893,28.1516,3.1540 
2014-07-14,19.4159,26.8456,2.6001 
2014-07-15,15.0428,22.4495,1.2757 
2014-07-16,13.3975,19.5469,0.0531 
2014-07-17,15.5741,22.7873,0.0059 
2014-07-18,18.7699,23.9825,4.2108e-05 
2014-07-19,17.6655,23.2541,1.0181 
2014-07-20,17.1667,24.6290,0.0423 
2014-07-21,19.9700,27.5805,5.3031e-04 
2014-07-22,21.2519,32.1035,1.8230e-07 
2014-07-23,19.1687,31.8988,1.5724 
2014-07-24,15.2553,21.0097,9.4524e-05 
2014-07-25,17.8361,25.0312,2.2130e-04 
2014-07-26,19.5976,26.9038,0.0037 
2014-07-27,20.2651,25.9333,21.2448 
2014-07-28,15.2704,20.7394,2.2573 
2014-07-29,12.2662,20.2078,3.2002 
2014-07-30,15.5748,21.0662,5.0303 
2014-07-31,14.8480,23.5550,2.1308 
2014-08-01,19.0783,25.7541,1.0105 
2014-08-02,18.7515,25.9494,0.0271 
2014-08-03,19.7656,25.8310,0.0040 
2014-08-04,20.9905,27.2037,2.5535 
2014-08-05,20.0657,24.8672,5.8771 
2014-08-06,16.5598,23.5777,0.0846 
2014-08-07,19.3991,25.3261,0.0029 
2014-08-08,18.1366,24.3246,5.7671e-04 
2014-08-09,18.8105,24.2665,0.0000 
2014-08-10,19.0543,26.5546,5.7861e-04 
2014-08-11,18.9817,25.9733,74.7154 
2014-08-12,18.8069,21.1871,8.8204 
2014-08-13,14.3211,21.9523,0.1798 
2014-08-14,13.2077,21.5933,0.0016 
2014-08-15,11.7828,23.6500,3.8712e-04 
2014-08-16,15.9165,28.0752,5.4331e-04 
2014-08-17,17.3045,27.2857,1.6876 
2014-08-18,16.1421,23.7054,0.0087 
2014-08-19,18.7332,27.4034,9.1191 
2014-08-20,18.6496,26.3637,2.3784 
2014-08-21,19.7773,27.3813,10.3310 
2014-08-22,20.2247,27.4119,6.7307 
2014-08-23,18.4122,25.7354,3.0005e-04 
2014-08-24,18.9041,23.7991,0.0037 
2014-08-25,20.2268,27.4619,4.1338e-05 
2014-08-26,22.0030,31.4671,15.9404 
2014-08-27,16.2652,31.1958,3.1885 
2014-08-28,15.1382,21.7728,4.0216e-04 
2014-08-29,17.5820,23.1827,0.0000 
2014-08-30,21.8653,29.4053,0.0213 
2014-08-31,19.9185,28.5422,0.4460 
2014-09-01,21.7170,27.5603,28.7106 
2014-09-02,20.5541,24.0868,6.5511 
2014-09-03,20.0649,24.6138,0.0679 
2014-09-04,21.3000,28.9153,0.0731 
2014-09-05,22.1256,30.8515,0.0673 
2014-09-06,16.0162,27.8306,15.2026 
2014-09-07,16.2417,20.9312,0.0175 
2014-09-08,18.8225,22.2689,0.0000 
2014-09-09,19.2523,24.6421,0.0042 
2014-09-10,20.1996,23.6033,44.3642 
2014-09-11,12.4359,22.9101,1.5313 
2014-09-12,10.5043,16.3209,0.1883 
2014-09-13,11.0263,14.5880,15.8816 
2014-09-14,11.3733,14.8751,0.0037 
2014-09-15,13.3611,17.8941,0.0645 
2014-09-16,9.3470,17.2487,0.2494 
2014-09-17,11.7162,18.2399,1.3563e-04 
2014-09-18,12.0725,18.2458,3.4717e-07 
2014-09-19,11.5081,17.0329,3.8043e-05 
2014-09-20,15.5453,23.9415,1.2082 
2014-09-21,12.6869,21.2233,15.5546 
2014-09-22,7.1326,14.8667,0.3243 
2014-09-23,10.8144,18.9136,0.0000 
2014-09-24,14.8145,20.4226,0.0000 
2014-09-25,14.7196,21.1178,4.1565e-04 
2014-09-26,15.6188,21.4708,0.0000 
2014-09-27,16.4901,21.7266,0.0055 
2014-09-28,17.0505,20.9449,0.0065 
2014-09-29,17.4175,23.1042,0.0425 
2014-09-30,11.0836,22.0250,11.7617 
2014-10-01,12.7785,17.5226,0.0105 
2014-10-02,15.2075,21.3137,0.6870 
2014-10-03,14.7087,21.7557,10.2234 
2014-10-04,5.8099,14.2443,3.3653 
2014-10-05,5.4931,10.5726,0.2390 
2014-10-06,9.2098,16.5068,1.1562 
2014-10-07,9.7289,14.9222,0.5359 
2014-10-08,9.3802,14.0646,0.0199 
2014-10-09,7.9866,13.7869,3.0362e-06 
2014-10-10,6.5888,12.9176,0.0000 
2014-10-11,6.4392,12.6270,0.0000 
2014-10-12,9.8589,13.9094,0.0000 
2014-10-13,12.8897,21.0681,4.6228 
2014-10-14,17.7855,20.9126,7.1419 
2014-10-15,13.4531,18.0181,8.6274 
2014-10-16,11.9861,16.5027,0.5440 
2014-10-17,10.5381,17.0154,0.2323 
2014-10-18,7.1435,14.8243,0.0659 
2014-10-19,2.6673,8.2397,0.0028 
2014-10-20,8.1705,13.6043,0.9573 
2014-10-21,8.0389,13.1169,0.4039 
2014-10-22,5.6712,11.0719,0.0038 
2014-10-23,5.4147,12.4870,1.1015e-04 
2014-10-24,8.5466,14.4144,0.0641 
2014-10-25,9.9821,17.8150,6.0685e-04 
2014-10-26,7.9031,13.5261,1.8929e-04 
2014-10-27,9.5404,20.3045,0.0673 
2014-10-28,14.4218,20.7900,4.7289 
2014-10-29,7.0522,13.6715,0.0218 
2014-10-30,4.1072,9.0749,2.2151e-04 
2014-10-31,4.8986,8.7601,4.2189 
2014-11-01,2.8069,4.4338,1.3967 
2014-11-02,-0.6009,6.7969,0.0013 
2014-11-03,2.9453,13.2349,0.0014 
2014-11-04,11.7350,14.8721,0.4157 
2014-11-05,7.1874,12.7965,0.1437 
2014-11-06,6.9104,11.0178,3.1921 
2014-11-07,0.4782,7.7155,1.0085 
2014-11-08,2.4695,7.0688,0.3949 
2014-11-09,1.1619,7.0011,0.0022 
2014-11-10,5.9067,13.2562,0.0023 
2014-11-11,11.1015,17.2322,0.1662 
2014-11-12,-0.9606,10.6202,0.1221 
2014-11-13,-2.9140,1.0808,0.8783 
2014-11-14,-5.8215,0.2409,0.1274 
2014-11-15,-5.2379,-0.7955,0.0327 
2014-11-16,-3.0703,0.1143,0.1158 
2014-11-17,-4.7897,-0.5499,3.0058 
2014-11-18,-8.5102,-5.3670,0.5352 
2014-11-19,-10.3491,-0.7573,1.9029 
2014-11-20,-5.0442,-0.5607,0.4733 
2014-11-21,-11.2748,-5.4463,0.0530 
2014-11-22,-6.5864,4.3488,2.3432 
2014-11-23,4.8106,9.5781,2.4331 
2014-11-24,3.1959,12.8096,23.8877 
2014-11-25,-2.2116,2.5123,0.0898 
2014-11-26,-2.9475,0.8631,0.0541 
2014-11-27,-2.7956,0.5406,0.1938 
2014-11-28,-7.6849,-1.4654,0.5091 
2014-11-29,-3.0209,4.8868,0.6624 
2014-11-30,5.8677,14.5369,0.4529 
2014-12-01,-3.8040,12.0137,0.5905 
2014-12-02,-5.0773,0.4216,0.0494 
2014-12-03,-3.5522,2.2583,0.0658 
2014-12-04,-4.5446,0.4524,6.2658e-05 
2014-12-05,-1.1552,3.3433,0.0484 
2014-12-06,0.7039,3.9914,0.0577 
2014-12-07,-2.9131,1.0228,0.0041 
2014-12-08,-0.0189,4.4852,3.4647e-04 
2014-12-09,1.4174,4.4551,3.9288 
2014-12-10,-1.3130,2.8232,0.1520 
2014-12-11,-5.2958,2.4941,0.0127 
2014-12-12,-3.0948,4.4548,3.5089e-04 
2014-12-13,-2.6240,7.3350,0.0032 
2014-12-14,4.2718,9.9776,0.0140 
2014-12-15,6.4011,9.3972,0.2440 
2014-12-16,4.7931,8.2324,4.2184 
2014-12-17,-1.2333,7.6808,0.8279 
2014-12-18,-3.1847,0.6357,0.2457 
2014-12-19,-4.8980,-0.4525,0.0978 
2014-12-20,-4.1595,-0.7855,0.0000 
2014-12-21,-3.0379,0.2897,1.8281e-04 
2014-12-22,-1.2016,2.8469,2.3747e-04 
2014-12-23,2.5670,9.1578,2.4228 
2014-12-24,5.6916,10.9900,11.6386 
2014-12-25,2.0230,5.2344,3.0005 
2014-12-26,0.4789,6.2727,0.0118 
2014-12-27,3.7436,10.2602,0.5735 
2014-12-28,-1.4841,9.3533,0.3297 
2014-12-29,-4.7731,-0.1099,8.0936e-04 
2014-12-30,-8.2738,-3.1581,1.5956e-04 
2014-12-31,-9.9852,-6.7474,0.1075 
2015-01-01,-7.9579,-6.6830,0.0549 
