Meteorological forcing data for the Large Basin Runoff Model.      
stc, 07,   <- lake basin, subbasin            
yyyy-mm-dd, Tmin(C), Tmax(C), Prec(mm)                             
2010-01-01,-7.0480,-4.0387,0.7031 
2010-01-02,-11.6465,-6.6767,3.7928 
2010-01-03,-12.5556,-5.7105,4.6028 
2010-01-04,-7.3998,-5.1801,5.6182 
2010-01-05,-7.3308,-3.7310,4.3455 
2010-01-06,-4.8089,-2.8123,0.3870 
2010-01-07,-6.3847,-2.9681,1.3596 
2010-01-08,-7.4671,-4.2976,6.5128 
2010-01-09,-10.5866,-5.5694,0.7474 
2010-01-10,-10.6888,-5.6731,0.0853 
2010-01-11,-10.2212,-6.4504,1.5758 
2010-01-12,-10.2461,-3.9774,0.4698 
2010-01-13,-8.7183,-2.7615,1.3423e-04 
2010-01-14,-3.8210,0.2596,1.2291e-04 
2010-01-15,-0.4454,1.9122,0.0291 
2010-01-16,-4.4228,-0.2824,0.0028 
2010-01-17,-2.9156,1.2566,0.0032 
2010-01-18,-5.7876,0.5377,0.0061 
2010-01-19,-2.8934,-0.0311,0.4883 
2010-01-20,-5.0876,-0.7932,0.4119 
2010-01-21,-9.0544,0.2042,8.4289e-04 
2010-01-22,-2.2337,1.5125,0.0101 
2010-01-23,-4.0060,1.7144,0.0437 
2010-01-24,1.5699,4.9137,7.4513 
2010-01-25,0.3075,6.1832,8.4390 
2010-01-26,-3.7294,-0.0039,1.5265 
2010-01-27,-7.5191,-0.4701,0.3689 
2010-01-28,-10.6812,-4.3939,0.9490 
2010-01-29,-15.0376,-8.8441,0.0856 
2010-01-30,-15.4885,-8.9912,0.0683 
2010-01-31,-11.4158,-4.2393,0.1770 
2010-02-01,-10.8151,-4.3251,0.0866 
2010-02-02,-6.2629,-2.9406,0.9025 
2010-02-03,-4.7960,-1.0793,1.2083 
2010-02-04,-6.1005,-0.8794,0.0063 
2010-02-05,-3.8491,-0.0863,2.9494e-04 
2010-02-06,-10.1677,-1.7758,0.0010 
2010-02-07,-11.3936,-4.1156,0.0332 
2010-02-08,-7.1811,-2.0378,0.0036 
2010-02-09,-9.9534,-3.4809,3.9279 
2010-02-10,-3.9305,-2.5837,11.2193 
2010-02-11,-5.4007,-3.7744,1.0984 
2010-02-12,-9.8189,-3.3236,0.0301 
2010-02-13,-6.8106,-3.6853,0.0413 
2010-02-14,-7.8605,-1.4175,0.1510 
2010-02-15,-6.3284,-1.8223,0.2264 
2010-02-16,-6.1509,-2.2564,1.8037 
2010-02-17,-4.7966,-0.7526,0.5043 
2010-02-18,-3.5948,-0.7849,0.0116 
2010-02-19,-6.3288,0.3416,5.1296e-04 
2010-02-20,-6.0568,0.3998,1.6404e-04 
2010-02-21,-1.5191,1.7939,0.0053 
2010-02-22,-2.9980,0.0798,12.9628 
2010-02-23,-2.2383,-0.4231,0.5478 
2010-02-24,-2.7952,0.0043,0.2066 
2010-02-25,-5.4613,-1.5866,1.1750 
2010-02-26,-5.5215,-0.8384,4.6675 
2010-02-27,-1.7902,0.7418,2.8932 
2010-02-28,-2.6845,1.2623,0.3725 
2010-03-01,-3.5398,-0.4905,0.0105 
2010-03-02,-4.8799,-0.2470,0.0054 
2010-03-03,-5.7096,1.2212,0.0021 
2010-03-04,-6.1625,-0.2389,7.2418e-05 
2010-03-05,-5.8933,0.5686,3.0631e-05 
2010-03-06,-4.6726,2.5420,1.2787e-07 
2010-03-07,-2.8813,5.7928,1.5112e-07 
2010-03-08,0.2661,9.7125,4.7673e-06 
2010-03-09,4.1037,11.3233,5.8750e-04 
2010-03-10,3.5472,11.8175,0.0803 
2010-03-11,5.5966,14.8091,0.0059 
2010-03-12,7.6916,14.0049,3.5680 
2010-03-13,3.3379,11.6220,8.1239 
2010-03-14,2.8205,5.7450,6.3780 
2010-03-15,3.0426,9.7193,0.1359 
2010-03-16,2.9862,12.4958,3.4212e-06 
2010-03-17,4.3244,13.9693,3.7359e-07 
2010-03-18,5.4898,16.7492,4.4152e-07 
2010-03-19,5.3412,17.5025,4.0770e-04 
2010-03-20,0.4977,16.4104,0.0548 
2010-03-21,-1.7319,8.6617,0.0790 
2010-03-22,0.3923,6.4566,3.6466 
2010-03-23,2.9286,5.9063,0.2834 
2010-03-24,0.0823,11.3906,0.0019 
2010-03-25,-1.4193,10.5114,1.0630 
2010-03-26,-6.9430,0.6022,5.2638e-04 
2010-03-27,-3.7528,5.2830,0.0200 
2010-03-28,3.2330,6.3532,6.8925 
2010-03-29,1.7692,7.2352,2.7149 
2010-03-30,-1.1189,10.9296,9.1528e-04 
2010-03-31,6.1642,16.3372,0.0154 
2010-04-01,10.2711,22.8025,0.0050 
2010-04-02,13.5851,24.8682,0.0000 
2010-04-03,13.5600,24.1924,0.1863 
2010-04-04,7.5339,18.3758,0.0920 
2010-04-05,9.7786,21.4065,1.2259 
2010-04-06,11.4475,24.0601,16.4369 
2010-04-07,12.4414,23.7243,13.2008 
2010-04-08,8.3909,14.1904,17.8972 
2010-04-09,-1.4409,7.0861,0.0308 
2010-04-10,0.5582,15.7588,0.0035 
2010-04-11,7.1921,16.0926,0.4360 
2010-04-12,5.8338,15.7318,3.5546e-06 
2010-04-13,6.6121,13.1889,0.7669 
2010-04-14,5.4235,15.8845,0.1990 
2010-04-15,11.1388,27.1170,0.0016 
2010-04-16,13.7358,25.3981,0.0831 
2010-04-17,3.0519,11.6180,0.6531 
2010-04-18,3.0062,8.5478,0.6083 
2010-04-19,1.8912,11.2021,3.2659e-04 
2010-04-20,4.2809,14.7872,3.8555e-04 
2010-04-21,9.0457,16.7734,0.0068 
2010-04-22,1.1413,10.0351,0.0048 
2010-04-23,1.5542,14.3124,0.0120 
2010-04-24,7.5200,14.9128,0.4784 
2010-04-25,10.2381,13.0442,14.5677 
2010-04-26,8.5992,15.1316,0.6986 
2010-04-27,1.7006,10.0649,6.9850e-04 
2010-04-28,1.5435,11.3372,0.0017 
2010-04-29,7.3858,16.1691,0.1532 
2010-04-30,11.7275,24.5264,0.3719 
2010-05-01,17.9576,24.3651,3.3078 
2010-05-02,16.8367,22.3925,5.1105 
2010-05-03,14.2977,20.9028,10.1809 
2010-05-04,12.4533,20.4647,0.3914 
2010-05-05,14.9259,24.2979,5.4384 
2010-05-06,9.7266,17.2822,0.3206 
2010-05-07,7.5834,15.2050,9.4694 
2010-05-08,4.2055,13.8418,18.0807 
2010-05-09,0.1193,8.1146,0.8459 
2010-05-10,1.2124,11.0760,0.0282 
2010-05-11,5.5211,10.5761,22.6263 
2010-05-12,6.2194,13.2445,1.6944 
2010-05-13,5.6970,13.5067,11.9711 
2010-05-14,12.3014,18.0152,4.4272 
2010-05-15,7.6226,15.6987,0.0020 
2010-05-16,7.3331,16.9965,0.0022 
2010-05-17,10.8481,17.3260,0.2758 
2010-05-18,10.4267,16.9076,5.6662 
2010-05-19,8.5748,20.4778,0.0198 
2010-05-20,16.4627,24.3639,0.0176 
2010-05-21,17.0610,23.7508,0.0609 
2010-05-22,15.8069,22.8523,6.9598 
2010-05-23,14.5954,24.4920,0.0109 
2010-05-24,16.3927,26.4623,0.0021 
2010-05-25,18.6757,26.6837,0.0228 
2010-05-26,21.1906,27.6674,4.3012e-04 
2010-05-27,22.0514,26.5635,0.0182 
2010-05-28,16.7288,25.2071,0.0180 
2010-05-29,17.4989,24.9486,0.0333 
2010-05-30,17.5076,28.4691,0.0126 
2010-05-31,21.5764,30.4062,1.6989 
2010-06-01,16.3868,25.3745,7.6998 
2010-06-02,18.6066,26.5439,13.7937 
2010-06-03,14.0057,22.8154,3.8927 
2010-06-04,12.9040,23.6288,0.8958 
2010-06-05,17.7384,25.4130,4.2121 
2010-06-06,13.8307,23.8409,37.8483 
2010-06-07,9.0293,15.8665,1.0318 
2010-06-08,10.2974,18.7668,0.0337 
2010-06-09,12.8413,24.9747,6.8143 
2010-06-10,14.4735,23.6845,0.1733 
2010-06-11,14.2227,23.8255,0.0376 
2010-06-12,20.4711,27.8292,0.1770 
2010-06-13,15.7860,21.3537,0.1982 
2010-06-14,16.3401,22.9483,0.0399 
2010-06-15,17.9356,23.1652,0.1616 
2010-06-16,18.9632,24.2453,1.2463 
2010-06-17,14.0296,22.0810,0.2236 
2010-06-18,17.6140,27.5652,0.0780 
2010-06-19,22.0569,27.6524,0.1431 
2010-06-20,17.3480,27.1290,0.0323 
2010-06-21,17.2437,26.5245,4.7173e-04 
2010-06-22,18.7121,28.2107,2.8823 
2010-06-23,22.4629,29.8318,0.7978 
2010-06-24,18.9752,29.5614,6.2446 
2010-06-25,15.4846,24.6005,0.1851 
2010-06-26,18.5424,27.4494,0.1091 
2010-06-27,17.6975,29.2257,2.5048 
2010-06-28,20.7259,26.1501,1.1516 
2010-06-29,12.9937,24.2481,0.0434 
2010-06-30,10.5561,18.8999,0.0233 
2010-07-01,11.6367,19.3685,0.0350 
2010-07-02,13.3489,23.8922,0.0378 
2010-07-03,17.4034,27.0843,0.0288 
2010-07-04,20.8978,31.4667,0.0837 
2010-07-05,24.2807,32.5760,0.0504 
2010-07-06,24.8165,32.6583,0.1302 
2010-07-07,26.2787,33.0047,0.1348 
2010-07-08,25.7804,32.2267,4.8023 
2010-07-09,21.2604,27.9416,10.1545 
2010-07-10,20.2449,27.2890,0.0130 
2010-07-11,22.3535,28.6367,0.8075 
2010-07-12,18.8506,27.0974,19.9299 
2010-07-13,17.8430,24.2820,1.8756 
2010-07-14,18.3417,27.7861,0.0093 
2010-07-15,22.0116,30.5212,2.8997 
2010-07-16,21.0098,30.1682,20.6116 
2010-07-17,22.3304,28.9084,5.5502 
2010-07-18,19.3573,29.8218,0.7842 
2010-07-19,19.7029,29.6094,7.1935 
2010-07-20,18.5446,25.7831,0.6588 
2010-07-21,20.0884,25.8605,0.1707 
2010-07-22,20.3249,26.2743,0.1746 
2010-07-23,17.8842,31.0864,6.9122 
2010-07-24,23.1062,30.9765,5.0108 
2010-07-25,19.5832,28.4822,5.3552 
2010-07-26,18.1850,25.9749,0.1210 
2010-07-27,21.2448,27.3290,0.0559 
2010-07-28,21.5660,29.7143,2.4526 
2010-07-29,16.9914,23.6129,0.2914 
2010-07-30,17.5004,24.2250,0.0435 
2010-07-31,17.9052,24.7145,1.0145 
2010-08-01,17.0966,26.7242,0.2465 
2010-08-02,21.6523,27.2512,0.0239 
2010-08-03,22.4961,28.5792,0.0135 
2010-08-04,23.9444,28.6793,0.2847 
2010-08-05,22.2133,28.0634,0.4126 
2010-08-06,17.8360,24.8757,0.5168 
2010-08-07,15.6436,22.6274,0.0285 
2010-08-08,19.7699,27.9520,0.0298 
2010-08-09,21.8197,29.1284,2.1750 
2010-08-10,21.1747,27.9736,0.1849 
2010-08-11,19.5304,28.3317,0.0471 
2010-08-12,19.7408,27.5687,4.2622 
2010-08-13,20.1381,27.7446,0.0310 
2010-08-14,22.9195,31.2812,0.1562 
2010-08-15,21.9780,30.2508,0.6468 
2010-08-16,18.4711,24.6499,0.4017 
2010-08-17,18.1408,25.8650,0.0199 
2010-08-18,17.9092,24.8926,0.0813 
2010-08-19,19.6409,26.6710,0.1460 
2010-08-20,16.5918,24.9859,0.0395 
2010-08-21,20.2822,28.1179,2.8547 
2010-08-22,18.8720,22.2285,5.2369 
2010-08-23,18.3523,23.7707,0.4915 
2010-08-24,15.6805,23.2055,0.1163 
2010-08-25,17.9010,22.7346,0.3217 
2010-08-26,13.7494,21.5406,0.0802 
2010-08-27,13.7011,22.9157,0.0325 
2010-08-28,17.5075,25.3492,0.0234 
2010-08-29,20.4884,29.3348,0.0370 
2010-08-30,24.1475,30.8399,0.0568 
2010-08-31,25.5721,30.3991,0.0547 
2010-09-01,22.8918,29.9033,0.0027 
2010-09-02,22.0062,26.8830,2.3765 
2010-09-03,17.9478,26.4999,4.7937 
2010-09-04,12.2992,19.3924,0.1749 
2010-09-05,10.5531,18.8749,0.3101 
2010-09-06,16.5592,25.0913,0.5227 
2010-09-07,19.6831,28.1580,0.0208 
2010-09-08,14.0789,24.3807,0.0065 
2010-09-09,11.1525,16.6978,0.0467 
2010-09-10,11.7874,19.5077,0.1434 
2010-09-11,12.4385,19.6784,2.6237 
2010-09-12,12.2585,21.1480,4.6422 
2010-09-13,14.6768,22.8818,1.5567 
2010-09-14,12.3302,20.6197,0.0032 
2010-09-15,10.5212,19.1347,0.0061 
2010-09-16,13.4289,21.0990,19.2177 
2010-09-17,9.0534,16.6754,0.1157 
2010-09-18,13.2499,21.6330,2.4221 
2010-09-19,9.6772,17.7954,0.2413 
2010-09-20,9.2320,18.3129,0.0146 
2010-09-21,13.2369,28.0195,0.0270 
2010-09-22,17.7248,27.5406,6.2653 
2010-09-23,13.3443,26.9219,0.0498 
2010-09-24,23.0236,26.8614,0.0555 
2010-09-25,12.2151,22.2144,0.0714 
2010-09-26,8.2615,14.4150,0.9242 
2010-09-27,10.0814,15.8383,0.6613 
2010-09-28,12.3862,14.4379,37.1820 
2010-09-29,11.6828,17.5283,0.6606 
2010-09-30,13.8318,18.2570,0.0121 
2010-10-01,9.7166,14.1543,0.1060 
2010-10-02,7.3392,11.4086,19.1024 
2010-10-03,4.7204,10.2741,2.6448 
2010-10-04,3.4555,12.0080,0.0799 
2010-10-05,7.9454,13.6060,0.2826 
2010-10-06,9.1678,16.3967,1.9878 
2010-10-07,10.0506,17.2135,0.0545 
2010-10-08,10.5905,22.2776,5.7714e-05 
2010-10-09,13.0878,20.4457,0.0170 
2010-10-10,11.4665,21.8528,0.0069 
2010-10-11,13.8195,19.7690,0.6402 
2010-10-12,6.4950,14.0015,2.6781 
2010-10-13,8.7057,15.3426,0.3715 
2010-10-14,8.9226,13.3194,25.9837 
2010-10-15,8.2878,12.9517,1.1988 
2010-10-16,6.7683,13.5876,9.6431e-04 
2010-10-17,8.0324,13.5619,0.0153 
2010-10-18,7.8639,11.3987,8.5808e-04 
2010-10-19,4.0766,11.9348,0.0882 
2010-10-20,6.9865,15.5641,0.1653 
2010-10-21,4.8331,14.1327,11.3715 
2010-10-22,1.6339,10.3851,0.2082 
2010-10-23,8.2343,17.3243,1.2896 
2010-10-24,13.3812,20.0751,1.0468 
2010-10-25,15.5232,19.5437,0.1646 
2010-10-26,13.2026,21.0218,4.6931 
2010-10-27,11.0043,16.0594,0.1716 
2010-10-28,7.0750,14.9827,0.0871 
2010-10-29,3.7517,9.1178,0.1124 
2010-10-30,5.0003,11.0428,2.1150e-04 
2010-10-31,2.5868,10.3767,0.6265 
2010-11-01,0.3479,5.8763,0.1041 
2010-11-02,0.8148,6.6617,3.6851e-04 
2010-11-03,1.8739,7.6835,0.1260 
2010-11-04,2.6340,8.2511,2.0955 
2010-11-05,2.3860,6.0707,8.5528 
2010-11-06,-0.8760,4.4065,3.9014 
2010-11-07,0.7628,7.3439,0.0091 
2010-11-08,4.1673,10.8103,6.0799e-04 
2010-11-09,3.9682,10.7857,0.0000 
2010-11-10,2.5641,11.1381,0.0301 
2010-11-11,3.0358,11.5088,0.0011 
2010-11-12,5.4372,13.9617,0.0368 
2010-11-13,4.3318,13.4141,0.0160 
2010-11-14,5.0787,11.6299,4.2170 
2010-11-15,2.5978,8.0177,0.0015 
2010-11-16,3.9315,10.0909,1.1370 
2010-11-17,5.7891,9.8504,19.3553 
2010-11-18,2.1286,7.6423,0.5286 
2010-11-19,-0.6093,5.7588,0.0777 
2010-11-20,1.6925,7.1545,0.0047 
2010-11-21,-1.4931,11.7074,0.1264 
2010-11-22,11.9590,14.9920,11.5921 
2010-11-23,-0.0811,15.8146,6.9430 
2010-11-24,-2.3067,3.0031,0.0507 
2010-11-25,2.3051,10.4028,7.3858 
2010-11-26,-5.7690,9.5913,12.8884 
2010-11-27,-2.9024,2.1344,0.0368 
2010-11-28,-3.8962,1.5743,0.0018 
2010-11-29,-0.2387,5.4305,0.0027 
2010-11-30,4.5831,11.6720,16.7372 
2010-12-01,-2.8945,8.7173,6.1942 
2010-12-02,-3.1507,-1.3479,0.1204 
2010-12-03,-4.6819,0.1491,0.1270 
2010-12-04,-4.1509,-0.3481,1.0138 
2010-12-05,-5.1006,-2.0443,2.3556 
2010-12-06,-4.2508,-2.7617,1.1510 
2010-12-07,-6.0106,-3.9948,0.6705 
2010-12-08,-7.2091,-4.1498,0.4319 
2010-12-09,-10.0425,-4.5697,0.2699 
2010-12-10,-5.4604,1.9620,1.2831 
2010-12-11,-1.8828,2.4240,0.1097 
2010-12-12,0.1627,2.1718,18.8000 
2010-12-13,-7.4495,-0.8162,9.1413 
2010-12-14,-9.3836,-7.3455,7.9331 
2010-12-15,-9.6389,-4.8010,0.3776 
2010-12-16,-11.5251,-6.4447,0.0908 
2010-12-17,-8.4854,-3.3543,0.0208 
2010-12-18,-8.7103,-3.9811,0.1013 
2010-12-19,-8.4903,-4.1329,0.2958 
2010-12-20,-5.2590,-1.8093,0.4425 
2010-12-21,-5.0060,-2.9902,0.0746 
2010-12-22,-7.3797,-1.2728,0.2277 
2010-12-23,-2.8057,-1.0897,0.5105 
2010-12-24,-4.0427,-2.1923,0.1809 
2010-12-25,-6.3049,-3.1045,0.0746 
2010-12-26,-8.6850,-5.4058,0.1028 
2010-12-27,-6.4357,-2.7750,0.4081 
2010-12-28,-7.1737,-2.9340,0.0476 
2010-12-29,-7.5281,-2.7986,0.0032 
2010-12-30,-4.6575,2.8444,0.6115 
2010-12-31,2.6566,6.3401,2.4682 
2011-01-01,0.8528,9.4910,12.0235 
2011-01-02,-9.0072,-0.0849,0.0916 
2011-01-03,-8.5887,-2.0185,0.1085 
2011-01-04,-3.0139,0.1618,2.5647 
2011-01-05,-9.5298,-1.8116,0.4659 
2011-01-06,-6.7491,-2.7182,2.4800 
2011-01-07,-11.3016,-3.4724,1.6077 
2011-01-08,-9.5025,-5.2907,1.5694 
2011-01-09,-8.7655,-4.7065,2.1709 
2011-01-10,-8.2526,-3.8933,0.2333 
2011-01-11,-10.1650,-4.5564,5.0668 
2011-01-12,-7.0510,-4.7232,9.7338 
2011-01-13,-8.8456,-5.1755,1.2696 
2011-01-14,-8.1305,-6.5600,0.9514 
2011-01-15,-8.5448,-3.0999,4.0972 
2011-01-16,-11.9686,-3.2846,0.1094 
2011-01-17,-14.8906,-6.0012,0.0203 
2011-01-18,-5.3934,1.7703,5.2354 
2011-01-19,-6.3263,-0.6821,0.4000 
2011-01-20,-10.2810,-6.4996,0.5430 
2011-01-21,-11.2688,-6.8420,1.0702 
2011-01-22,-15.9233,-11.6317,1.8375 
2011-01-23,-15.2386,-10.5430,3.8372 
2011-01-24,-18.6286,-7.4996,1.3282 
2011-01-25,-6.9935,-1.7760,0.9260 
2011-01-26,-4.4991,-1.7100,0.0565 
2011-01-27,-5.4105,-2.3054,1.8763 
2011-01-28,-6.0654,-1.9500,3.1129 
2011-01-29,-6.7009,-3.0989,8.0290 
2011-01-30,-8.0641,-4.0948,0.3504 
2011-01-31,-14.4991,-6.8800,0.1458 
2011-02-01,-11.0637,-7.5291,0.5977 
2011-02-02,-8.9265,-0.6499,16.8454 
2011-02-03,-12.2349,-6.0677,0.8533 
2011-02-04,-13.3460,-8.4392,5.6872e-04 
2011-02-05,-11.2496,-4.6704,7.6223 
2011-02-06,-10.0250,-3.7872,2.0890 
2011-02-07,-3.5284,-1.1364,1.6243 
2011-02-08,-11.4013,-3.1588,1.1865 
2011-02-09,-13.9000,-8.6565,0.0188 
2011-02-10,-18.3075,-9.1060,0.0193 
2011-02-11,-18.6610,-8.0739,0.0457 
2011-02-12,-8.0078,-3.0951,0.4206 
2011-02-13,-5.2060,2.6523,3.1554 
2011-02-14,-2.7836,2.8757,0.0969 
2011-02-15,-9.1712,-3.4110,4.5603e-06 
2011-02-16,-7.9932,2.4700,0.1443 
2011-02-17,1.9322,6.2182,0.1352 
2011-02-18,3.3397,8.8670,0.0505 
2011-02-19,-5.5064,2.1536,0.0025 
2011-02-20,-7.4010,-1.8435,1.9742 
2011-02-21,-7.6299,-3.2111,21.3331 
2011-02-22,-13.0457,-6.3881,0.0084 
2011-02-23,-10.5455,-4.1589,0.0170 
2011-02-24,-7.4302,0.4623,2.6781 
2011-02-25,-4.6532,-2.0333,4.1464 
2011-02-26,-7.1319,-1.5237,3.1993 
2011-02-27,-3.9265,1.0093,2.1489 
2011-02-28,-2.2315,1.7710,11.3605 
2011-03-01,-7.7626,-0.0195,0.0044 
2011-03-02,-7.0088,1.6079,0.0047 
2011-03-03,-11.9039,-3.9230,0.0509 
2011-03-04,-4.1064,4.0975,0.9957 
2011-03-05,-0.1632,7.0243,23.8169 
2011-03-06,-5.7427,-0.5642,4.3945 
2011-03-07,-11.4949,-2.3927,0.0018 
2011-03-08,-5.8967,1.9659,0.0238 
2011-03-09,0.4015,4.7805,13.2214 
2011-03-10,0.8509,6.6194,10.2886 
2011-03-11,-0.5609,1.5910,16.2620 
2011-03-12,-3.3954,3.9168,0.1935 
2011-03-13,-0.5027,0.8484,0.1468 
2011-03-14,-5.5130,1.0863,0.0361 
2011-03-15,-3.9929,4.2743,0.6529 
2011-03-16,3.2624,10.0673,3.4322 
2011-03-17,4.1208,14.2000,0.0243 
2011-03-18,7.1921,15.5842,0.0554 
2011-03-19,-2.1755,6.9038,0.0209 
2011-03-20,-5.0632,6.9396,0.0456 
2011-03-21,5.7720,11.4874,17.4444 
2011-03-22,-0.3701,7.5024,0.3761 
2011-03-23,-3.0849,3.4040,12.9761 
2011-03-24,-6.6352,-2.6972,0.0500 
2011-03-25,-9.7069,-3.4280,0.0838 
2011-03-26,-9.7586,-3.4197,0.1364 
2011-03-27,-9.8909,-2.4734,0.0120 
2011-03-28,-9.2683,-0.7509,0.0045 
2011-03-29,-6.6713,2.1831,0.0013 
2011-03-30,-3.7673,3.0248,0.0084 
2011-03-31,-1.3957,4.9013,0.0691 
2011-04-01,-0.4376,5.8450,0.0403 
2011-04-02,2.1600,7.3764,0.0170 
2011-04-03,0.1049,5.5150,5.1632 
2011-04-04,2.8306,16.4879,7.8702 
2011-04-05,-0.3633,8.5165,0.5354 
2011-04-06,0.0105,4.9354,11.8532 
2011-04-07,0.9211,10.0132,0.2391 
2011-04-08,3.5299,8.3244,0.7486 
2011-04-09,1.6966,11.4625,0.0368 
2011-04-10,7.0902,23.2717,0.0788 
2011-04-11,13.4912,22.9193,0.6385 
2011-04-12,3.5268,12.7783,0.0143 
2011-04-13,2.9147,12.2164,7.2863e-04 
2011-04-14,2.8895,10.7219,0.0034 
2011-04-15,0.3712,11.5668,0.1690 
2011-04-16,7.7805,13.6703,12.4814 
2011-04-17,1.6010,9.7875,2.3074 
2011-04-18,-1.9381,4.0202,2.8482 
2011-04-19,-1.5252,6.7819,0.6879 
2011-04-20,4.5595,7.8939,13.0401 
2011-04-21,-1.1951,6.8860,0.3078 
2011-04-22,1.4640,7.2448,1.9500 
2011-04-23,6.1670,18.2161,21.8372 
2011-04-24,6.0057,16.2233,0.1533 
2011-04-25,8.3051,13.2304,6.4813 
2011-04-26,8.0224,19.9425,5.7990 
2011-04-27,14.3676,20.9013,11.6916 
2011-04-28,8.7146,16.7719,7.0630 
2011-04-29,2.9510,8.8652,1.9776 
2011-04-30,4.5316,12.4210,0.1378 
2011-05-01,11.0895,18.3855,6.5623 
2011-05-02,7.0429,17.9220,0.3202 
2011-05-03,5.2392,12.9648,9.6566 
2011-05-04,2.3643,9.5942,0.6352 
2011-05-05,5.2738,15.4386,0.4383 
2011-05-06,9.1447,15.1858,6.3311 
2011-05-07,9.2992,14.8909,0.4241 
2011-05-08,8.4074,15.9215,0.0338 
2011-05-09,8.2285,16.5190,1.9198e-04 
2011-05-10,10.0785,17.9528,0.3046 
2011-05-11,12.8087,22.8194,0.0211 
2011-05-12,14.8543,25.5646,2.4965 
2011-05-13,16.2309,26.3689,0.5675 
2011-05-14,14.7644,21.1080,0.8585 
2011-05-15,8.4845,16.0949,24.1771 
2011-05-16,5.4322,8.1410,14.7790 
2011-05-17,5.5658,13.9429,2.3068 
2011-05-18,12.7277,19.8109,4.7811 
2011-05-19,12.2723,18.6624,4.1509 
2011-05-20,12.8730,20.1364,0.0253 
2011-05-21,11.7538,23.5809,0.3741 
2011-05-22,16.6826,26.1228,5.6029 
2011-05-23,17.3627,26.0200,4.4029 
2011-05-24,14.1887,20.5220,0.2227 
2011-05-25,8.2101,20.7894,9.5709 
2011-05-26,13.4400,18.2917,29.8557 
2011-05-27,9.2346,16.0725,4.3202 
2011-05-28,12.1585,19.1400,0.4546 
2011-05-29,15.8210,24.8725,4.9099 
2011-05-30,20.5294,27.8234,1.8394 
2011-05-31,22.6600,30.0089,0.0044 
2011-06-01,21.1634,29.5590,0.0511 
2011-06-02,11.3455,20.8297,0.0624 
2011-06-03,10.9698,20.7480,0.1177 
2011-06-04,16.2739,29.4056,0.2057 
2011-06-05,16.7680,23.4692,0.0154 
2011-06-06,16.4930,26.8177,0.4946 
2011-06-07,19.9683,32.5684,7.6853 
2011-06-08,24.7197,33.1667,0.0998 
2011-06-09,19.4780,32.3180,0.5414 
2011-06-10,10.8857,21.0850,1.1113 
2011-06-11,14.3668,23.3566,0.1714 
2011-06-12,10.1188,23.1461,0.1185 
2011-06-13,11.4162,19.0942,1.1970e-04 
2011-06-14,10.2986,21.5515,0.0094 
2011-06-15,15.9512,22.6972,0.0908 
2011-06-16,17.4429,22.4748,8.3093 
2011-06-17,15.7256,23.2020,1.7495 
2011-06-18,17.4706,25.0369,0.0333 
2011-06-19,15.9510,24.7768,0.0506 
2011-06-20,17.0714,26.6667,0.1117 
2011-06-21,18.9922,27.7240,1.2937 
2011-06-22,19.7590,26.9395,45.3361 
2011-06-23,18.9809,20.8458,19.3089 
2011-06-24,17.1441,20.2766,8.0274 
2011-06-25,14.4866,22.0750,0.3413 
2011-06-26,17.1337,22.9096,0.0308 
2011-06-27,16.4222,24.3089,0.0466 
2011-06-28,18.2613,22.1325,0.0161 
2011-06-29,13.7559,20.9038,0.0164 
2011-06-30,15.9298,24.3638,0.0000 
2011-07-01,19.2754,27.3912,0.0104 
2011-07-02,20.7094,30.3966,6.7526 
2011-07-03,18.8719,26.2048,8.4578 
2011-07-04,19.9803,25.3470,0.0018 
2011-07-05,20.1681,29.4859,0.0288 
2011-07-06,22.7949,29.0297,0.2522 
2011-07-07,17.4217,25.5297,0.0276 
2011-07-08,18.8691,27.1993,0.0514 
2011-07-09,18.3173,27.9632,0.0222 
2011-07-10,20.6407,30.4285,0.0011 
2011-07-11,24.5097,32.0437,0.9155 
2011-07-12,21.2366,31.8348,0.0454 
2011-07-13,16.5002,25.5143,0.0406 
2011-07-14,15.8740,24.6538,0.1114 
2011-07-15,20.0906,27.3815,0.0276 
2011-07-16,21.0317,29.2158,0.0400 
2011-07-17,23.5935,30.8638,0.0553 
2011-07-18,24.5081,32.7413,1.2905 
2011-07-19,21.3369,30.2984,16.7186 
2011-07-20,22.6876,32.5601,0.0302 
2011-07-21,27.8005,35.5124,0.0617 
2011-07-22,23.1785,33.4359,0.0711 
2011-07-23,22.3856,31.4493,0.6480 
2011-07-24,21.4300,27.6826,0.6375 
2011-07-25,20.5823,27.5192,0.1351 
2011-07-26,20.4790,25.3553,0.0078 
2011-07-27,17.6097,24.5097,0.2882 
2011-07-28,21.5197,29.1451,21.1601 
2011-07-29,21.2391,29.2636,18.8693 
2011-07-30,21.8269,27.9339,0.0147 
2011-07-31,24.1533,30.6512,0.5025 
2011-08-01,23.5144,30.1545,1.6105 
2011-08-02,21.9741,27.5745,0.2242 
2011-08-03,20.6478,26.5661,5.7087 
2011-08-04,18.0963,24.8594,0.1510 
2011-08-05,21.1115,27.2212,3.4237e-04 
2011-08-06,21.8086,28.4918,0.3227 
2011-08-07,20.3386,27.0346,2.1925 
2011-08-08,19.4555,25.1947,7.2344 
2011-08-09,17.1991,25.2182,22.7560 
2011-08-10,17.4173,22.5673,0.2648 
2011-08-11,14.8496,24.0469,0.2181 
2011-08-12,20.0499,25.5894,0.1129 
2011-08-13,21.0777,26.2355,0.8696 
2011-08-14,17.4990,25.8082,8.4859 
2011-08-15,17.1878,22.9151,0.4680 
2011-08-16,16.8167,25.5775,0.0012 
2011-08-17,21.1400,25.9597,2.7734e-05 
2011-08-18,21.2118,25.9577,1.8249 
2011-08-19,19.7884,27.0474,0.5819 
2011-08-20,22.4063,27.8480,3.9816 
2011-08-21,17.1044,23.2412,12.2690 
2011-08-22,13.0375,20.6436,0.1513 
2011-08-23,18.2571,24.1944,0.0195 
2011-08-24,18.3139,28.2784,4.1309 
2011-08-25,17.1072,23.7899,19.1428 
2011-08-26,15.9210,23.2793,0.0208 
2011-08-27,17.9343,24.9690,0.0013 
2011-08-28,16.0938,21.4635,3.3899e-04 
2011-08-29,15.2538,23.1171,8.8563e-05 
2011-08-30,18.3143,24.2597,1.8864e-04 
2011-08-31,19.9042,24.8010,0.2124 
2011-09-01,18.9327,29.1281,3.4267 
2011-09-02,23.6419,30.9632,0.0081 
2011-09-03,22.6758,30.9665,0.7045 
2011-09-04,21.4537,29.5818,11.5230 
2011-09-05,14.2866,21.0424,3.7410 
2011-09-06,9.7507,17.4181,0.5980 
2011-09-07,11.4604,17.2417,6.8297 
2011-09-08,15.1963,21.0117,2.4312 
2011-09-09,15.5135,22.9260,5.0497 
2011-09-10,17.3354,22.3492,13.7932 
2011-09-11,16.9318,23.6569,1.1103 
2011-09-12,17.4631,25.9009,0.6649 
2011-09-13,19.8595,24.2669,0.4547 
2011-09-14,11.7797,18.9423,1.8896 
2011-09-15,8.0961,13.2160,4.7947 
2011-09-16,8.0806,13.1862,0.1346 
2011-09-17,9.8801,16.2165,4.4163e-04 
2011-09-18,8.8856,17.6109,0.0000 
2011-09-19,14.7858,18.1317,22.3198 
2011-09-20,13.0481,19.0607,2.1741 
2011-09-21,13.1259,20.8072,0.4445 
2011-09-22,15.1814,20.2058,0.2700 
2011-09-23,13.0974,18.7193,18.0312 
2011-09-24,9.9901,17.5108,0.4879 
2011-09-25,12.8036,20.1707,0.1115 
2011-09-26,16.3440,20.3581,9.7731 
2011-09-27,14.2211,18.6905,1.2892 
2011-09-28,14.6255,17.7541,0.6651 
2011-09-29,11.9239,16.3967,2.1911 
2011-09-30,7.9573,14.4497,13.2331 
2011-10-01,6.6503,10.4735,9.8074 
2011-10-02,3.4330,11.1135,2.0068 
2011-10-03,7.7621,12.6185,6.7169 
2011-10-04,9.9020,17.7491,0.0223 
2011-10-05,14.6476,20.4866,0.0090 
2011-10-06,11.3972,19.2716,0.0928 
2011-10-07,13.1286,21.8561,0.0493 
2011-10-08,15.2004,22.7143,0.0859 
2011-10-09,17.0740,23.7258,0.0710 
2011-10-10,16.5475,23.3087,0.0240 
2011-10-11,15.8676,21.7038,0.0038 
2011-10-12,13.9516,18.5989,12.2401 
2011-10-13,13.3584,16.8760,1.2241 
2011-10-14,11.4427,15.7574,8.2035 
2011-10-15,7.4968,11.0576,2.9112 
2011-10-16,9.6507,14.1983,0.1471 
2011-10-17,7.1229,13.2636,0.0067 
2011-10-18,6.7283,12.3999,0.0457 
2011-10-19,7.4502,13.1829,31.0004 
2011-10-20,8.1783,11.7769,21.1520 
2011-10-21,5.1751,9.1608,1.6609 
2011-10-22,4.1884,10.2761,0.0767 
2011-10-23,8.1082,13.7524,4.4221e-06 
2011-10-24,10.1344,13.2164,3.0896 
2011-10-25,6.5305,13.9348,2.0091 
2011-10-26,8.9059,13.2043,2.0544 
2011-10-27,2.6831,8.2974,2.3852 
2011-10-28,2.4324,8.1365,0.0812 
2011-10-29,4.6139,7.8723,0.4579 
2011-10-30,3.9675,8.6647,0.3193 
2011-10-31,6.8622,9.4623,1.1148 
2011-11-01,6.1469,11.3876,0.1062 
2011-11-02,7.7566,14.2950,6.0052e-04 
2011-11-03,7.7106,13.4344,2.1943e-04 
2011-11-04,1.0461,8.3195,2.2439e-05 
2011-11-05,0.3441,8.3802,3.7710e-05 
2011-11-06,5.4707,13.0262,6.6497e-05 
2011-11-07,9.8222,15.1493,0.1480 
2011-11-08,10.7820,16.3995,1.1398 
2011-11-09,13.3838,15.9210,4.3941 
2011-11-10,4.0605,12.8136,0.4906 
2011-11-11,-0.6084,4.6613,0.0478 
2011-11-12,2.9043,12.3248,0.0081 
2011-11-13,9.5749,14.9939,0.0107 
2011-11-14,7.5639,15.3732,12.2611 
2011-11-15,6.4788,11.2684,0.1305 
2011-11-16,4.1232,10.1956,7.5958e-04 
2011-11-17,-0.8479,3.1384,0.0474 
2011-11-18,-3.0593,5.5446,0.0902 
2011-11-19,4.5170,8.4524,0.0048 
2011-11-20,4.0531,12.5691,0.0146 
2011-11-21,-2.6455,4.7728,8.4471e-04 
2011-11-22,-2.4931,4.4229,4.7171 
2011-11-23,2.0437,6.2788,22.9693 
2011-11-24,0.7951,7.9525,0.0032 
2011-11-25,4.7805,10.1373,0.0128 
2011-11-26,7.5574,12.1125,0.0046 
2011-11-27,5.7460,12.4072,20.3455 
2011-11-28,1.3639,5.4019,2.0029 
2011-11-29,3.5558,5.1100,65.8242 
2011-11-30,0.0511,3.7361,5.4063 
2011-12-01,-1.3837,3.6122,1.2536e-04 
2011-12-02,-0.6004,2.7704,2.5704 
2011-12-03,-0.2020,6.9611,0.0906 
2011-12-04,5.6030,8.6533,11.6514 
2011-12-05,1.7073,8.9648,16.6944 
2011-12-06,-1.1240,1.4303,8.1453 
2011-12-07,-4.2467,-0.0154,0.3284 
2011-12-08,-5.1143,0.7074,0.0013 
2011-12-09,-2.8719,-0.3158,1.9380 
2011-12-10,-8.4689,-3.6400,9.5338e-04 
2011-12-11,-7.1896,-0.1244,0.0021 
2011-12-12,-2.7246,1.8765,4.3702e-05 
2011-12-13,-0.6140,3.1021,0.0820 
2011-12-14,2.0286,7.6134,8.6667 
2011-12-15,6.7294,13.6976,15.3893 
2011-12-16,-0.6809,5.6550,0.1114 
2011-12-17,-5.3103,-0.1069,0.8861 
2011-12-18,-3.9491,0.7433,0.3926 
2011-12-19,0.1425,7.5223,0.0139 
2011-12-20,-4.8573,4.9233,0.0932 
2011-12-21,0.6087,8.1474,6.0388 
2011-12-22,0.8189,5.3433,0.6098 
2011-12-23,-2.6344,3.1557,2.0446 
2011-12-24,-5.1854,0.5530,0.0451 
2011-12-25,-1.2652,5.0103,0.0117 
2011-12-26,-2.8665,3.1190,0.0317 
2011-12-27,0.0746,2.2860,6.6991 
2011-12-28,-6.2810,0.4133,1.6338 
2011-12-29,-7.1813,1.7180,1.9168 
2011-12-30,-0.6695,4.6747,4.4773 
2011-12-31,2.1269,6.3854,5.3197 
2012-01-01,1.5351,7.2258,3.6588 
2012-01-02,-3.6020,1.1599,0.6845 
2012-01-03,-9.5201,-4.0041,2.9200 
2012-01-04,-9.5116,0.1463,0.1186 
2012-01-05,-4.1056,1.2665,0.0166 
2012-01-06,0.5163,8.1031,0.0115 
2012-01-07,0.5928,5.9634,0.0012 
2012-01-08,-2.1857,2.4224,0.0079 
2012-01-09,-2.2532,3.0662,7.1767e-04 
2012-01-10,-0.4127,4.5198,8.4050e-04 
2012-01-11,-0.1958,6.6345,7.0192e-04 
2012-01-12,3.2663,4.9999,6.9733 
2012-01-13,-4.9412,3.0641,4.3900 
2012-01-14,-9.4910,-5.3385,0.6782 
2012-01-15,-14.2989,-6.2870,0.0265 
2012-01-16,-6.6784,3.0847,0.3021 
2012-01-17,0.7733,9.6458,16.8796 
2012-01-18,-7.9478,-0.3136,0.9376 
2012-01-19,-8.6812,-3.5552,2.6700 
2012-01-20,-15.7347,-9.6262,0.2457 
2012-01-21,-11.4222,-4.5375,4.3309 
2012-01-22,-8.3999,1.0583,0.0222 
2012-01-23,1.5933,8.8880,8.3647 
2012-01-24,-2.0981,4.8911,0.0784 
2012-01-25,-5.4067,-0.2222,0.0220 
2012-01-26,-3.1023,1.7565,1.2092 
2012-01-27,-0.0697,1.8820,9.6347 
2012-01-28,-2.4775,0.7604,1.7554 
2012-01-29,-3.3253,-1.2421,6.2066 
2012-01-30,-7.6878,-0.5680,0.8766 
2012-01-31,0.5833,9.0370,0.1768 
2012-02-01,1.8403,9.4163,0.0205 
2012-02-02,-0.7781,3.1183,0.1417 
2012-02-03,-1.0895,4.7236,0.0094 
2012-02-04,-1.1335,3.0691,0.0117 
2012-02-05,-0.8797,4.0194,0.0039 
2012-02-06,-3.4584,6.7155,6.4861e-04 
2012-02-07,-3.2436,5.2802,0.0879 
2012-02-08,-7.0566,-0.2977,0.0076 
2012-02-09,-5.8130,2.5128,3.4650e-04 
2012-02-10,-5.6469,0.8883,0.1868 
2012-02-11,-8.4293,-0.4588,7.6484 
2012-02-12,-9.1792,-2.8391,0.9628 
2012-02-13,-7.2747,-0.1795,0.0359 
2012-02-14,-3.6740,0.1121,0.8607 
2012-02-15,-2.6543,1.7135,0.2076 
2012-02-16,-0.1263,5.3386,7.8752 
2012-02-17,-2.1889,3.7320,0.0994 
2012-02-18,-0.7283,2.2910,0.6455 
2012-02-19,-5.6428,-1.1082,0.0996 
2012-02-20,-6.7629,0.8303,0.0085 
2012-02-21,-4.1947,5.4240,1.2103 
2012-02-22,0.1462,5.6470,1.9142 
2012-02-23,-0.7790,4.3968,1.8313 
2012-02-24,-0.5561,3.1238,5.5993 
2012-02-25,-3.7440,-0.2502,0.9218 
2012-02-26,-6.5988,0.1457,0.1129 
2012-02-27,-0.0198,3.3743,0.0036 
2012-02-28,-5.2130,1.6174,1.7808e-04 
2012-02-29,-1.0346,5.1648,7.5359 
2012-03-01,0.4595,4.7865,1.3499 
2012-03-02,0.3389,8.1514,6.4684 
2012-03-03,-0.0500,10.9031,4.6812 
2012-03-04,-6.3316,0.6369,0.4173 
2012-03-05,-10.0483,-2.8435,0.3370 
2012-03-06,-5.0094,6.6037,0.0020 
2012-03-07,6.4420,14.4451,6.6519e-05 
2012-03-08,4.9934,15.1043,4.3522 
2012-03-09,-1.5965,3.7581,0.3415 
2012-03-10,-7.3238,3.8569,0.0020 
2012-03-11,2.2564,14.0769,3.3225e-06 
2012-03-12,7.3031,13.6117,9.7937 
2012-03-13,9.8643,14.7464,8.0208 
2012-03-14,6.1691,16.9993,0.0621 
2012-03-15,13.5837,22.8908,0.0965 
2012-03-16,11.1119,21.2036,2.5110 
2012-03-17,12.1499,21.3631,0.0146 
2012-03-18,12.8488,20.8039,0.0012 
2012-03-19,12.4249,21.5949,0.0016 
2012-03-20,14.0322,22.2396,1.2532e-04 
2012-03-21,15.8331,24.3657,3.6544e-04 
2012-03-22,14.8732,25.8384,0.0048 
2012-03-23,14.9210,24.2056,0.0374 
2012-03-24,11.0307,19.0997,1.9221 
2012-03-25,9.3013,14.1765,0.2001 
2012-03-26,-2.1043,9.8135,0.0219 
2012-03-27,-4.3190,7.1587,0.0070 
2012-03-28,7.3606,15.2291,0.0233 
2012-03-29,1.4683,10.7699,0.0783 
2012-03-30,-3.2768,3.9085,10.1293 
2012-03-31,-2.3215,8.1439,0.4336 
2012-04-01,2.2290,11.3048,0.0456 
2012-04-02,-0.0118,10.6165,0.0173 
2012-04-03,2.9916,14.7736,0.1985 
2012-04-04,2.3251,14.5620,0.2159 
2012-04-05,-1.7821,4.9415,0.0323 
2012-04-06,-0.8886,7.5160,1.6098e-04 
2012-04-07,1.1148,13.3207,2.9176e-08 
2012-04-08,7.1568,12.8586,0.0253 
2012-04-09,3.6173,12.0339,0.0936 
2012-04-10,1.7938,9.8922,0.0114 
2012-04-11,1.4414,6.3943,1.6040 
2012-04-12,2.1240,10.6615,0.0245 
2012-04-13,3.2366,13.5217,0.0156 
2012-04-14,7.7028,14.7686,0.6296 
2012-04-15,12.5170,22.4820,14.0581 
2012-04-16,15.5822,21.9850,0.0714 
2012-04-17,2.4441,14.4285,2.7284e-05 
2012-04-18,0.6190,12.0442,0.0023 
2012-04-19,7.9679,18.5461,0.2784 
2012-04-20,11.3596,19.8318,1.1117 
2012-04-21,1.4195,9.9202,6.4476 
2012-04-22,0.9073,8.3576,0.0033 
2012-04-23,2.6561,7.6373,0.0220 
2012-04-24,3.2700,11.3851,0.2350 
2012-04-25,3.2407,14.6992,5.2249e-04 
2012-04-26,6.8713,14.0195,0.1502 
2012-04-27,1.2255,6.8506,0.0378 
2012-04-28,-0.0671,7.4686,4.8668e-04 
2012-04-29,2.2820,12.1189,4.5896e-06 
2012-04-30,3.9450,11.7072,9.1580 
2012-05-01,8.9233,17.3046,6.7609 
2012-05-02,9.3350,25.2473,0.1885 
2012-05-03,18.1043,28.7816,0.2437 
2012-05-04,16.2382,28.3697,22.8546 
2012-05-05,11.4242,18.6604,0.0697 
2012-05-06,8.1740,19.8814,7.0244e-04 
2012-05-07,11.1564,20.6972,8.7705 
2012-05-08,14.0798,20.1381,4.2308 
2012-05-09,11.4043,18.5867,3.5438 
2012-05-10,5.9227,12.6028,0.2497 
2012-05-11,10.1748,20.9390,1.2658e-04 
2012-05-12,13.5791,21.8754,0.1788 
2012-05-13,11.4981,17.6332,1.4818 
2012-05-14,12.2783,21.4901,0.0678 
2012-05-15,16.6308,24.2470,0.0224 
2012-05-16,9.3970,23.8883,2.2445 
2012-05-17,7.6813,16.0492,0.0000 
2012-05-18,10.9848,20.8688,0.0339 
2012-05-19,16.2247,26.4064,0.0164 
2012-05-20,20.6873,28.2281,0.0884 
2012-05-21,19.4221,27.7895,3.3034 
2012-05-22,12.1523,18.5853,1.4128 
2012-05-23,11.0440,22.9276,0.0213 
2012-05-24,15.8228,26.3513,9.0927e-05 
2012-05-25,20.5037,28.1962,0.0042 
2012-05-26,16.5927,25.8854,1.3947 
2012-05-27,16.6386,28.1717,12.8625 
2012-05-28,21.3512,30.3174,1.0827 
2012-05-29,23.3576,29.4916,3.7622 
2012-05-30,14.0560,24.1674,1.6695 
2012-05-31,8.8712,16.5485,0.0020 
2012-06-01,10.6197,17.3494,23.7550 
2012-06-02,8.0118,18.6181,1.0225 
2012-06-03,13.0450,20.5757,3.8770 
2012-06-04,9.9255,18.4058,0.4786 
2012-06-05,9.1970,17.1211,0.4997 
2012-06-06,13.0033,20.8513,0.0548 
2012-06-07,13.5500,22.5410,0.0138 
2012-06-08,17.3440,26.6906,0.0084 
2012-06-09,19.9468,29.8112,1.2330 
2012-06-10,22.5483,29.5224,0.0433 
2012-06-11,21.6198,28.8260,0.5836 
2012-06-12,19.5500,23.5604,4.6316 
2012-06-13,10.4557,19.0026,1.6786e-05 
2012-06-14,12.7353,23.2223,3.2530e-04 
2012-06-15,15.6287,26.5717,4.0403e-04 
2012-06-16,19.7590,27.1511,4.1100e-04 
2012-06-17,19.2322,26.5561,18.2992 
2012-06-18,19.1866,28.2761,0.9675 
2012-06-19,22.8145,31.9457,0.0445 
2012-06-20,24.3369,31.5536,6.6469e-04 
2012-06-21,24.1530,31.0186,9.6258 
2012-06-22,18.9480,23.3877,7.7900 
2012-06-23,15.9368,24.5550,0.2417 
2012-06-24,19.8587,25.8056,0.1814 
2012-06-25,13.9142,21.4052,0.5808 
2012-06-26,13.4916,22.7661,0.0232 
2012-06-27,18.4422,29.1984,0.0122 
2012-06-28,21.1079,34.1164,0.0117 
2012-06-29,22.9603,31.9478,0.1324 
2012-06-30,22.9736,31.8828,0.0139 
2012-07-01,20.5807,29.9919,0.1007 
2012-07-02,22.1508,29.9544,0.0685 
2012-07-03,24.1789,31.0245,16.7954 
2012-07-04,20.8835,32.4850,2.1775 
2012-07-05,24.3571,31.9314,6.5944 
2012-07-06,25.0031,31.8222,0.0112 
2012-07-07,24.3761,30.5424,5.8318e-06 
2012-07-08,18.8718,25.3380,0.0274 
2012-07-09,16.3410,24.8540,0.4022 
2012-07-10,16.8153,24.2016,0.6440 
2012-07-11,17.1825,25.9675,0.0516 
2012-07-12,21.6712,29.0393,3.2410e-04 
2012-07-13,24.4492,30.1499,0.0756 
2012-07-14,21.1119,29.2630,0.0143 
2012-07-15,22.0840,29.1228,11.7734 
2012-07-16,21.2476,29.7266,2.4049 
2012-07-17,25.4464,33.8992,8.5704e-04 
2012-07-18,22.2014,33.4077,0.5735 
2012-07-19,18.8664,25.5752,22.8273 
2012-07-20,16.0718,23.7432,0.9015 
2012-07-21,17.4740,26.0561,0.0210 
2012-07-22,21.4618,29.6276,0.0032 
2012-07-23,23.9820,33.0240,0.0993 
2012-07-24,21.3292,31.8717,0.6442 
2012-07-25,17.6648,26.1836,0.0421 
2012-07-26,21.5417,30.3721,20.4414 
2012-07-27,18.4639,24.5010,3.9444 
2012-07-28,18.9074,24.5931,12.4787 
2012-07-29,18.1599,25.3762,0.0318 
2012-07-30,21.8303,27.1006,0.0063 
2012-07-31,22.1976,27.1488,0.0656 
2012-08-01,19.0902,24.9794,0.0820 
2012-08-02,21.2863,27.6811,0.0119 
2012-08-03,22.3520,29.5464,0.0524 
2012-08-04,23.0897,29.3975,0.0821 
2012-08-05,22.0948,28.2083,7.3575 
2012-08-06,16.7268,24.0779,0.0284 
2012-08-07,19.1756,27.2254,0.0015 
2012-08-08,21.2417,26.8830,0.0263 
2012-08-09,18.3461,23.4136,9.1368 
2012-08-10,16.5845,19.9370,31.5771 
2012-08-11,16.1687,20.9238,4.4264 
2012-08-12,14.1484,23.0240,2.6544 
2012-08-13,19.6590,23.7968,0.6168 
2012-08-14,16.8889,23.2701,13.0925 
2012-08-15,18.1452,23.3855,0.1231 
2012-08-16,18.2263,26.4136,0.0618 
2012-08-17,16.4093,22.1874,0.7033 
2012-08-18,13.9164,20.9388,0.0172 
2012-08-19,17.5897,21.9912,0.1060 
2012-08-20,15.8752,21.1738,0.0609 
2012-08-21,15.9204,22.2449,0.2057 
2012-08-22,18.1858,23.5987,0.1514 
2012-08-23,19.4060,25.8007,1.4748e-05 
2012-08-24,20.4842,27.1779,0.0000 
2012-08-25,21.4629,28.8213,3.6274e-08 
2012-08-26,21.3596,26.9952,7.6743e-04 
2012-08-27,21.0311,25.5374,4.5344 
2012-08-28,17.0144,23.1496,0.1593 
2012-08-29,14.6981,23.0341,4.2720e-05 
2012-08-30,18.0112,25.8522,0.0000 
2012-08-31,20.4341,30.7311,0.0000 
2012-09-01,18.6829,28.6812,0.0031 
2012-09-02,19.4673,26.1249,0.1355 
2012-09-03,18.9483,28.6590,0.0628 
2012-09-04,21.5279,27.2772,15.7579 
2012-09-05,19.2091,25.5815,0.6027 
2012-09-06,17.7816,24.3808,0.0724 
2012-09-07,18.2550,24.9715,0.1606 
2012-09-08,14.5040,23.6765,22.8646 
2012-09-09,12.6398,17.8606,0.9610 
2012-09-10,12.4189,19.4164,0.3196 
2012-09-11,16.4410,22.7593,0.0246 
2012-09-12,16.9260,24.9795,0.0042 
2012-09-13,18.7668,26.2637,0.0015 
2012-09-14,13.2996,25.0434,11.6180 
2012-09-15,11.8920,17.6286,0.0330 
2012-09-16,13.1517,22.2532,0.0348 
2012-09-17,16.0301,22.3049,0.0206 
2012-09-18,13.7195,20.3503,9.9929 
2012-09-19,6.0940,14.8803,0.3527 
2012-09-20,13.6038,19.4705,1.8318 
2012-09-21,14.4707,18.5806,0.3631 
2012-09-22,10.3037,16.9371,4.9971 
2012-09-23,6.0458,12.0270,0.2467 
2012-09-24,6.1751,14.3625,0.0167 
2012-09-25,11.5592,19.3733,0.0033 
2012-09-26,13.3913,18.4070,0.0055 
2012-09-27,7.2412,17.2745,0.0019 
2012-09-28,9.6513,15.9956,0.0950 
2012-09-29,9.6161,17.1055,0.0451 
2012-09-30,7.8959,15.6072,0.0360 
2012-10-01,8.9382,16.5262,0.2801 
2012-10-02,11.4381,19.5725,1.2768 
2012-10-03,14.4212,19.4638,0.3090 
2012-10-04,13.4140,21.3838,0.1552 
2012-10-05,8.5242,20.3399,1.8489 
2012-10-06,5.1778,9.7847,6.3842 
2012-10-07,3.1920,8.7075,0.0231 
2012-10-08,4.0604,9.3641,0.0303 
2012-10-09,6.5937,12.9702,0.0013 
2012-10-10,5.8234,12.2599,3.5172 
2012-10-11,3.3704,12.9210,0.0026 
2012-10-12,3.9341,12.3443,1.8878 
2012-10-13,4.5755,14.7730,3.6600 
2012-10-14,13.4524,18.5752,10.9049 
2012-10-15,8.0588,17.2994,1.7519 
2012-10-16,3.9132,10.4763,0.0440 
2012-10-17,8.2911,18.8878,3.4511 
2012-10-18,12.1263,17.8576,2.7210 
2012-10-19,10.2130,13.0357,1.1208 
2012-10-20,7.3869,10.5175,9.0122 
2012-10-21,5.8044,13.0850,0.4287 
2012-10-22,9.7063,17.8792,0.0014 
2012-10-23,14.5673,19.0127,7.1322 
2012-10-24,12.1321,20.3495,0.3789 
2012-10-25,14.7760,21.4194,0.0081 
2012-10-26,7.6180,20.5312,3.6408 
2012-10-27,4.5527,8.4110,5.2470 
2012-10-28,3.0727,7.0193,0.4020 
2012-10-29,4.0430,5.1390,11.0957 
2012-10-30,4.5585,9.4009,26.1678 
2012-10-31,4.8697,9.0118,10.4416 
2012-11-01,3.7161,6.6269,2.4150 
2012-11-02,1.0972,6.1032,1.9144 
2012-11-03,0.5138,4.3806,3.9870 
2012-11-04,-0.3211,3.7302,1.2789 
2012-11-05,-2.1868,2.4513,0.2067 
2012-11-06,-2.1410,4.1756,0.0064 
2012-11-07,-1.1502,6.2887,0.0027 
2012-11-08,-0.3193,5.4070,0.0959 
2012-11-09,2.6004,8.5746,0.8803 
2012-11-10,6.1915,12.0483,0.4510 
2012-11-11,10.5711,15.3591,0.0380 
2012-11-12,2.8337,14.8411,9.1159 
2012-11-13,-1.9878,2.5385,0.1481 
2012-11-14,-1.7381,3.5587,0.0027 
2012-11-15,-0.1513,5.4772,0.0013 
2012-11-16,2.5511,7.6864,0.0223 
2012-11-17,3.2333,8.8056,0.0057 
2012-11-18,3.0145,8.7294,0.0069 
2012-11-19,4.6001,9.3748,0.0247 
2012-11-20,5.6868,10.4422,0.0018 
2012-11-21,5.4290,11.9806,0.0264 
2012-11-22,5.7031,12.6740,0.0222 
2012-11-23,1.8514,12.1540,4.9291 
2012-11-24,-0.7401,1.7955,0.3199 
2012-11-25,-4.3984,1.4107,1.7439 
2012-11-26,-3.7235,1.3572,0.0247 
2012-11-27,-5.5143,-0.5846,6.8116e-04 
2012-11-28,-2.7955,2.0104,0.0115 
2012-11-29,-2.6292,4.8758,0.0133 
2012-11-30,0.0356,4.1822,0.2567 
2012-12-01,-1.1680,7.9435,0.0436 
2012-12-02,8.4979,13.2464,6.1324 
2012-12-03,4.0846,14.0878,0.3221 
2012-12-04,8.9829,15.2225,6.5968 
2012-12-05,-1.6305,8.5387,0.0303 
2012-12-06,-5.0608,2.5364,0.0108 
2012-12-07,2.3916,5.5877,1.1583 
2012-12-08,1.9482,4.4482,5.9140 
2012-12-09,-2.6015,1.8388,3.1328 
2012-12-10,0.2028,8.9891,2.8829 
2012-12-11,-5.6966,-0.4027,0.4931 
2012-12-12,-3.4431,3.2034,0.0014 
2012-12-13,-1.0830,4.4566,0.0012 
2012-12-14,-0.1096,5.4269,0.0067 
2012-12-15,-0.2316,5.7393,0.5990 
2012-12-16,5.0910,11.4339,7.0693 
2012-12-17,3.3752,9.5168,0.0605 
2012-12-18,1.2706,4.4397,0.3906 
2012-12-19,0.1445,4.6885,0.4042 
2012-12-20,1.1954,7.2361,9.2680 
2012-12-21,-0.3559,7.9357,8.9534 
2012-12-22,-2.5799,-0.1712,0.7815 
2012-12-23,-5.7140,0.0147,0.0059 
2012-12-24,-5.3346,-0.8708,0.7937 
2012-12-25,-3.3588,0.6502,0.7348 
2012-12-26,-5.4219,-1.2178,6.0554 
2012-12-27,-4.3169,-1.2198,10.0799 
2012-12-28,-5.9408,-2.0298,0.4093 
2012-12-29,-5.0569,-1.6533,4.3550 
2012-12-30,-6.5279,-2.1501,0.6716 
2012-12-31,-5.4306,0.3148,0.0347 
2013-01-01,-7.3072,0.2433,0.1903 
2013-01-02,-12.0656,-5.4038,0.0091 
2013-01-03,-8.7363,-1.7982,0.0724 
2013-01-04,-4.9590,-1.1500,0.0150 
2013-01-05,-5.7714,-1.1588,0.0064 
2013-01-06,-3.0237,1.2965,2.8090 
2013-01-07,-3.5946,0.6523,0.0921 
2013-01-08,-3.8500,0.0327,3.3859e-04 
2013-01-09,-1.0910,2.6347,0.1077 
2013-01-10,-1.6177,1.6416,4.4165e-04 
2013-01-11,-0.0699,11.4817,11.3311 
2013-01-12,6.8778,11.8306,0.0067 
2013-01-13,3.2897,11.0747,25.1400 
2013-01-14,-6.6822,2.7213,2.3453 
2013-01-15,-6.9996,-1.9924,0.0036 
2013-01-16,-4.7618,0.2603,1.3453e-04 
2013-01-17,-4.0582,0.1224,0.0669 
2013-01-18,-10.9011,-1.1772,0.1289 
2013-01-19,-0.2869,4.7455,0.0237 
2013-01-20,-7.4117,5.7994,0.1356 
2013-01-21,-12.7496,-7.7416,0.5685 
2013-01-22,-17.7362,-11.3797,0.0822 
2013-01-23,-17.9690,-10.2868,0.2319 
2013-01-24,-13.1975,-8.4166,2.3215 
2013-01-25,-12.2716,-7.2181,3.2408 
2013-01-26,-8.4733,-3.6516,1.6670 
2013-01-27,-7.5554,-3.3369,0.2359 
2013-01-28,-3.4224,5.2486,14.5731 
2013-01-29,0.5634,11.9272,18.7927 
2013-01-30,11.1534,14.6247,6.2355 
2013-01-31,-5.4613,10.7163,1.5567 
2013-02-01,-8.9012,-5.8618,0.7485 
2013-02-02,-13.2845,-6.7149,3.0458 
2013-02-03,-11.4762,-7.0216,0.6842 
2013-02-04,-13.5749,-7.2738,0.7477 
2013-02-05,-9.9563,-5.4717,0.1307 
2013-02-06,-9.8725,-4.5384,0.2654 
2013-02-07,-7.2060,-1.0299,0.2894 
2013-02-08,-4.8979,0.3310,11.4548 
2013-02-09,-8.6798,-4.7377,0.7962 
2013-02-10,-8.7391,2.7914,0.0021 
2013-02-11,1.1767,5.9446,3.7398 
2013-02-12,-2.6197,1.0595,0.0163 
2013-02-13,-6.6168,0.3688,0.0078 
2013-02-14,-4.3121,3.7538,1.7219 
2013-02-15,-4.6747,4.1157,0.9751 
2013-02-16,-8.8187,-4.4474,2.3993 
2013-02-17,-11.5164,-5.6514,2.1255 
2013-02-18,-10.3937,2.2845,0.0124 
2013-02-19,-3.3439,4.7900,11.1124 
2013-02-20,-9.0919,-3.5942,0.3620 
2013-02-21,-10.6913,-5.4222,0.4487 
2013-02-22,-10.2498,1.9070,4.8126 
2013-02-23,-2.9173,2.3772,0.7191 
2013-02-24,-6.0851,0.6959,1.0027 
2013-02-25,-3.8653,1.4830,0.0019 
2013-02-26,-3.7688,2.5499,2.9411 
2013-02-27,0.6007,1.4597,17.1896 
2013-02-28,-0.9217,1.0545,1.9078 
2013-03-01,-4.3419,-0.8048,0.1630 
2013-03-02,-9.2427,-4.1703,0.1461 
2013-03-03,-8.0441,-3.3085,0.2674 
2013-03-04,-9.2266,-1.7460,0.0867 
2013-03-05,-7.5164,0.3758,0.0056 
2013-03-06,-2.8344,4.2174,0.0125 
2013-03-07,-2.1129,2.5354,0.1502 
2013-03-08,-4.5955,3.1738,0.0243 
2013-03-09,-2.0919,3.9550,0.0060 
2013-03-10,1.8374,14.1896,0.0745 
2013-03-11,8.3229,13.3193,11.1609 
2013-03-12,0.8755,9.1275,3.3167 
2013-03-13,-3.2399,1.8545,1.5560 
2013-03-14,-7.3296,1.2043,0.2031 
2013-03-15,-3.5651,3.0186,1.6132 
2013-03-16,-4.1965,0.5022,4.3274 
2013-03-17,-6.7768,-1.3079,0.0799 
2013-03-18,-7.0476,2.1747,0.7838 
2013-03-19,-5.1871,3.4361,0.7759 
2013-03-20,-6.7259,-2.5956,0.0685 
2013-03-21,-10.7407,-0.8094,1.0451 
2013-03-22,-6.6113,0.9742,0.6954 
2013-03-23,-3.8606,2.4199,0.0078 
2013-03-24,-3.4842,2.4182,7.7560e-04 
2013-03-25,-1.3354,3.3333,0.1834 
2013-03-26,-0.4251,4.3543,0.0627 
2013-03-27,-1.3962,4.6774,0.2483 
2013-03-28,-0.0046,6.3744,0.3256 
2013-03-29,-1.4279,7.9010,0.0033 
2013-03-30,2.2266,10.0142,0.0164 
2013-03-31,4.4064,12.7231,0.6988 
2013-04-01,-3.2129,11.5763,0.6380 
2013-04-02,-5.4985,2.1992,0.0563 
2013-04-03,-6.5027,1.6807,0.0228 
2013-04-04,-2.9139,8.6279,0.0049 
2013-04-05,-0.7948,7.9409,0.0150 
2013-04-06,-2.9184,5.8728,0.0387 
2013-04-07,6.0270,15.0979,0.1501 
2013-04-08,0.9668,11.4941,3.4926 
2013-04-09,2.0687,13.3717,11.2746 
2013-04-10,5.8878,10.4214,27.2484 
2013-04-11,1.3157,6.5334,21.8332 
2013-04-12,2.4603,8.0906,26.2275 
2013-04-13,2.1922,5.7943,0.5756 
2013-04-14,-0.5164,7.8138,0.0854 
2013-04-15,5.2137,18.9138,0.0018 
2013-04-16,7.5786,18.0210,2.8533 
2013-04-17,3.6549,12.7029,0.0201 
2013-04-18,10.1683,24.1764,16.5094 
2013-04-19,4.5266,22.5709,9.3469 
2013-04-20,-1.1649,5.2941,0.3245 
2013-04-21,-1.6828,6.2196,0.0060 
2013-04-22,0.8868,13.4089,9.8609e-04 
2013-04-23,6.7378,18.4689,0.0245 
2013-04-24,1.4041,17.8835,19.4000 
2013-04-25,0.2282,8.0103,2.6144 
2013-04-26,4.2854,10.8173,5.8920e-07 
2013-04-27,5.7092,17.7083,1.7415e-04 
2013-04-28,9.3861,16.8925,6.9016 
2013-04-29,11.6356,17.4214,2.1681 
2013-04-30,10.7797,21.6962,0.3381 
2013-05-01,14.0002,23.0352,8.3746e-04 
2013-05-02,12.9506,22.0655,0.0000 
2013-05-03,14.0657,21.7784,0.0000 
2013-05-04,13.0131,21.1563,0.0000 
2013-05-05,12.9606,21.1475,1.2369e-04 
2013-05-06,10.7172,21.4307,1.2475e-05 
2013-05-07,14.2060,22.9155,0.0045 
2013-05-08,15.0639,22.0569,0.6835 
2013-05-09,14.6449,23.2974,0.5398 
2013-05-10,11.8747,22.4567,2.6368 
2013-05-11,3.9930,14.9635,0.1845 
2013-05-12,3.4624,12.2240,1.2902 
2013-05-13,-0.9343,8.7438,0.0294 
2013-05-14,6.1136,15.7823,0.4291 
2013-05-15,12.7478,22.5469,0.5554 
2013-05-16,15.3069,21.3856,0.0032 
2013-05-17,8.8058,18.2443,1.1266e-04 
2013-05-18,13.6323,22.0466,0.0037 
2013-05-19,14.8204,26.5054,0.0140 
2013-05-20,17.3150,28.5227,0.0036 
2013-05-21,20.4040,27.7663,0.0588 
2013-05-22,19.6562,26.5332,0.4776 
2013-05-23,4.3448,25.1905,1.8362 
2013-05-24,3.1941,6.5464,0.4237 
2013-05-25,3.4416,10.8572,0.0825 
2013-05-26,5.1092,14.0236,4.6745e-07 
2013-05-27,8.2423,17.0412,0.1863 
2013-05-28,10.8149,23.6033,34.2866 
2013-05-29,18.0760,25.5767,23.1654 
2013-05-30,19.9701,27.4446,0.5313 
2013-05-31,20.3809,27.0435,1.7729 
2013-06-01,19.2526,24.6534,2.6029 
2013-06-02,17.0636,21.3008,3.5462 
2013-06-03,6.6234,17.1553,0.0326 
2013-06-04,9.0390,16.7924,0.0111 
2013-06-05,10.0769,20.3221,0.0135 
2013-06-06,12.0082,19.4873,0.1896 
2013-06-07,11.8158,17.2663,0.3329 
2013-06-08,9.8545,18.5474,0.0191 
2013-06-09,15.0272,22.7865,0.2907 
2013-06-10,17.7752,22.4174,10.0173 
2013-06-11,14.8827,22.4459,3.6379 
2013-06-12,17.1027,23.8669,0.6115 
2013-06-13,13.6427,23.2061,21.3844 
2013-06-14,11.5950,17.6861,0.0423 
2013-06-15,10.9646,23.1331,0.0230 
2013-06-16,16.5860,25.4088,2.4274 
2013-06-17,17.3982,25.1994,5.5874 
2013-06-18,13.9448,19.2775,11.4068 
2013-06-19,9.9034,19.8384,0.0014 
2013-06-20,15.3626,23.2998,0.0030 
2013-06-21,18.6354,26.7576,0.0022 
2013-06-22,20.5894,30.3109,0.1495 
2013-06-23,21.0414,30.2141,0.3624 
2013-06-24,22.8466,29.1106,0.0319 
2013-06-25,20.4254,28.7285,2.5466 
2013-06-26,18.8835,26.9496,13.1658 
2013-06-27,21.1709,26.6855,5.4792 
2013-06-28,18.2749,25.8287,7.8833 
2013-06-29,16.1138,21.6385,6.7078 
2013-06-30,14.2586,21.7886,0.0495 
2013-07-01,17.0829,22.4260,1.1182 
2013-07-02,15.6332,23.3721,0.3814 
2013-07-03,17.6141,27.2975,1.6390 
2013-07-04,18.5783,25.3868,3.3645 
2013-07-05,19.5751,24.9642,13.6533 
2013-07-06,21.0743,26.6705,1.1599 
2013-07-07,19.7323,25.0880,10.3805 
2013-07-08,20.2429,27.6226,12.0243 
2013-07-09,20.2671,27.1711,5.5443 
2013-07-10,20.0793,28.0929,6.4321 
2013-07-11,16.8590,23.1500,0.1230 
2013-07-12,14.3086,24.9546,0.0332 
2013-07-13,17.5052,26.5663,0.0032 
2013-07-14,21.3249,28.8442,0.0076 
2013-07-15,23.4953,29.2378,0.1318 
2013-07-16,24.3076,30.4706,0.0930 
2013-07-17,25.3166,31.6057,0.2562 
2013-07-18,24.3317,31.9235,0.8306 
2013-07-19,25.1021,31.6034,0.2513 
2013-07-20,20.7389,28.7213,9.1861 
2013-07-21,17.5814,25.1517,0.0314 
2013-07-22,18.9796,25.6524,0.1318 
2013-07-23,19.7710,24.2578,3.6415 
2013-07-24,13.8581,19.7910,0.0294 
2013-07-25,13.2147,21.7462,0.0105 
2013-07-26,17.8485,22.5189,0.0018 
2013-07-27,17.9455,21.6754,5.1186 
2013-07-28,12.7774,17.7850,1.1961 
2013-07-29,12.6244,19.5579,0.7457 
2013-07-30,15.9121,23.4733,0.0061 
2013-07-31,19.2284,23.1387,3.6975 
2013-08-01,17.1248,22.2942,20.3783 
2013-08-02,16.2475,22.9332,0.2570 
2013-08-03,14.9412,22.3681,1.0017 
2013-08-04,13.3399,21.7130,0.0887 
2013-08-05,13.1393,20.9678,7.5482e-04 
2013-08-06,16.6773,24.3117,0.6835 
2013-08-07,19.7414,25.1018,2.3157 
2013-08-08,16.8104,23.2075,3.9146 
2013-08-09,15.9272,24.0756,0.0112 
2013-08-10,16.3908,23.8103,0.1165 
2013-08-11,17.2327,22.3344,0.0775 
2013-08-12,17.2946,20.8304,3.8792 
2013-08-13,14.6495,17.5620,10.8221 
2013-08-14,12.3767,18.1759,1.3703 
2013-08-15,13.8188,20.4028,0.0075 
2013-08-16,17.0826,23.2526,0.0364 
2013-08-17,18.0248,24.5577,0.0940 
2013-08-18,18.9223,25.2293,0.3707 
2013-08-19,18.7899,25.5567,0.0585 
2013-08-20,19.9401,27.3034,0.0632 
2013-08-21,21.7297,28.0647,0.0218 
2013-08-22,19.7887,27.2731,0.4691 
2013-08-23,17.1493,24.8621,0.0654 
2013-08-24,17.4159,24.2576,0.0152 
2013-08-25,18.7320,26.8842,0.0496 
2013-08-26,21.8206,30.8069,2.5445 
2013-08-27,21.7717,29.8900,4.2846 
2013-08-28,20.2580,28.0725,22.6658 
2013-08-29,19.4978,27.5762,0.0662 
2013-08-30,22.1611,27.5934,0.0387 
2013-08-31,18.9136,27.1047,0.2124 
2013-09-01,18.7947,23.5025,1.0205 
2013-09-02,19.4858,22.5713,0.2795 
2013-09-03,13.2697,21.0789,0.1943 
2013-09-04,13.9370,24.6607,0.0110 
2013-09-05,12.8091,22.5301,0.0125 
2013-09-06,9.8098,20.6986,7.4204e-05 
2013-09-07,15.8709,23.2196,0.8850 
2013-09-08,15.3744,20.7504,0.8083 
2013-09-09,13.7331,25.3466,0.1237 
2013-09-10,23.5419,31.5610,0.3677 
2013-09-11,24.5319,30.9564,0.6679 
2013-09-12,18.9256,24.7754,22.1491 
2013-09-13,11.5869,16.8899,7.7608 
2013-09-14,8.3060,17.3238,0.0145 
2013-09-15,13.1882,17.7670,0.6023 
2013-09-16,10.9027,14.2749,0.8970 
2013-09-17,6.5329,16.5160,0.0458 
2013-09-18,13.1182,20.3171,0.0259 
2013-09-19,16.0102,24.9687,0.0982 
2013-09-20,19.3782,26.1257,14.8824 
2013-09-21,15.7280,20.0514,57.3411 
2013-09-22,9.0683,15.2320,1.1501 
2013-09-23,7.6990,15.0830,0.6187 
2013-09-24,9.2039,17.5445,0.0032 
2013-09-25,10.6916,19.3146,1.0519e-04 
2013-09-26,13.9758,21.3694,0.0018 
2013-09-27,12.7206,20.1798,0.0284 
2013-09-28,12.8012,21.4195,2.9122e-04 
2013-09-29,15.9119,20.6558,1.7511 
2013-09-30,15.5053,18.7312,2.0755 
2013-10-01,14.7186,22.4377,0.0086 
2013-10-02,15.9248,21.6629,0.0734 
2013-10-03,14.7144,22.5943,0.2753 
2013-10-04,17.9303,25.2936,3.6655 
2013-10-05,17.4458,24.4578,2.9097 
2013-10-06,18.0194,23.0265,5.4348 
2013-10-07,8.5532,17.2230,20.5509 
2013-10-08,9.9974,16.4958,0.0135 
2013-10-09,12.3143,17.6574,1.0090e-04 
2013-10-10,11.8698,18.6851,3.2324e-04 
2013-10-11,10.4578,20.0034,0.0108 
2013-10-12,10.7968,20.4930,0.0509 
2013-10-13,14.3493,18.1090,0.7088 
2013-10-14,9.5627,14.7311,0.0243 
2013-10-15,9.6981,17.6344,0.0932 
2013-10-16,14.5337,17.6262,2.9120 
2013-10-17,8.1230,13.8100,5.2077 
2013-10-18,7.1835,14.3672,0.2828 
2013-10-19,6.7199,12.9450,6.3177 
2013-10-20,4.4337,11.5473,0.3566 
2013-10-21,10.2804,11.4557,2.9405 
2013-10-22,1.5511,9.9260,1.2636 
2013-10-23,2.3126,6.9288,0.5724 
2013-10-24,0.1215,7.1618,0.1032 
2013-10-25,1.2098,7.4904,0.5808 
2013-10-26,3.6444,8.5204,2.1825 
2013-10-27,1.1997,8.5165,0.5524 
2013-10-28,2.8320,8.1033,0.0088 
2013-10-29,-1.0018,8.2747,0.0083 
2013-10-30,5.6656,13.9023,0.0170 
2013-10-31,9.0346,15.4882,26.5367 
2013-11-01,7.8202,16.1594,9.2862 
2013-11-02,5.0548,8.3045,7.1805 
2013-11-03,-2.0500,4.5958,0.0269 
2013-11-04,-1.0517,5.7972,0.0818 
2013-11-05,5.9716,13.4648,3.6427e-04 
2013-11-06,9.2398,13.2231,5.1069 
2013-11-07,1.5881,12.8606,1.6736 
2013-11-08,-0.8179,5.4868,0.0854 
2013-11-09,2.6638,10.9811,0.0196 
2013-11-10,3.8441,10.6972,0.3389 
2013-11-11,-0.2478,5.4605,6.8854 
2013-11-12,-3.0080,0.0949,3.4572 
2013-11-13,-6.1022,0.9319,0.0661 
2013-11-14,-0.4005,5.0067,9.4049e-04 
2013-11-15,3.4817,7.1245,2.4596e-05 
2013-11-16,2.6540,11.7788,0.0047 
2013-11-17,11.5393,15.4499,6.0002 
2013-11-18,1.9472,15.4842,3.0451 
2013-11-19,-0.8132,2.8852,0.0369 
2013-11-20,-3.9527,5.3776,0.0019 
2013-11-21,4.0419,8.2828,0.4918 
2013-11-22,1.3302,6.4631,10.4920 
2013-11-23,-5.5441,0.8151,0.0676 
2013-11-24,-8.2814,-5.2091,0.8139 
2013-11-25,-7.4101,-0.7440,0.0951 
2013-11-26,-1.7619,0.7862,0.2329 
2013-11-27,-5.0939,0.0280,2.2446 
2013-11-28,-8.3266,-3.2078,2.2319 
2013-11-29,-6.6907,-1.6348,0.3206 
2013-11-30,-5.1149,1.9013,3.6281e-04 
2013-12-01,0.7130,4.0497,0.1992 
2013-12-02,-1.9302,2.7481,0.0921 
2013-12-03,-4.7661,2.9728,0.7396 
2013-12-04,2.4889,9.1131,0.9288 
2013-12-05,1.2823,13.8540,1.4783 
2013-12-06,-5.1113,0.2839,9.7028e-05 
2013-12-07,-10.0399,-4.4548,0.0095 
2013-12-08,-10.1833,-2.7804,0.0275 
2013-12-09,-2.5493,0.7990,0.5439 
2013-12-10,-11.2182,-2.9844,0.0483 
2013-12-11,-8.3682,-5.6857,0.6085 
2013-12-12,-15.8283,-8.1218,0.0870 
2013-12-13,-8.3096,-4.6801,0.5982 
2013-12-14,-10.5741,-5.1233,7.8187 
2013-12-15,-7.3393,-3.9121,5.3749 
2013-12-16,-12.8825,-8.1017,0.2672 
2013-12-17,-10.4023,-4.9719,4.7697 
2013-12-18,-7.3489,-2.8600,1.3887 
2013-12-19,-5.3018,2.3966,0.1165 
2013-12-20,0.6818,2.9892,4.1643 
2013-12-21,-0.0436,2.7776,9.4084 
2013-12-22,0.0755,4.5367,24.3912 
2013-12-23,-6.3498,1.4270,0.2553 
2013-12-24,-10.9081,-3.8352,3.3801 
2013-12-25,-12.3683,-5.6945,2.6111 
2013-12-26,-5.5572,-2.7888,3.4398 
2013-12-27,-6.6903,-1.0706,1.8333 
2013-12-28,-0.9465,2.9483,4.4592e-04 
2013-12-29,-0.6338,3.1453,0.0820 
2013-12-30,-12.7946,-1.9930,0.1215 
2013-12-31,-10.2383,-8.5229,2.7765 
2014-01-01,-12.8691,-8.4577,2.1939 
2014-01-02,-14.4303,-9.4387,5.8679 
2014-01-03,-17.4661,-12.8226,1.5753 
2014-01-04,-16.1777,-3.2231,0.1577 
2014-01-05,-3.5947,-0.8817,11.7849 
2014-01-06,-15.1494,-1.5831,15.8910 
2014-01-07,-20.2356,-15.5228,0.3953 
2014-01-08,-21.4519,-13.3696,0.1054 
2014-01-09,-16.9585,-8.7371,0.1264 
2014-01-10,-8.3776,2.4878,4.2089 
2014-01-11,1.2299,4.1990,18.8852 
2014-01-12,-2.0924,0.7893,0.2662 
2014-01-13,0.5469,5.5857,0.0024 
2014-01-14,-3.4865,4.8368,0.0292 
2014-01-15,-5.2434,0.2419,0.1813 
2014-01-16,-10.1776,-3.2355,3.0971 
2014-01-17,-3.1718,-0.9489,3.5151 
2014-01-18,-9.8912,-3.1337,3.8343 
2014-01-19,-11.4496,-4.6946,0.3956 
2014-01-20,-9.1631,-2.0211,0.9076 
2014-01-21,-16.6822,-9.8188,1.1920 
2014-01-22,-19.0151,-13.9883,0.7943 
2014-01-23,-14.5249,-11.0081,1.9728 
2014-01-24,-18.9074,-13.0081,0.3368 
2014-01-25,-13.1106,-3.3455,11.0918 
2014-01-26,-17.4759,-8.3319,5.5684 
2014-01-27,-14.9459,-4.9767,5.0842 
2014-01-28,-22.2616,-15.7064,0.0341 
2014-01-29,-22.4723,-10.8910,0.0402 
2014-01-30,-14.9470,-6.2410,0.0043 
2014-01-31,-5.8365,-2.4464,0.4621 
2014-02-01,-4.7660,0.8066,10.1793 
2014-02-02,-6.6988,0.6002,3.1214 
2014-02-03,-10.5681,-6.1898,0.0876 
2014-02-04,-10.2489,-6.2667,0.0406 
2014-02-05,-10.4964,-6.2727,22.0464 
2014-02-06,-15.2293,-8.7113,0.4343 
2014-02-07,-16.0175,-9.5275,0.0398 
2014-02-08,-20.4637,-11.3318,0.2687 
2014-02-09,-13.0172,-8.0815,5.2558 
2014-02-10,-13.3040,-8.5337,0.5157 
2014-02-11,-17.4774,-10.6199,0.3160 
2014-02-12,-15.7440,-9.8978,0.0038 
2014-02-13,-10.9065,-5.1386,0.0016 
2014-02-14,-10.3968,-2.3357,1.3119 
2014-02-15,-10.3801,-4.1536,0.8258 
2014-02-16,-11.4597,-7.7804,0.7502 
2014-02-17,-16.2626,-7.8818,0.0464 
2014-02-18,-7.1135,-1.8114,13.7798 
2014-02-19,-2.0798,3.2380,0.0809 
2014-02-20,-3.0894,2.7294,7.7615 
2014-02-21,-0.9939,6.5337,4.1581 
2014-02-22,-3.4750,-0.4153,0.0042 
2014-02-23,-8.2595,-1.7371,0.0012 
2014-02-24,-11.1959,-6.1998,0.0420 
2014-02-25,-12.7650,-6.3444,0.0548 
2014-02-26,-15.8134,-6.6592,0.1735 
2014-02-27,-16.1686,-11.1122,0.5366 
2014-02-28,-20.2576,-11.2393,0.0388 
2014-03-01,-13.3926,-2.2157,1.3223 
2014-03-02,-16.3866,-6.9443,7.1940 
2014-03-03,-21.2960,-14.0117,0.0037 
2014-03-04,-16.3482,-9.4394,0.0157 
2014-03-05,-10.5614,-7.0496,0.0066 
2014-03-06,-13.1070,-4.8328,0.0016 
2014-03-07,-6.4472,1.9747,1.6167e-06 
2014-03-08,-5.4750,0.3079,0.2250 
2014-03-09,-10.6235,-2.1462,3.2751e-04 
2014-03-10,-2.2556,3.5987,0.0608 
2014-03-11,2.1091,5.3786,0.0226 
2014-03-12,-12.0498,3.3794,17.1636 
2014-03-13,-18.0158,-8.1069,0.0017 
2014-03-14,-8.9582,3.7291,0.1941 
2014-03-15,-1.5044,3.2704,0.2017 
2014-03-16,-14.5193,-2.2946,0.0077 
2014-03-17,-16.3735,-3.1018,0.0112 
2014-03-18,-7.0244,4.9593,0.0142 
2014-03-19,1.9770,7.9249,3.0238 
2014-03-20,-0.8542,6.4541,0.6834 
2014-03-21,-4.3903,3.9040,0.0112 
2014-03-22,-1.0830,3.9098,2.6254 
2014-03-23,-11.1984,1.1424,0.1498 
2014-03-24,-10.8519,-2.4591,0.0606 
2014-03-25,-7.2770,-1.6952,1.1245 
2014-03-26,-12.5443,-2.5488,0.2698 
2014-03-27,-7.4012,3.1337,1.7021 
2014-03-28,1.8878,11.0176,2.9012 
2014-03-29,-3.5665,3.9930,0.1356 
2014-03-30,-4.6894,3.8033,1.9108e-04 
2014-03-31,-2.2273,9.4417,0.0039 
2014-04-01,3.3478,14.4368,0.0599 
2014-04-02,-0.2327,8.5297,9.7212e-05 
2014-04-03,-3.7378,7.1755,0.9857 
2014-04-04,3.2470,13.7263,7.1548 
2014-04-05,-2.8916,7.7486,0.1565 
2014-04-06,2.1715,9.9704,7.3356e-06 
2014-04-07,2.5897,8.9550,1.9254 
2014-04-08,2.3906,11.8722,8.9046 
2014-04-09,-0.7460,10.4237,0.0130 
2014-04-10,5.3866,17.3959,0.0834 
2014-04-11,6.3579,15.4097,0.5681 
2014-04-12,9.4323,18.2606,0.0071 
2014-04-13,13.5112,22.1106,4.0064 
2014-04-14,5.6384,20.8774,0.2817 
2014-04-15,-4.7506,3.1888,6.0893 
2014-04-16,-5.5439,2.0247,0.1587 
2014-04-17,-1.4119,13.8379,3.9233e-04 
2014-04-18,7.0840,13.5201,0.0830 
2014-04-19,-1.5938,11.8138,0.0023 
2014-04-20,3.4313,17.7829,3.3882e-04 
2014-04-21,12.4117,21.5501,5.0472e-04 
2014-04-22,8.2731,20.5608,3.6094 
2014-04-23,2.0901,7.0978,0.9473 
2014-04-24,0.8783,11.2239,8.3441e-04 
2014-04-25,7.0365,11.5393,4.3050 
2014-04-26,4.4548,9.7482,0.0608 
2014-04-27,-0.4272,12.1135,2.7262e-04 
2014-04-28,5.7025,12.9683,0.0680 
2014-04-29,8.8834,16.1616,19.8707 
2014-04-30,9.6122,13.5250,12.0727 
2014-05-01,7.8122,12.1593,0.6345 
2014-05-02,6.5332,13.6108,0.9855 
2014-05-03,7.8710,13.1971,4.9427 
2014-05-04,6.5973,12.0148,1.0458 
2014-05-05,3.4403,11.4192,0.0396 
2014-05-06,3.4063,13.9073,8.4469e-04 
2014-05-07,8.1047,17.4305,3.6627 
2014-05-08,12.0951,25.0554,0.5409 
2014-05-09,17.8864,24.5824,0.9100 
2014-05-10,12.4803,19.7838,3.5343 
2014-05-11,12.9946,22.8406,0.0065 
2014-05-12,17.0650,25.3524,12.3495 
2014-05-13,19.3007,26.3652,4.4280 
2014-05-14,11.5398,25.1271,6.4335 
2014-05-15,8.8463,17.5411,31.9555 
2014-05-16,0.5080,12.4509,0.0525 
2014-05-17,4.4974,11.1798,0.3124 
2014-05-18,6.7268,15.8553,0.2258 
2014-05-19,9.5206,18.6856,0.0345 
2014-05-20,14.0209,17.9024,3.2092 
2014-05-21,16.6731,24.6074,12.3774 
2014-05-22,10.2916,23.4462,0.2927 
2014-05-23,8.1854,18.1093,0.0899 
2014-05-24,9.3043,20.6076,0.0130 
2014-05-25,16.9614,24.8931,1.5693e-04 
2014-05-26,18.0364,26.8439,1.6778e-04 
2014-05-27,21.5064,26.5717,3.8527 
2014-05-28,14.6291,20.2049,4.0296 
2014-05-29,10.5108,20.8366,0.0267 
2014-05-30,12.6733,22.7322,8.6005e-04 
2014-05-31,14.4650,22.6824,7.9250e-05 
2014-06-01,14.1274,25.6163,0.0022 
2014-06-02,20.4551,28.7576,0.9725 
2014-06-03,18.9457,24.9414,4.4416 
2014-06-04,17.5539,23.0545,0.7288 
2014-06-05,9.0971,18.7425,0.0435 
2014-06-06,10.2440,23.3499,1.1885e-04 
2014-06-07,17.4929,24.9086,0.0000 
2014-06-08,14.8021,23.5623,2.3735 
2014-06-09,12.4329,22.6541,0.0093 
2014-06-10,16.0762,23.5910,0.0049 
2014-06-11,17.3352,25.1668,2.3698 
2014-06-12,17.8711,24.3010,3.1409 
2014-06-13,16.4752,24.0301,0.5936 
2014-06-14,8.3058,17.6661,8.0792e-04 
2014-06-15,12.4315,23.3118,8.2000e-04 
2014-06-16,18.6061,27.4741,0.0383 
2014-06-17,22.4429,29.2930,0.3329 
2014-06-18,17.4980,28.5333,11.2432 
2014-06-19,18.2916,24.6714,3.3178 
2014-06-20,14.7761,22.1889,0.2519 
2014-06-21,16.7940,24.1466,0.2803 
2014-06-22,18.3420,24.5556,0.0015 
2014-06-23,18.4534,27.8069,0.8081 
2014-06-24,19.7014,27.3369,18.4578 
2014-06-25,16.5863,21.5145,2.2425 
2014-06-26,12.3895,22.7071,0.0025 
2014-06-27,16.7151,25.8429,0.0116 
2014-06-28,21.3478,28.6527,0.0107 
2014-06-29,22.0597,28.0264,7.8379 
2014-06-30,22.2375,28.2557,1.1942 
2014-07-01,23.5081,27.9222,5.8311 
2014-07-02,19.1505,26.7973,0.0545 
2014-07-03,15.5453,22.9775,0.6155 
2014-07-04,12.0404,19.5860,0.0627 
2014-07-05,17.4449,23.8671,7.5163e-05 
2014-07-06,17.7116,26.9346,5.5911e-05 
2014-07-07,22.9038,26.9376,27.3842 
2014-07-08,18.6906,26.5333,22.5575 
2014-07-09,13.8636,21.8695,0.0551 
2014-07-10,16.0399,21.3376,0.0626 
2014-07-11,16.4550,24.8460,0.0066 
2014-07-12,19.9926,27.5736,1.7873e-06 
2014-07-13,21.1369,27.5613,5.0995 
2014-07-14,18.2069,26.0545,0.7229 
2014-07-15,14.9894,25.0458,2.6709 
2014-07-16,13.1714,18.8449,0.3196 
2014-07-17,14.3848,21.9450,0.1606 
2014-07-18,17.9738,23.5365,0.0049 
2014-07-19,17.5059,22.3164,2.3530 
2014-07-20,17.3366,23.4808,0.8168 
2014-07-21,19.2474,26.5092,0.0222 
2014-07-22,21.1633,29.6759,7.9637e-07 
2014-07-23,17.2975,29.2452,3.7457 
2014-07-24,14.7692,20.7788,1.0110e-04 
2014-07-25,16.3003,22.9050,3.2737e-04 
2014-07-26,18.2619,26.1640,0.0333 
2014-07-27,18.7586,25.9495,8.8229 
2014-07-28,15.3254,20.1845,8.5584 
2014-07-29,10.9655,18.6076,0.6843 
2014-07-30,15.3670,19.9817,0.8533 
2014-07-31,14.6410,22.8467,0.8905 
2014-08-01,18.0965,25.6377,3.3636 
2014-08-02,18.3619,25.5998,0.7762 
2014-08-03,19.3062,25.4645,0.3197 
2014-08-04,20.2050,26.1326,2.6142 
2014-08-05,19.4622,24.2802,12.7014 
2014-08-06,15.6683,22.8417,0.0143 
2014-08-07,18.0433,23.8039,3.6629e-04 
2014-08-08,16.1028,23.3175,7.6803e-05 
2014-08-09,17.5597,24.3020,1.3732e-06 
2014-08-10,17.0676,25.9031,1.2176e-04 
2014-08-11,19.4146,24.9279,17.2659 
2014-08-12,18.7761,21.9889,13.8442 
2014-08-13,14.3418,20.9396,1.1767 
2014-08-14,12.8612,20.2785,0.0243 
2014-08-15,9.9441,21.7156,0.0015 
2014-08-16,14.9457,25.7806,0.5263 
2014-08-17,14.8806,22.4612,0.6857 
2014-08-18,14.0596,23.0001,0.0204 
2014-08-19,17.0852,25.8406,4.5588 
2014-08-20,18.7407,24.7770,7.8976 
2014-08-21,19.0121,25.9428,1.9429 
2014-08-22,20.4484,25.7661,0.4450 
2014-08-23,17.9762,24.3271,0.1161 
2014-08-24,17.9072,23.8469,0.0099 
2014-08-25,19.1446,25.7701,1.9939e-04 
2014-08-26,21.3086,29.8100,3.3958 
2014-08-27,16.1008,28.9551,0.6933 
2014-08-28,13.8253,19.4978,0.0083 
2014-08-29,14.3409,21.9152,2.4638e-04 
2014-08-30,19.6473,28.9662,0.0034 
2014-08-31,19.6790,27.2183,0.9031 
2014-09-01,20.9987,27.3829,11.6954 
2014-09-02,20.5372,23.8793,22.4540 
2014-09-03,19.8510,25.3386,0.2165 
2014-09-04,19.4682,27.2764,0.0091 
2014-09-05,21.3812,29.5678,2.1897 
2014-09-06,15.7388,27.9420,37.4503 
2014-09-07,14.6214,21.0157,0.0444 
2014-09-08,15.9412,22.0952,0.0403 
2014-09-09,18.9017,23.6551,0.0740 
2014-09-10,18.6539,24.1853,43.5498 
2014-09-11,13.2202,22.2389,3.9891 
2014-09-12,9.9916,14.7541,2.3939 
2014-09-13,8.7025,14.0464,9.6300 
2014-09-14,7.7237,14.7341,0.0076 
2014-09-15,12.7625,17.5814,0.0376 
2014-09-16,9.3693,16.2948,3.3484 
2014-09-17,10.8970,17.3481,2.6821e-04 
2014-09-18,11.3870,16.8835,5.6266e-05 
2014-09-19,6.0825,16.8734,4.0315e-05 
2014-09-20,14.3226,23.3511,0.0960 
2014-09-21,11.7931,20.8916,12.6885 
2014-09-22,9.2947,13.5544,1.5748 
2014-09-23,11.1162,19.2978,7.5230e-04 
2014-09-24,13.5527,20.6674,8.3014e-04 
2014-09-25,14.0817,21.2000,0.0017 
2014-09-26,15.2258,22.4283,0.0000 
2014-09-27,15.9067,23.2914,0.0248 
2014-09-28,16.9737,22.3733,0.0472 
2014-09-29,16.1593,22.8747,0.0962 
2014-09-30,11.9431,21.9166,15.7205 
2014-10-01,12.0223,18.5015,0.1918 
2014-10-02,13.8683,20.3716,0.0211 
2014-10-03,15.2156,20.5987,7.8210 
2014-10-04,6.6604,14.6195,7.4783 
2014-10-05,5.1883,10.3830,0.1340 
2014-10-06,8.5483,16.7701,3.2409 
2014-10-07,9.7540,15.2273,4.1900 
2014-10-08,8.6368,12.7383,0.0102 
2014-10-09,6.3411,12.6558,0.0043 
2014-10-10,6.4895,11.8793,0.0078 
2014-10-11,5.7339,11.2343,0.2327 
2014-10-12,6.4124,13.6552,9.9855e-04 
2014-10-13,11.5787,20.4297,4.2453 
2014-10-14,18.0793,20.5366,0.9543 
2014-10-15,14.5561,18.1614,10.0225 
2014-10-16,11.6001,16.4970,1.1323 
2014-10-17,10.1273,16.4036,0.5947 
2014-10-18,7.0721,15.0437,3.7129 
2014-10-19,3.3888,7.8271,0.1344 
2014-10-20,6.6451,11.8824,1.7854 
2014-10-21,7.7664,11.2949,2.1994 
2014-10-22,2.4718,10.3397,0.0424 
2014-10-23,4.5826,11.8138,0.0462 
2014-10-24,6.5483,13.9802,0.0090 
2014-10-25,8.6117,17.3072,0.0149 
2014-10-26,7.0322,13.5133,9.6428e-05 
2014-10-27,7.4564,16.5285,0.1345 
2014-10-28,14.5818,18.7658,2.4873 
2014-10-29,7.1943,13.6765,0.1038 
2014-10-30,3.4368,8.7552,0.1986 
2014-10-31,5.5508,7.5426,5.6215 
2014-11-01,0.6818,6.0902,2.9201 
2014-11-02,-2.3207,5.8845,0.0663 
2014-11-03,2.4361,11.0224,0.0154 
2014-11-04,9.7898,13.5271,1.0899 
2014-11-05,5.9629,11.8033,0.6248 
2014-11-06,6.2565,9.4775,6.8884 
2014-11-07,0.7894,7.2128,3.7872 
2014-11-08,1.4450,5.7717,2.3780 
2014-11-09,0.6883,6.2631,0.0557 
2014-11-10,5.2211,12.2274,0.0361 
2014-11-11,10.2139,16.2480,0.0319 
2014-11-12,-1.6574,12.0712,0.1189 
2014-11-13,-3.4974,0.4798,0.1745 
2014-11-14,-6.5449,0.3147,0.0373 
2014-11-15,-6.6367,-1.0539,0.0255 
2014-11-16,-3.2134,-0.1146,0.3750 
2014-11-17,-4.8855,-1.1573,5.5562 
2014-11-18,-8.9995,-5.4981,0.3241 
2014-11-19,-10.5018,-1.8395,2.5711 
2014-11-20,-6.0977,-1.1490,1.5955 
2014-11-21,-11.2771,-5.7273,0.1408 
2014-11-22,-7.6403,4.0964,1.7879 
2014-11-23,4.2077,8.4264,2.9830 
2014-11-24,4.1978,12.9396,23.4123 
2014-11-25,-1.5813,3.3296,0.1600 
2014-11-26,-3.5438,1.3648,0.0267 
2014-11-27,-2.3431,0.4640,1.1778 
2014-11-28,-9.4615,-2.1575,0.1273 
2014-11-29,-4.7817,3.6438,0.7727 
2014-11-30,4.1642,13.0437,0.7423 
2014-12-01,-4.2322,9.3143,0.5731 
2014-12-02,-9.2584,0.0864,0.0443 
2014-12-03,-3.5744,1.5574,0.2323 
2014-12-04,-6.1474,-0.3676,0.0026 
2014-12-05,-2.8637,3.4843,0.0049 
2014-12-06,0.8984,3.4143,0.0041 
2014-12-07,-7.2126,0.6531,2.7472e-04 
2014-12-08,-1.9858,4.1545,6.5754e-04 
2014-12-09,1.9662,4.2087,0.9921 
2014-12-10,-2.6175,2.3794,0.0685 
2014-12-11,-2.2458,2.1025,0.0103 
2014-12-12,-2.7681,2.4758,0.0076 
2014-12-13,-3.6347,5.1180,0.0861 
2014-12-14,2.5197,7.2172,0.1026 
2014-12-15,5.1296,8.3996,0.2516 
2014-12-16,4.2912,7.5036,7.0981 
2014-12-17,-1.4704,7.2152,2.0515 
2014-12-18,-3.3656,-0.2268,0.1965 
2014-12-19,-4.8164,-0.9946,0.0743 
2014-12-20,-4.2101,-1.6041,0.0216 
2014-12-21,-3.7180,-0.1418,0.0069 
2014-12-22,-2.8831,3.2537,5.1914e-04 
2014-12-23,2.1907,7.7766,0.8927 
2014-12-24,6.5592,11.7780,11.0563 
2014-12-25,1.6873,10.1802,9.4387 
2014-12-26,0.4623,5.2307,0.0270 
2014-12-27,2.6247,8.8362,0.4633 
2014-12-28,-1.5037,8.4844,1.4742 
2014-12-29,-5.1961,-0.6801,0.0224 
2014-12-30,-9.4078,-4.5317,0.0053 
2014-12-31,-12.0608,-7.2436,0.0780 
2015-01-01,-8.1471,-6.7270,0.1062 
