Meteorological forcing data for the Large Basin Runoff Model.      
stc, 06,   <- lake basin, subbasin            
yyyy-mm-dd, Tmin(C), Tmax(C), Prec(mm)                             
2010-01-01,-6.5380,-3.8589,3.5541 
2010-01-02,-11.7572,-6.1353,3.3931 
2010-01-03,-12.7761,-7.1375,2.5728 
2010-01-04,-9.2613,-6.9526,1.0096 
2010-01-05,-8.3525,-4.4842,1.9683 
2010-01-06,-7.0326,-4.1133,0.3358 
2010-01-07,-6.1830,-3.2061,1.5254 
2010-01-08,-8.6059,-4.3359,6.4156 
2010-01-09,-12.0987,-7.5290,0.1083 
2010-01-10,-11.6684,-6.2942,0.0263 
2010-01-11,-10.6699,-6.9263,1.7078 
2010-01-12,-11.8194,-5.9120,0.3278 
2010-01-13,-9.3202,-2.9475,0.0068 
2010-01-14,-4.4046,0.4571,0.0011 
2010-01-15,-0.8784,1.5431,0.1389 
2010-01-16,-5.2924,-1.0799,0.0143 
2010-01-17,-3.6009,1.6238,0.0068 
2010-01-18,-5.0238,0.5742,0.0079 
2010-01-19,-2.9708,-0.4412,0.4771 
2010-01-20,-6.4520,-1.7235,0.5063 
2010-01-21,-8.9255,-0.4211,8.2246e-04 
2010-01-22,-2.8361,0.6781,0.0067 
2010-01-23,-4.0251,1.3799,0.0838 
2010-01-24,0.7982,4.8528,7.1878 
2010-01-25,-0.1482,5.8931,9.3913 
2010-01-26,-3.9594,-0.3385,2.4044 
2010-01-27,-7.9876,-1.3263,1.8622 
2010-01-28,-10.6330,-5.1290,3.3249 
2010-01-29,-12.9893,-9.2326,1.5210 
2010-01-30,-15.8832,-9.7476,0.0760 
2010-01-31,-13.1213,-5.2619,1.3814 
2010-02-01,-10.4368,-5.1587,1.0727 
2010-02-02,-6.8172,-3.6809,1.0659 
2010-02-03,-5.6263,-1.8307,1.8698 
2010-02-04,-6.7250,-1.4248,0.1002 
2010-02-05,-4.5148,-0.6495,0.0029 
2010-02-06,-10.9165,-2.8444,0.0058 
2010-02-07,-12.7201,-4.4661,0.0119 
2010-02-08,-9.2719,-2.8586,0.0059 
2010-02-09,-9.6404,-4.2970,2.6752 
2010-02-10,-4.6003,-3.0335,8.2849 
2010-02-11,-8.4102,-4.1370,0.6173 
2010-02-12,-8.1002,-4.0471,0.1369 
2010-02-13,-7.9350,-4.3165,0.3689 
2010-02-14,-6.6210,-2.6228,0.6091 
2010-02-15,-6.6093,-2.9604,0.5368 
2010-02-16,-6.8795,-2.5613,0.9500 
2010-02-17,-5.2861,-1.7145,0.3263 
2010-02-18,-3.6739,-1.2022,0.0438 
2010-02-19,-4.7451,-0.9333,0.0209 
2010-02-20,-6.0333,-0.3666,0.0054 
2010-02-21,-3.5351,1.6148,4.8165e-04 
2010-02-22,-4.0454,0.5862,13.7457 
2010-02-23,-2.7417,-0.6091,1.6521 
2010-02-24,-3.9487,-0.5682,0.1549 
2010-02-25,-5.7743,-1.7693,0.6626 
2010-02-26,-6.0378,0.1788,4.5721 
2010-02-27,-3.0158,0.3885,2.8397 
2010-02-28,-3.9933,1.5424,0.3609 
2010-03-01,-4.5264,0.0886,0.0052 
2010-03-02,-6.2287,0.2388,0.0012 
2010-03-03,-6.0099,1.8390,0.0019 
2010-03-04,-7.0391,0.5489,3.8598e-05 
2010-03-05,-6.7244,1.0844,3.5288e-05 
2010-03-06,-5.7179,1.4524,2.4117e-05 
2010-03-07,-3.1756,2.7635,5.3442e-05 
2010-03-08,-0.9633,6.6959,7.9249e-05 
2010-03-09,3.6593,9.8893,0.0048 
2010-03-10,3.9931,10.3219,0.0678 
2010-03-11,3.6051,13.0469,0.0072 
2010-03-12,5.9849,10.7935,1.3058 
2010-03-13,2.3726,8.7974,11.8238 
2010-03-14,2.2522,5.0220,8.2910 
2010-03-15,2.5565,10.8940,0.1336 
2010-03-16,2.7444,13.6274,2.2916e-04 
2010-03-17,5.0839,13.7503,1.6927e-04 
2010-03-18,4.2949,15.3105,5.1771e-05 
2010-03-19,5.2674,16.0528,1.0005e-05 
2010-03-20,0.7082,15.3807,0.1070 
2010-03-21,-1.7652,8.7872,0.1782 
2010-03-22,0.2907,7.5028,3.8942 
2010-03-23,3.3404,6.6952,0.6813 
2010-03-24,-0.2802,10.4074,0.0086 
2010-03-25,-0.4209,8.5868,1.5733 
2010-03-26,-8.2243,0.9748,0.0021 
2010-03-27,-4.5614,4.7955,0.0014 
2010-03-28,2.9513,5.4872,7.1718 
2010-03-29,2.3547,9.2828,3.7172 
2010-03-30,-0.8825,11.0786,0.0153 
2010-03-31,4.8739,14.2430,0.0115 
2010-04-01,9.1821,21.0282,0.0076 
2010-04-02,12.6062,23.9779,4.7617e-05 
2010-04-03,14.7019,23.7121,0.1155 
2010-04-04,7.2544,16.5109,0.2896 
2010-04-05,9.6305,20.7049,0.3048 
2010-04-06,10.3879,22.1094,15.8678 
2010-04-07,15.1901,22.0004,8.7202 
2010-04-08,8.4680,14.6720,27.9391 
2010-04-09,-1.8054,7.4394,0.1760 
2010-04-10,-0.4785,13.8656,0.0189 
2010-04-11,5.6664,14.5884,0.0892 
2010-04-12,6.0171,13.6796,1.3862e-06 
2010-04-13,6.3895,12.7583,0.8740 
2010-04-14,6.2855,15.0211,0.0157 
2010-04-15,10.8024,25.3773,0.0058 
2010-04-16,13.0639,24.2239,0.1492 
2010-04-17,1.9544,10.5673,1.2162 
2010-04-18,2.8097,10.3275,0.2058 
2010-04-19,2.8327,12.8676,5.7160e-05 
2010-04-20,6.1328,14.8580,7.1839e-05 
2010-04-21,9.6456,16.2255,0.0097 
2010-04-22,0.4875,12.5989,0.0057 
2010-04-23,1.7935,13.5687,9.3202e-04 
2010-04-24,7.7475,15.9386,0.3296 
2010-04-25,8.8316,13.0912,13.6882 
2010-04-26,8.2193,15.9276,2.0783 
2010-04-27,0.9225,12.7542,8.9756e-04 
2010-04-28,0.7531,10.1147,7.3303e-04 
2010-04-29,6.9122,15.6157,0.0278 
2010-04-30,10.2772,23.7678,0.1423 
2010-05-01,16.3097,23.3258,3.4287 
2010-05-02,16.4061,20.6978,1.8430 
2010-05-03,14.9689,20.5887,6.9175 
2010-05-04,12.2716,20.1031,0.3470 
2010-05-05,13.8071,23.4249,7.7146 
2010-05-06,9.5519,15.5208,1.3402 
2010-05-07,6.7109,12.1261,8.4514 
2010-05-08,2.6763,11.0736,16.8538 
2010-05-09,-0.0575,6.1133,0.6428 
2010-05-10,0.5509,11.0644,0.0106 
2010-05-11,4.8920,10.6784,15.8063 
2010-05-12,5.4472,11.9676,1.9439 
2010-05-13,5.5874,11.7867,11.9231 
2010-05-14,11.9319,16.4283,6.1530 
2010-05-15,6.3980,15.1357,0.0170 
2010-05-16,6.3283,17.4591,0.0059 
2010-05-17,11.1039,16.9848,0.5959 
2010-05-18,10.6351,16.6947,4.0215 
2010-05-19,9.3285,20.3996,0.0034 
2010-05-20,16.1007,24.9766,9.9026e-04 
2010-05-21,16.7335,23.9473,0.0224 
2010-05-22,16.2622,22.2577,8.7227 
2010-05-23,14.5413,23.2782,0.0644 
2010-05-24,16.3197,25.8170,0.0040 
2010-05-25,18.8134,26.1824,6.7875e-05 
2010-05-26,21.0125,27.6585,0.0019 
2010-05-27,21.3012,26.7176,0.1073 
2010-05-28,18.5848,25.6800,0.2924 
2010-05-29,18.5411,24.9197,0.0774 
2010-05-30,17.4611,27.3712,0.0255 
2010-05-31,20.9633,28.8369,0.9442 
2010-06-01,17.2774,23.5968,14.2780 
2010-06-02,18.4142,25.1774,11.1827 
2010-06-03,15.3890,21.6543,8.3617 
2010-06-04,13.5758,22.0960,0.2536 
2010-06-05,17.1493,23.9120,9.1043 
2010-06-06,13.0250,21.5159,36.7594 
2010-06-07,8.7541,15.9424,1.0240 
2010-06-08,10.0081,17.9019,0.0041 
2010-06-09,12.3713,23.3331,8.6537 
2010-06-10,13.6342,23.0280,0.7685 
2010-06-11,13.2203,22.5595,0.0186 
2010-06-12,19.0949,25.8872,0.3392 
2010-06-13,17.3861,24.2895,0.3137 
2010-06-14,15.9226,23.2847,0.0457 
2010-06-15,16.6700,22.8970,0.0904 
2010-06-16,17.9830,23.3056,6.3588 
2010-06-17,12.6170,22.7963,0.6195 
2010-06-18,17.0379,25.3935,0.0550 
2010-06-19,21.2663,27.3919,0.2061 
2010-06-20,17.9429,25.8267,0.0139 
2010-06-21,17.0699,25.2995,0.0028 
2010-06-22,18.6455,26.1541,6.4570 
2010-06-23,21.8677,27.6535,0.6948 
2010-06-24,19.0627,25.8987,5.0130 
2010-06-25,14.6213,23.1994,0.0253 
2010-06-26,18.0710,25.6385,0.3069 
2010-06-27,19.0263,27.4005,1.6286 
2010-06-28,20.2896,24.5076,8.1853 
2010-06-29,12.3663,22.6895,0.0546 
2010-06-30,10.2921,17.0653,2.2056e-04 
2010-07-01,11.4040,19.5997,5.6692e-04 
2010-07-02,13.3390,22.3847,4.0529e-04 
2010-07-03,17.6208,25.8351,2.3603e-04 
2010-07-04,20.1282,29.2050,6.6621e-04 
2010-07-05,23.6928,31.0812,0.0330 
2010-07-06,24.4979,30.8460,0.0571 
2010-07-07,25.3324,31.5440,0.2047 
2010-07-08,24.6098,30.4505,1.0060 
2010-07-09,20.8633,27.0856,14.7204 
2010-07-10,18.5305,26.1807,0.0071 
2010-07-11,21.4585,26.9701,0.1157 
2010-07-12,18.5569,25.9076,12.4435 
2010-07-13,18.0785,25.1228,0.4313 
2010-07-14,18.5367,26.7940,0.0249 
2010-07-15,21.9702,28.3836,0.5248 
2010-07-16,20.4222,28.2495,21.5159 
2010-07-17,21.4119,27.5944,2.5919 
2010-07-18,18.5427,27.4446,0.3631 
2010-07-19,19.0695,27.2280,8.1170 
2010-07-20,17.8185,25.3677,0.4243 
2010-07-21,19.8281,24.7054,0.6230 
2010-07-22,19.8607,24.8295,0.1238 
2010-07-23,17.4641,29.5532,12.1125 
2010-07-24,22.8523,29.3663,9.4409 
2010-07-25,18.7765,25.7592,4.3734 
2010-07-26,17.2908,25.4448,0.0813 
2010-07-27,20.0764,26.5388,0.0690 
2010-07-28,20.9247,28.6293,8.6908 
2010-07-29,16.0337,22.5867,0.2689 
2010-07-30,16.6092,23.8330,0.0072 
2010-07-31,17.1412,24.3236,0.9613 
2010-08-01,16.6193,25.7917,0.4358 
2010-08-02,20.7344,26.2382,0.0369 
2010-08-03,22.3893,28.2440,0.0282 
2010-08-04,22.7746,27.9907,0.2132 
2010-08-05,21.5294,27.4199,1.1489 
2010-08-06,16.8459,23.1845,0.2177 
2010-08-07,14.5871,21.4226,0.0460 
2010-08-08,19.1041,26.8806,0.6483 
2010-08-09,21.1581,28.0270,3.6029 
2010-08-10,20.7747,27.6681,0.9328 
2010-08-11,19.7761,27.3695,0.0121 
2010-08-12,21.1740,27.2939,0.2487 
2010-08-13,19.5883,27.4107,0.0267 
2010-08-14,21.6981,30.1293,0.1523 
2010-08-15,22.6184,29.1382,0.6549 
2010-08-16,18.2194,25.3117,0.4324 
2010-08-17,16.9964,24.7526,0.0029 
2010-08-18,17.1166,23.8469,0.0377 
2010-08-19,18.9353,25.4445,0.0619 
2010-08-20,15.5359,24.2290,0.0153 
2010-08-21,20.2468,27.2926,6.3163 
2010-08-22,18.4235,23.0718,9.1077 
2010-08-23,17.7128,22.8962,1.7246 
2010-08-24,15.7632,22.1809,0.2512 
2010-08-25,16.9928,21.4582,0.0419 
2010-08-26,13.7787,20.2526,0.0456 
2010-08-27,12.8141,21.7718,0.0010 
2010-08-28,17.3589,24.6480,2.8023e-04 
2010-08-29,20.9158,27.7976,5.1293e-04 
2010-08-30,23.3449,29.8968,5.9450e-04 
2010-08-31,24.5681,29.3240,0.0039 
2010-09-01,22.3851,28.1325,0.0048 
2010-09-02,21.7064,27.3732,3.3299 
2010-09-03,17.9229,24.8776,11.8540 
2010-09-04,12.1517,18.9511,2.2451 
2010-09-05,10.8739,17.4780,1.6421 
2010-09-06,15.7652,22.8467,0.2361 
2010-09-07,19.0657,26.8935,0.0845 
2010-09-08,13.9888,24.2719,0.7553 
2010-09-09,11.9735,15.7699,1.4745 
2010-09-10,10.3288,18.7390,0.0471 
2010-09-11,12.7215,18.8662,1.7653 
2010-09-12,12.2744,19.4573,3.2995 
2010-09-13,14.9325,21.3765,0.8159 
2010-09-14,11.1083,19.2767,0.0072 
2010-09-15,9.9340,17.6471,0.0293 
2010-09-16,12.7592,19.7879,19.1921 
2010-09-17,8.5136,16.0513,0.2787 
2010-09-18,12.6122,20.7124,0.8945 
2010-09-19,9.0335,17.5659,0.2830 
2010-09-20,8.1846,16.9906,0.0802 
2010-09-21,13.1247,26.4900,0.0111 
2010-09-22,18.8990,26.0824,6.2889 
2010-09-23,12.5057,24.6936,0.2530 
2010-09-24,22.3635,26.2144,0.1104 
2010-09-25,12.2453,22.4917,0.9524 
2010-09-26,7.5551,14.1052,0.7036 
2010-09-27,9.6370,15.4780,1.2551 
2010-09-28,12.4331,13.7380,29.0340 
2010-09-29,10.8176,16.8734,1.2271 
2010-09-30,13.7396,18.4074,0.0152 
2010-10-01,9.5458,14.0966,0.1320 
2010-10-02,7.3035,10.4026,13.0112 
2010-10-03,4.0869,9.6151,3.2765 
2010-10-04,3.2417,12.1340,0.1513 
2010-10-05,7.3190,14.0467,1.4074 
2010-10-06,9.1374,15.8628,6.1776 
2010-10-07,10.5652,15.6995,0.2899 
2010-10-08,9.5957,20.4897,0.0019 
2010-10-09,11.8217,19.3670,9.7755e-04 
2010-10-10,10.9984,20.4746,0.0095 
2010-10-11,13.4018,18.6125,2.6903 
2010-10-12,5.0300,13.9530,3.0576 
2010-10-13,8.1503,14.2154,0.1710 
2010-10-14,9.6627,12.0929,20.2383 
2010-10-15,7.4018,12.2284,0.8619 
2010-10-16,5.9471,12.2803,0.0041 
2010-10-17,7.9737,12.4456,0.0118 
2010-10-18,7.0321,10.4632,0.0044 
2010-10-19,4.4177,10.7641,0.1811 
2010-10-20,5.8187,14.4569,0.1426 
2010-10-21,5.2347,12.8081,12.1121 
2010-10-22,2.8004,8.9151,3.1027 
2010-10-23,6.9035,15.6947,1.2389 
2010-10-24,12.7485,18.0991,2.5901 
2010-10-25,14.9014,18.4403,0.6649 
2010-10-26,13.2817,19.7696,8.0329 
2010-10-27,10.3786,15.3190,0.4382 
2010-10-28,6.3704,14.2800,0.2221 
2010-10-29,4.3861,8.1644,1.5661 
2010-10-30,3.4677,9.7139,0.0036 
2010-10-31,2.0407,9.1095,0.3011 
2010-11-01,-0.6607,4.8609,0.0202 
2010-11-02,0.0972,5.7548,0.0013 
2010-11-03,1.6994,7.1490,0.4121 
2010-11-04,3.3448,7.9694,1.1416 
2010-11-05,2.0962,5.7947,0.9573 
2010-11-06,-1.3047,4.1256,0.4607 
2010-11-07,-0.2180,6.7132,0.0032 
2010-11-08,3.8355,10.3617,8.1491e-04 
2010-11-09,3.6963,9.3811,2.8562e-04 
2010-11-10,3.5317,9.9278,0.0026 
2010-11-11,3.2377,10.3141,0.0014 
2010-11-12,4.7310,13.2220,0.0060 
2010-11-13,4.5310,11.8629,0.2061 
2010-11-14,4.5019,9.6025,2.5385 
2010-11-15,2.3608,7.8565,0.0141 
2010-11-16,4.3359,9.5750,1.6617 
2010-11-17,4.6074,9.9781,17.5821 
2010-11-18,2.9044,7.1782,2.2342 
2010-11-19,-1.0920,4.9194,0.5318 
2010-11-20,1.8474,6.1375,0.0026 
2010-11-21,-1.8224,9.0031,0.2340 
2010-11-22,9.9195,13.9750,12.0867 
2010-11-23,0.0913,14.9799,9.2874 
2010-11-24,-2.2610,2.6572,0.0332 
2010-11-25,0.8122,9.2070,4.3167 
2010-11-26,-6.0380,9.3030,13.0552 
2010-11-27,-3.6836,1.7367,1.1016 
2010-11-28,-4.6494,1.0925,0.0889 
2010-11-29,-0.1411,4.8797,0.0365 
2010-11-30,3.8846,10.7529,18.0528 
2010-12-01,-3.4890,9.2756,8.7061 
2010-12-02,-3.9015,-1.7959,1.6824 
2010-12-03,-5.0145,-0.3129,1.4992 
2010-12-04,-4.6013,-1.5289,1.1111 
2010-12-05,-6.2499,-2.4099,1.9251 
2010-12-06,-4.4921,-3.0843,13.9203 
2010-12-07,-5.3979,-4.2124,6.1942 
2010-12-08,-6.3477,-4.7312,6.6639 
2010-12-09,-9.2008,-5.0191,2.6460 
2010-12-10,-6.0065,1.1712,1.9399 
2010-12-11,-2.7330,2.3097,0.4433 
2010-12-12,0.0800,1.4899,16.2692 
2010-12-13,-9.0709,-0.5357,4.6002 
2010-12-14,-10.3624,-7.6674,2.8386 
2010-12-15,-8.3182,-4.7762,4.8072 
2010-12-16,-9.6800,-5.5776,1.4862 
2010-12-17,-7.2260,-3.9903,0.9305 
2010-12-18,-9.6228,-4.9931,0.3031 
2010-12-19,-9.4090,-5.0123,0.4490 
2010-12-20,-6.7571,-2.3161,0.8111 
2010-12-21,-5.6437,-3.4569,0.1100 
2010-12-22,-8.3325,-3.0061,0.1094 
2010-12-23,-4.4853,-2.4790,0.2033 
2010-12-24,-6.1510,-3.4685,0.0951 
2010-12-25,-7.6885,-4.5753,0.0041 
2010-12-26,-9.5016,-6.4525,0.0210 
2010-12-27,-9.4386,-3.7997,0.0657 
2010-12-28,-7.0301,-4.0466,0.0812 
2010-12-29,-7.8395,-2.8389,0.0593 
2010-12-30,-4.3601,2.7269,0.4838 
2010-12-31,2.3182,5.2795,2.6090 
2011-01-01,1.9154,8.2892,11.9591 
2011-01-02,-10.0443,0.5322,0.4010 
2011-01-03,-9.7267,-2.5926,0.3558 
2011-01-04,-3.5303,-0.6742,4.4400 
2011-01-05,-8.7098,-1.5334,3.5158 
2011-01-06,-7.6649,-3.4996,3.0626 
2011-01-07,-11.3045,-4.0665,2.5593 
2011-01-08,-10.0895,-6.3469,0.7899 
2011-01-09,-9.7943,-5.3960,1.1631 
2011-01-10,-9.5443,-5.5007,1.0469 
2011-01-11,-10.5710,-4.9828,3.2828 
2011-01-12,-8.5574,-5.6803,7.9797 
2011-01-13,-10.0604,-6.2083,0.9941 
2011-01-14,-9.3565,-6.3097,1.3005 
2011-01-15,-8.6208,-3.8133,6.1979 
2011-01-16,-9.9810,-3.7779,1.0699 
2011-01-17,-15.6095,-7.3629,0.0512 
2011-01-18,-6.8861,1.3755,2.7327 
2011-01-19,-8.4653,-0.4071,0.7939 
2011-01-20,-10.5176,-7.3638,1.2644 
2011-01-21,-11.1994,-7.7137,4.2034 
2011-01-22,-17.1150,-11.4071,2.6409 
2011-01-23,-17.0803,-11.5379,1.7323 
2011-01-24,-19.2628,-9.2015,1.1548 
2011-01-25,-8.8285,-2.4125,1.4150 
2011-01-26,-5.2885,-2.5047,0.1571 
2011-01-27,-5.3546,-3.1953,1.9417 
2011-01-28,-6.3830,-2.9228,3.0450 
2011-01-29,-7.1359,-3.6519,5.7148 
2011-01-30,-8.5361,-4.7716,0.7561 
2011-01-31,-15.9118,-7.2657,0.0714 
2011-02-01,-11.7389,-8.0623,1.0578 
2011-02-02,-9.7540,-2.5421,16.1610 
2011-02-03,-13.5287,-7.5525,0.6222 
2011-02-04,-14.7083,-8.4796,0.0123 
2011-02-05,-11.5472,-4.3621,10.2662 
2011-02-06,-8.9217,-3.5991,4.7476 
2011-02-07,-3.8988,-0.9252,1.9476 
2011-02-08,-12.2683,-2.9395,0.6607 
2011-02-09,-14.3727,-9.7666,0.1439 
2011-02-10,-18.5195,-10.3117,0.0974 
2011-02-11,-18.8422,-8.5951,0.4292 
2011-02-12,-8.5765,-4.2896,4.4208 
2011-02-13,-6.2655,2.4055,3.6920 
2011-02-14,-3.9919,2.7489,0.1493 
2011-02-15,-10.6727,-4.6310,0.0072 
2011-02-16,-8.2814,2.7261,0.1787 
2011-02-17,2.0693,6.1965,0.1484 
2011-02-18,2.4697,7.7143,0.0338 
2011-02-19,-6.3190,1.4059,0.2472 
2011-02-20,-8.4057,-2.8552,1.0334 
2011-02-21,-9.1670,-3.9580,16.1368 
2011-02-22,-13.1650,-6.8338,0.0125 
2011-02-23,-11.4065,-3.5574,0.0111 
2011-02-24,-5.5706,-0.3789,3.0636 
2011-02-25,-5.1140,-2.2895,2.9770 
2011-02-26,-8.6644,-2.3044,2.9907 
2011-02-27,-3.8506,1.0956,4.2463 
2011-02-28,-3.6169,1.7765,16.2340 
2011-03-01,-8.1062,-0.8150,0.0088 
2011-03-02,-8.5864,1.2170,0.1294 
2011-03-03,-12.6169,-4.2351,0.0155 
2011-03-04,-4.5170,4.1675,1.8826 
2011-03-05,0.8303,5.7786,28.8017 
2011-03-06,-5.5863,0.1214,5.1832 
2011-03-07,-11.6549,-2.2459,4.5639e-04 
2011-03-08,-6.7815,1.4426,0.0017 
2011-03-09,-0.8124,3.1850,13.0769 
2011-03-10,1.9578,5.5010,11.7986 
2011-03-11,-0.6798,1.3633,19.6369 
2011-03-12,-3.6215,3.6615,1.0686 
2011-03-13,-1.1212,0.5313,0.7636 
2011-03-14,-7.0629,0.2938,0.0590 
2011-03-15,-3.3388,3.9825,0.5865 
2011-03-16,2.0133,8.3923,5.0102 
2011-03-17,3.2503,12.5928,0.0605 
2011-03-18,5.9263,14.6826,0.2752 
2011-03-19,-2.0338,5.6973,0.1053 
2011-03-20,-5.2461,5.5665,0.0015 
2011-03-21,4.7003,8.7879,14.1247 
2011-03-22,-1.0757,5.8162,0.1714 
2011-03-23,-4.1678,2.6948,16.3519 
2011-03-24,-7.8442,-3.3408,0.3472 
2011-03-25,-9.7629,-3.8379,0.0832 
2011-03-26,-10.9646,-3.5428,0.0180 
2011-03-27,-10.8109,-3.1110,0.0053 
2011-03-28,-8.5536,-1.9109,0.0051 
2011-03-29,-6.7336,1.3119,0.0024 
2011-03-30,-3.9865,2.3060,0.0244 
2011-03-31,-1.5068,3.6090,0.1778 
2011-04-01,-0.4949,5.4387,0.0114 
2011-04-02,0.6024,6.1061,0.0064 
2011-04-03,-0.4715,5.2079,3.3283 
2011-04-04,1.5751,15.7762,17.9166 
2011-04-05,-0.7754,8.8499,1.2978 
2011-04-06,-0.8582,4.1692,9.7142 
2011-04-07,0.0995,9.2370,0.4334 
2011-04-08,2.8161,8.0772,0.9414 
2011-04-09,2.2998,11.3160,0.0038 
2011-04-10,6.4232,21.7029,1.0720 
2011-04-11,12.6579,21.6285,0.5973 
2011-04-12,2.9324,12.2038,0.0315 
2011-04-13,4.0862,13.5971,4.8636e-04 
2011-04-14,4.5801,11.2667,0.0017 
2011-04-15,-1.0473,9.3250,0.1549 
2011-04-16,6.6150,11.6867,13.8327 
2011-04-17,0.9391,9.7843,2.4235 
2011-04-18,-2.3618,4.0733,2.4997 
2011-04-19,-2.1622,5.5991,0.9141 
2011-04-20,3.5396,8.3651,17.6562 
2011-04-21,-1.3787,6.2395,0.9356 
2011-04-22,0.8823,7.0417,1.0233 
2011-04-23,5.3626,17.6172,21.5763 
2011-04-24,5.3142,15.3398,0.2891 
2011-04-25,7.2753,12.5052,6.9326 
2011-04-26,7.1687,19.4787,5.9313 
2011-04-27,13.5716,20.2259,11.6249 
2011-04-28,8.5061,16.0146,8.4882 
2011-04-29,2.3258,8.4051,1.5050 
2011-04-30,4.0356,13.1980,0.0913 
2011-05-01,11.0122,15.2789,5.5561 
2011-05-02,7.4894,15.2208,0.3052 
2011-05-03,5.4098,11.3129,9.8530 
2011-05-04,2.2286,10.4036,0.4922 
2011-05-05,4.2827,14.0511,0.2609 
2011-05-06,8.7079,13.4680,8.5826 
2011-05-07,8.7649,14.2200,1.1357 
2011-05-08,7.2830,15.7465,0.0517 
2011-05-09,8.9333,16.2260,6.3411e-04 
2011-05-10,9.8541,16.2929,0.2687 
2011-05-11,11.1681,21.1136,0.1053 
2011-05-12,13.1178,23.9156,2.2499 
2011-05-13,16.0305,25.4413,0.8042 
2011-05-14,15.9338,21.3065,3.5216 
2011-05-15,7.9438,15.9037,24.5198 
2011-05-16,5.3749,7.9943,12.2874 
2011-05-17,5.9588,13.3471,2.7224 
2011-05-18,12.0565,18.4273,3.4435 
2011-05-19,12.1589,17.7336,8.1204 
2011-05-20,12.0747,20.7389,0.6000 
2011-05-21,14.8858,22.5665,0.0607 
2011-05-22,17.0322,23.9787,3.1923 
2011-05-23,16.6735,23.6497,4.4152 
2011-05-24,14.1742,19.8518,0.6604 
2011-05-25,7.8906,19.7429,4.3641 
2011-05-26,14.4067,19.6303,29.6845 
2011-05-27,10.4081,16.0864,5.1463 
2011-05-28,11.4657,19.0029,0.3541 
2011-05-29,15.0944,23.7800,4.6469 
2011-05-30,18.7720,26.5888,14.0114 
2011-05-31,21.5031,28.9399,0.0058 
2011-06-01,20.5605,28.4481,0.0787 
2011-06-02,9.8367,19.7876,0.0561 
2011-06-03,10.7090,20.3168,0.0056 
2011-06-04,15.7105,27.2638,4.1985 
2011-06-05,17.0982,23.5490,0.1681 
2011-06-06,16.2749,25.7174,0.3870 
2011-06-07,19.3576,30.5272,19.1711 
2011-06-08,23.3519,32.1229,0.1226 
2011-06-09,21.1541,30.9686,0.9532 
2011-06-10,10.7785,21.7564,0.5229 
2011-06-11,13.5892,21.8411,0.2424 
2011-06-12,10.1329,21.2833,0.1385 
2011-06-13,10.3715,18.3030,0.0121 
2011-06-14,10.3480,20.4279,0.0033 
2011-06-15,15.3249,22.2841,0.0100 
2011-06-16,16.7235,21.5338,3.2723 
2011-06-17,15.2957,22.4946,0.5144 
2011-06-18,17.5447,25.2486,0.0056 
2011-06-19,14.7055,24.1843,0.0470 
2011-06-20,15.7864,24.8986,0.1299 
2011-06-21,18.3873,25.8945,1.1695 
2011-06-22,19.4012,25.3086,19.2893 
2011-06-23,17.9889,22.3230,19.6654 
2011-06-24,16.9685,19.3947,8.4077 
2011-06-25,13.9180,20.0651,1.4799 
2011-06-26,15.6747,23.1327,0.0541 
2011-06-27,16.4122,23.3074,0.0140 
2011-06-28,18.1281,22.0569,0.3190 
2011-06-29,13.3021,19.7457,0.0670 
2011-06-30,15.1214,23.2941,6.5050e-04 
2011-07-01,17.6102,25.3149,8.5730e-04 
2011-07-02,20.5180,27.7754,1.7514 
2011-07-03,18.1630,26.0499,9.2025 
2011-07-04,19.1395,24.3024,0.0084 
2011-07-05,19.2166,27.7310,0.0046 
2011-07-06,21.6869,26.7866,0.6478 
2011-07-07,18.4758,24.6292,0.0353 
2011-07-08,18.9620,26.5095,0.0479 
2011-07-09,16.5445,26.1814,0.0290 
2011-07-10,20.9173,29.8468,0.0340 
2011-07-11,24.1727,31.1914,0.5435 
2011-07-12,20.4682,29.5277,0.5779 
2011-07-13,15.8000,25.1079,0.0142 
2011-07-14,15.7749,24.6569,0.0605 
2011-07-15,19.6061,26.4119,0.0015 
2011-07-16,20.7675,27.9845,0.0046 
2011-07-17,23.1518,30.1296,0.0187 
2011-07-18,23.6389,31.6208,0.7043 
2011-07-19,21.1560,30.2041,7.9923 
2011-07-20,21.3175,32.0053,0.0335 
2011-07-21,26.7781,34.1685,0.0364 
2011-07-22,22.0329,31.7387,0.0601 
2011-07-23,23.0610,31.5135,0.4399 
2011-07-24,21.0141,26.7749,3.1901 
2011-07-25,20.9035,25.7546,0.3059 
2011-07-26,19.5835,23.3044,0.0378 
2011-07-27,17.3169,24.1652,0.0336 
2011-07-28,21.2225,28.0778,17.2236 
2011-07-29,20.9552,28.1320,13.5652 
2011-07-30,20.4564,27.3950,0.0174 
2011-07-31,23.7717,29.4525,0.8044 
2011-08-01,22.3836,29.1883,1.5339 
2011-08-02,20.8239,26.9344,0.0480 
2011-08-03,20.4539,25.5426,4.1528 
2011-08-04,17.1845,25.1470,0.4839 
2011-08-05,20.1951,26.6511,4.3635e-04 
2011-08-06,20.9814,27.5981,0.1890 
2011-08-07,20.3932,26.4332,3.1819 
2011-08-08,18.6988,25.0843,3.0879 
2011-08-09,18.3284,24.6864,22.5785 
2011-08-10,17.0000,20.4794,1.2406 
2011-08-11,14.8621,22.6520,0.4630 
2011-08-12,18.7968,24.7601,0.0084 
2011-08-13,20.6613,25.3983,0.0826 
2011-08-14,18.0958,24.7071,6.3777 
2011-08-15,16.2514,23.4354,2.5503 
2011-08-16,16.0504,25.6597,0.0066 
2011-08-17,20.2888,25.2131,0.0078 
2011-08-18,20.4022,25.2119,3.3707 
2011-08-19,19.0506,25.9349,0.1635 
2011-08-20,21.6215,26.6863,7.1390 
2011-08-21,16.7272,24.3816,5.9424 
2011-08-22,13.6630,19.3287,2.0244 
2011-08-23,16.7933,23.3213,0.0424 
2011-08-24,17.8293,26.7872,2.6651 
2011-08-25,17.1222,26.3271,25.9355 
2011-08-26,15.4264,22.3238,0.0491 
2011-08-27,17.6178,24.8594,0.0052 
2011-08-28,15.6264,22.6720,0.0015 
2011-08-29,14.9998,21.9296,3.7171e-04 
2011-08-30,17.2479,23.7652,0.0034 
2011-08-31,19.5050,22.7542,0.0282 
2011-09-01,18.2230,27.3720,4.9136 
2011-09-02,21.4058,30.1706,0.0441 
2011-09-03,22.0578,29.4151,0.2074 
2011-09-04,20.5517,28.5229,9.1961 
2011-09-05,13.8525,19.7992,6.5447 
2011-09-06,9.1221,16.4641,0.3478 
2011-09-07,11.7779,16.5661,5.3197 
2011-09-08,14.9378,19.1781,2.3603 
2011-09-09,15.1351,23.3896,1.1287 
2011-09-10,16.4909,22.7009,5.8514 
2011-09-11,16.1132,22.7349,1.0924 
2011-09-12,16.5110,25.2424,0.7829 
2011-09-13,19.1406,23.0592,1.0135 
2011-09-14,10.8035,18.1447,0.5426 
2011-09-15,7.7776,12.7007,7.0387 
2011-09-16,8.0210,12.6635,0.1728 
2011-09-17,8.9547,15.1345,0.0060 
2011-09-18,9.6362,17.0511,0.0037 
2011-09-19,13.7953,17.4848,18.2893 
2011-09-20,12.6244,18.0747,7.5589 
2011-09-21,14.1788,18.9403,1.5984 
2011-09-22,14.7762,19.1332,0.2054 
2011-09-23,12.9619,17.7993,15.8138 
2011-09-24,10.2513,17.1194,0.2937 
2011-09-25,13.7824,19.1038,0.5133 
2011-09-26,16.2993,20.5533,7.9125 
2011-09-27,14.2742,18.6734,13.6480 
2011-09-28,14.9177,17.8525,0.3561 
2011-09-29,11.9931,16.0264,4.8075 
2011-09-30,7.0670,14.1980,9.6948 
2011-10-01,5.4302,10.1204,5.2378 
2011-10-02,1.7872,8.9955,3.2408 
2011-10-03,6.6987,12.3570,6.4723 
2011-10-04,9.2783,17.4034,0.0346 
2011-10-05,13.4581,19.3274,0.0170 
2011-10-06,10.3455,17.3508,0.1042 
2011-10-07,13.6292,20.4676,0.0707 
2011-10-08,14.7911,21.4985,0.0964 
2011-10-09,16.6363,22.8341,0.0862 
2011-10-10,16.5171,22.2655,0.0442 
2011-10-11,16.1042,21.4465,0.0199 
2011-10-12,13.5855,18.8681,11.1342 
2011-10-13,13.4032,16.8060,4.1857 
2011-10-14,10.6648,15.7569,23.4565 
2011-10-15,6.9212,10.3197,5.6771 
2011-10-16,8.6008,12.5763,1.3992 
2011-10-17,6.3596,11.9336,0.0265 
2011-10-18,5.7507,11.7148,0.0719 
2011-10-19,7.3909,12.5237,21.0422 
2011-10-20,7.7736,11.2298,19.9009 
2011-10-21,5.3739,8.0112,2.5483 
2011-10-22,4.2852,9.2630,0.1955 
2011-10-23,7.1297,13.1270,2.7005e-04 
2011-10-24,9.8012,11.8917,3.3653 
2011-10-25,5.5602,10.7133,1.9271 
2011-10-26,7.5712,10.7052,4.3091 
2011-10-27,1.7104,7.0839,2.0953 
2011-10-28,1.3260,7.3094,0.0379 
2011-10-29,4.1102,7.1038,0.3318 
2011-10-30,2.9198,8.1605,0.0291 
2011-10-31,6.2593,8.5786,0.3504 
2011-11-01,5.7028,10.6186,0.4897 
2011-11-02,7.8158,13.5722,6.3583e-04 
2011-11-03,7.6331,12.5021,0.0045 
2011-11-04,0.8738,7.8411,0.0066 
2011-11-05,0.4267,7.6249,0.0019 
2011-11-06,5.0014,11.8353,1.9242e-04 
2011-11-07,8.9805,14.7691,0.1304 
2011-11-08,10.2632,15.3459,1.0775 
2011-11-09,12.5070,14.8374,5.4432 
2011-11-10,3.3172,13.0941,0.5642 
2011-11-11,0.2030,3.7502,0.8646 
2011-11-12,1.9809,11.5390,0.0366 
2011-11-13,8.9751,13.7545,0.0292 
2011-11-14,7.2340,14.2701,12.9937 
2011-11-15,5.8631,10.8241,0.4798 
2011-11-16,3.8373,9.3624,0.0307 
2011-11-17,-1.0001,3.1295,0.0693 
2011-11-18,-3.8262,5.0374,0.1005 
2011-11-19,4.0459,8.0860,0.0344 
2011-11-20,4.1489,12.0598,0.0604 
2011-11-21,-3.4660,3.7528,4.7977e-04 
2011-11-22,-2.3401,3.5764,2.7983 
2011-11-23,0.8195,5.5682,21.3020 
2011-11-24,-0.2489,7.7402,0.0127 
2011-11-25,3.9774,9.9641,0.0021 
2011-11-26,7.2026,11.3567,0.0121 
2011-11-27,7.1532,11.7540,20.5651 
2011-11-28,1.2982,5.8045,1.8021 
2011-11-29,4.2069,5.2644,58.5875 
2011-11-30,-0.4985,4.6847,6.2621 
2011-12-01,-1.5734,3.3595,1.4553e-04 
2011-12-02,-1.3651,1.7389,1.5846 
2011-12-03,-0.3435,6.4790,0.1183 
2011-12-04,5.3445,7.7669,12.4609 
2011-12-05,1.9717,8.5670,17.9933 
2011-12-06,-2.1669,1.1871,9.4670 
2011-12-07,-3.9365,0.0522,0.2579 
2011-12-08,-4.8967,0.1094,0.0491 
2011-12-09,-2.9304,-0.8151,2.0524 
2011-12-10,-8.9138,-3.6444,0.0225 
2011-12-11,-8.1124,-0.0048,0.0062 
2011-12-12,-3.0802,1.9823,2.1007e-04 
2011-12-13,-1.4920,3.7627,0.0192 
2011-12-14,1.9151,6.5537,5.7036 
2011-12-15,7.1507,13.1112,20.0972 
2011-12-16,-0.4739,5.8626,0.8963 
2011-12-17,-6.6544,-0.3876,1.4183 
2011-12-18,-5.5252,-0.2600,0.8533 
2011-12-19,-0.6515,6.3558,0.0110 
2011-12-20,-5.0478,3.6540,0.0619 
2011-12-21,-0.2556,8.4912,5.1217 
2011-12-22,0.5987,4.7739,0.6308 
2011-12-23,-3.8727,2.4073,1.9700 
2011-12-24,-7.0870,-0.1144,0.0490 
2011-12-25,-1.8464,3.8275,0.1386 
2011-12-26,-2.1869,2.6966,0.1888 
2011-12-27,0.0435,1.6174,7.8970 
2011-12-28,-6.0709,0.0221,3.0704 
2011-12-29,-7.9939,0.6603,2.5640 
2011-12-30,-0.7196,4.7778,3.4533 
2011-12-31,1.2609,5.2710,8.1802 
2012-01-01,0.6296,6.4299,6.8668 
2012-01-02,-4.2541,0.9312,4.1630 
2012-01-03,-11.5727,-4.6979,5.8381 
2012-01-04,-12.1450,-1.2169,0.1902 
2012-01-05,-3.1196,0.5772,0.0118 
2012-01-06,-0.0611,6.4222,0.0028 
2012-01-07,0.1720,5.0127,0.0116 
2012-01-08,-2.8998,1.1184,0.0823 
2012-01-09,-3.3434,2.6293,0.0017 
2012-01-10,0.1670,3.5721,0.0057 
2012-01-11,-0.1590,6.2301,0.0044 
2012-01-12,2.9603,4.8406,4.9980 
2012-01-13,-5.2196,2.6852,3.7695 
2012-01-14,-9.2234,-4.9602,2.6211 
2012-01-15,-15.1216,-7.1549,0.0289 
2012-01-16,-8.1959,2.9646,0.2427 
2012-01-17,1.5196,8.9958,18.0383 
2012-01-18,-7.1321,-0.2566,1.0741 
2012-01-19,-8.5434,-3.8923,4.8006 
2012-01-20,-14.0964,-8.9947,0.8878 
2012-01-21,-11.5189,-5.3888,4.1583 
2012-01-22,-8.9858,0.8689,0.0059 
2012-01-23,1.3057,7.7546,7.8413 
2012-01-24,-2.8267,5.2136,0.2590 
2012-01-25,-5.0467,-0.9546,0.1537 
2012-01-26,-3.8713,0.7739,1.4201 
2012-01-27,-0.0732,1.2188,10.9565 
2012-01-28,-2.9752,0.1065,3.1307 
2012-01-29,-3.5657,-1.4872,5.6138 
2012-01-30,-8.4515,-1.8299,2.7143 
2012-01-31,-0.9735,7.9430,1.0855 
2012-02-01,2.0592,8.6046,0.0513 
2012-02-02,-1.6823,1.7045,0.0488 
2012-02-03,-2.3733,3.8909,0.0099 
2012-02-04,-2.4784,2.7817,0.0082 
2012-02-05,-1.8726,3.2928,0.0068 
2012-02-06,-3.6129,5.4239,0.0016 
2012-02-07,-2.8011,4.5770,0.0254 
2012-02-08,-8.0161,-1.4932,6.4245e-04 
2012-02-09,-6.4337,2.0680,2.9871e-05 
2012-02-10,-6.3144,0.1406,0.4799 
2012-02-11,-10.4024,-1.0343,7.6570 
2012-02-12,-9.3034,-3.8785,2.8010 
2012-02-13,-7.6663,-1.4229,0.0382 
2012-02-14,-4.3923,-0.2649,0.5898 
2012-02-15,-3.2378,0.9834,0.2049 
2012-02-16,-1.0810,3.6551,5.4523 
2012-02-17,-3.2788,2.4250,0.1470 
2012-02-18,-1.0395,0.6648,2.6291 
2012-02-19,-5.8156,-1.4382,0.1034 
2012-02-20,-8.1742,-0.1223,0.0026 
2012-02-21,-4.1719,4.2042,1.6383 
2012-02-22,0.3158,4.7185,2.3900 
2012-02-23,-1.5639,3.5154,1.2045 
2012-02-24,-0.9335,2.7827,6.8293 
2012-02-25,-3.6247,-0.6672,1.8348 
2012-02-26,-7.2053,-0.7722,0.0632 
2012-02-27,-1.1656,3.4457,0.0016 
2012-02-28,-4.6835,0.5031,0.0134 
2012-02-29,-1.3750,2.3599,4.1689 
2012-03-01,-0.0489,2.8045,0.5590 
2012-03-02,-0.5357,7.6841,3.4791 
2012-03-03,-0.4753,9.5313,7.7201 
2012-03-04,-6.1691,0.0772,1.5378 
2012-03-05,-11.1820,-4.3270,0.1536 
2012-03-06,-6.2637,5.5628,0.0339 
2012-03-07,5.3138,13.0051,3.2304e-05 
2012-03-08,3.5841,13.8338,7.0962 
2012-03-09,-2.9767,2.4529,1.1622 
2012-03-10,-7.5908,1.6366,0.0940 
2012-03-11,1.5565,13.4011,0.0011 
2012-03-12,7.3680,11.4624,6.4539 
2012-03-13,9.8378,13.3855,9.3114 
2012-03-14,5.1289,15.2435,0.1851 
2012-03-15,11.9878,21.3643,0.6267 
2012-03-16,13.1831,20.5177,2.2050 
2012-03-17,10.8393,20.6200,0.0179 
2012-03-18,12.5177,20.2438,0.0175 
2012-03-19,12.2645,20.9725,0.0106 
2012-03-20,13.4899,22.0404,0.0126 
2012-03-21,15.2360,23.6676,0.0063 
2012-03-22,14.3256,24.7855,0.0058 
2012-03-23,13.2345,22.4585,0.0653 
2012-03-24,9.3896,15.4690,3.1964 
2012-03-25,8.2806,15.8985,0.3809 
2012-03-26,-3.5116,11.8122,0.0136 
2012-03-27,-4.9527,5.8900,0.0030 
2012-03-28,5.9325,14.4417,0.0254 
2012-03-29,0.9912,9.7093,0.1335 
2012-03-30,-3.1721,4.8005,6.7597 
2012-03-31,-1.7887,7.7016,0.6868 
2012-04-01,1.8432,9.5289,1.3496 
2012-04-02,-0.1472,11.1716,0.0088 
2012-04-03,3.0330,13.5046,0.0756 
2012-04-04,2.0334,13.2479,0.2341 
2012-04-05,-2.6454,6.6726,8.7453e-04 
2012-04-06,-1.7060,9.7062,1.6501e-04 
2012-04-07,1.9902,11.8256,3.9537e-06 
2012-04-08,6.8188,10.7719,0.1859 
2012-04-09,2.7004,10.2923,0.1239 
2012-04-10,1.2900,8.2778,0.1290 
2012-04-11,1.2025,7.7911,1.2446 
2012-04-12,1.0685,9.6932,0.0148 
2012-04-13,3.0549,12.4862,0.0217 
2012-04-14,7.6403,14.1161,0.9526 
2012-04-15,12.2881,21.4542,7.7047 
2012-04-16,14.6259,20.9029,0.0623 
2012-04-17,2.0508,15.1652,0.0119 
2012-04-18,-0.2370,11.3795,0.0024 
2012-04-19,6.7444,17.9760,0.2533 
2012-04-20,11.7640,19.3591,0.1744 
2012-04-21,0.7203,15.0546,6.8033 
2012-04-22,0.8719,9.3126,0.0172 
2012-04-23,2.2185,8.6919,0.3695 
2012-04-24,1.6312,8.8461,0.7810 
2012-04-25,3.1912,12.8702,0.0616 
2012-04-26,6.0130,11.9842,0.3028 
2012-04-27,-0.2586,5.8028,0.2701 
2012-04-28,-1.0282,6.7819,3.7012e-04 
2012-04-29,2.3957,12.8620,0.0197 
2012-04-30,4.1127,11.6296,7.6703 
2012-05-01,8.6730,15.8302,5.9474 
2012-05-02,8.5572,23.3060,0.1403 
2012-05-03,16.2042,27.5145,0.5562 
2012-05-04,17.0344,26.8415,15.5410 
2012-05-05,10.0261,19.5206,0.0655 
2012-05-06,8.0981,18.2322,0.0011 
2012-05-07,11.9764,17.3617,3.5038 
2012-05-08,13.7186,17.8682,6.2179 
2012-05-09,11.9968,17.3214,2.8799 
2012-05-10,5.3396,11.9437,0.6923 
2012-05-11,8.0861,19.3723,0.0021 
2012-05-12,13.5583,21.4722,0.1457 
2012-05-13,11.9235,18.1130,0.7951 
2012-05-14,12.8347,20.5851,0.0349 
2012-05-15,16.2418,22.9371,0.0312 
2012-05-16,9.5495,21.8826,2.1703 
2012-05-17,6.5195,16.0299,5.5294e-05 
2012-05-18,11.1390,20.0028,0.0375 
2012-05-19,16.2726,25.1392,0.0173 
2012-05-20,20.8690,27.6686,0.0720 
2012-05-21,18.3884,26.4277,0.6985 
2012-05-22,12.4041,23.1004,0.8597 
2012-05-23,13.5658,22.3283,0.0342 
2012-05-24,16.4711,25.2931,8.2615e-04 
2012-05-25,19.6629,26.8835,0.0782 
2012-05-26,15.7082,24.9593,0.8238 
2012-05-27,15.8820,26.1088,4.8443 
2012-05-28,19.9329,29.1577,0.2816 
2012-05-29,20.7823,27.8111,7.8679 
2012-05-30,13.7659,23.1884,0.0442 
2012-05-31,7.7872,17.0497,0.0028 
2012-06-01,10.4424,16.9902,38.4801 
2012-06-02,7.4628,17.0657,0.7498 
2012-06-03,12.4524,17.7148,6.8443 
2012-06-04,9.0099,16.5971,1.6269 
2012-06-05,8.7946,17.7740,2.0521 
2012-06-06,13.5638,19.3914,1.5896 
2012-06-07,12.2680,21.7651,0.0337 
2012-06-08,16.7277,25.1154,0.0043 
2012-06-09,18.9248,28.0474,3.7004 
2012-06-10,21.1325,28.2105,0.0911 
2012-06-11,20.9118,27.0352,0.5384 
2012-06-12,19.7449,22.5042,2.1263 
2012-06-13,9.5794,20.2413,0.0977 
2012-06-14,13.2620,22.0606,2.5574e-04 
2012-06-15,14.9776,25.2454,7.0576e-04 
2012-06-16,19.1636,25.3264,0.0063 
2012-06-17,19.0177,24.9890,9.6303 
2012-06-18,18.0187,26.5813,0.9945 
2012-06-19,21.8710,30.9807,0.0295 
2012-06-20,24.0119,30.3289,0.0026 
2012-06-21,22.5723,29.6661,10.3335 
2012-06-22,18.8582,22.7416,5.5497 
2012-06-23,16.0220,23.6746,0.1402 
2012-06-24,19.4418,24.2553,0.1997 
2012-06-25,12.8090,21.2036,1.0915 
2012-06-26,12.6226,21.5737,0.0043 
2012-06-27,16.6043,26.8197,0.0044 
2012-06-28,21.3677,31.9850,0.0048 
2012-06-29,22.1626,32.0133,0.0182 
2012-06-30,22.7525,30.5042,0.0087 
2012-07-01,18.3702,29.1045,0.0215 
2012-07-02,20.7741,27.4252,0.0651 
2012-07-03,23.6014,30.0932,10.6225 
2012-07-04,20.2678,30.8944,2.8192 
2012-07-05,22.9339,30.6304,3.6187 
2012-07-06,25.5538,30.3090,0.0138 
2012-07-07,25.6827,28.8180,0.0011 
2012-07-08,18.2511,24.9734,0.0364 
2012-07-09,15.3704,23.9553,0.0070 
2012-07-10,16.2263,24.4024,0.3564 
2012-07-11,17.4899,25.5992,0.0267 
2012-07-12,21.1909,28.3967,1.1801e-06 
2012-07-13,23.5316,29.4513,0.0361 
2012-07-14,21.2107,28.5470,0.0422 
2012-07-15,22.1257,28.1566,4.9994 
2012-07-16,19.8926,28.7172,1.3294 
2012-07-17,24.6843,32.5491,0.0175 
2012-07-18,21.7228,31.8096,0.5526 
2012-07-19,17.9470,26.9712,6.0685 
2012-07-20,15.8408,23.4599,1.8214 
2012-07-21,17.5408,25.8193,0.0161 
2012-07-22,20.4016,28.0374,0.1666 
2012-07-23,22.5291,31.2330,0.2194 
2012-07-24,20.4719,29.7576,0.0157 
2012-07-25,17.4588,24.5555,0.0028 
2012-07-26,20.7342,28.9984,17.8317 
2012-07-27,18.2150,22.8160,5.5214 
2012-07-28,18.6034,25.7698,9.8933 
2012-07-29,16.9974,24.9584,0.0082 
2012-07-30,20.8699,25.7727,0.0049 
2012-07-31,21.5742,26.7948,0.0953 
2012-08-01,18.0053,24.7982,0.0169 
2012-08-02,19.8907,26.8243,0.0024 
2012-08-03,22.2516,28.8637,0.0186 
2012-08-04,22.9376,29.0210,0.0026 
2012-08-05,21.6716,27.8140,6.0724 
2012-08-06,15.8248,23.4920,0.0066 
2012-08-07,18.9531,26.9121,0.0045 
2012-08-08,21.0133,27.2899,0.1724 
2012-08-09,17.7549,24.4996,7.7884 
2012-08-10,16.5843,19.6158,28.6907 
2012-08-11,15.3318,20.5698,5.9465 
2012-08-12,15.1446,21.8603,3.9728 
2012-08-13,19.4280,23.4763,0.6445 
2012-08-14,17.0999,22.2273,9.3104 
2012-08-15,16.5540,23.0688,0.1452 
2012-08-16,18.2074,25.5997,0.0927 
2012-08-17,16.2237,23.0529,2.4310 
2012-08-18,13.2922,20.0865,0.0199 
2012-08-19,17.3716,21.1254,0.0639 
2012-08-20,15.2265,20.1847,0.0271 
2012-08-21,15.5422,21.2345,0.1971 
2012-08-22,17.6824,22.7319,0.0588 
2012-08-23,18.9331,24.6019,4.5628e-04 
2012-08-24,20.4912,26.2546,0.0000 
2012-08-25,20.7902,27.2396,2.7760e-06 
2012-08-26,20.7679,26.1631,0.0040 
2012-08-27,20.8660,24.7431,6.7926 
2012-08-28,16.3941,23.0133,0.0641 
2012-08-29,13.2678,22.4805,0.0056 
2012-08-30,17.0878,24.4260,3.2628e-04 
2012-08-31,19.5505,28.7472,4.0651e-04 
2012-09-01,18.2965,27.4782,0.0414 
2012-09-02,18.9416,24.9385,0.0627 
2012-09-03,18.4019,27.8426,0.1421 
2012-09-04,20.2875,26.4622,18.1135 
2012-09-05,18.7811,24.5558,0.0922 
2012-09-06,17.1614,24.1147,0.1541 
2012-09-07,18.5722,24.7961,0.0475 
2012-09-08,13.9444,23.0518,25.1993 
2012-09-09,12.7544,17.0087,2.2011 
2012-09-10,12.5694,18.3692,0.0874 
2012-09-11,15.2521,21.5679,0.0031 
2012-09-12,16.7627,23.3488,1.1421e-04 
2012-09-13,19.0836,25.4677,0.0033 
2012-09-14,12.6064,23.7596,9.0484 
2012-09-15,12.1722,16.9813,0.0846 
2012-09-16,11.8666,21.6607,0.0252 
2012-09-17,16.0086,21.1621,0.0016 
2012-09-18,12.4725,19.4079,25.7468 
2012-09-19,6.9011,13.7848,0.6160 
2012-09-20,12.4265,17.9527,3.1578 
2012-09-21,13.9898,17.9369,0.4141 
2012-09-22,9.8998,16.1515,8.1655 
2012-09-23,6.5036,11.0539,1.2443 
2012-09-24,4.9893,13.5129,0.4772 
2012-09-25,11.0179,18.6929,2.7297e-04 
2012-09-26,12.8475,18.1177,0.0332 
2012-09-27,7.7219,16.0801,0.0294 
2012-09-28,9.0976,15.5310,0.0421 
2012-09-29,8.7579,15.9540,0.7399 
2012-09-30,8.8196,14.9315,2.2781 
2012-10-01,9.2776,15.9426,0.0528 
2012-10-02,11.8011,18.3375,1.0396 
2012-10-03,14.2235,18.9762,1.0957 
2012-10-04,13.7738,20.9168,0.1309 
2012-10-05,9.1734,19.4299,0.8291 
2012-10-06,5.1800,8.9953,8.2642 
2012-10-07,3.9168,8.2908,0.8025 
2012-10-08,3.2297,8.9700,0.2101 
2012-10-09,6.4404,11.8645,0.0435 
2012-10-10,6.1363,11.2746,4.2606 
2012-10-11,2.1932,11.8067,0.2083 
2012-10-12,2.8645,10.9941,1.8863 
2012-10-13,4.2718,12.7863,2.6208 
2012-10-14,12.2679,17.6526,17.3126 
2012-10-15,6.9629,17.1269,1.7954 
2012-10-16,5.0363,9.8172,0.4012 
2012-10-17,8.0612,17.0333,3.4932 
2012-10-18,11.6611,16.1559,1.9268 
2012-10-19,8.8096,13.0420,0.6985 
2012-10-20,7.0094,9.8378,11.1702 
2012-10-21,5.6001,12.1868,0.4553 
2012-10-22,8.6109,16.3765,0.0430 
2012-10-23,13.3117,15.6576,11.5711 
2012-10-24,10.5784,17.3337,0.5525 
2012-10-25,13.9643,20.2941,0.0153 
2012-10-26,7.0537,19.3767,4.1836 
2012-10-27,3.8409,6.6372,16.5451 
2012-10-28,1.4161,5.7408,1.5196 
2012-10-29,2.2945,4.0938,14.6146 
2012-10-30,3.4399,10.8959,16.8011 
2012-10-31,4.3011,9.3448,6.5098 
2012-11-01,3.9153,5.3604,2.9016 
2012-11-02,0.6448,4.9268,1.6274 
2012-11-03,-0.7739,3.4711,1.0394 
2012-11-04,-1.4853,3.1698,0.2560 
2012-11-05,-3.0729,2.1596,0.0360 
2012-11-06,-2.5653,3.4953,0.0067 
2012-11-07,-1.1212,5.2555,0.0028 
2012-11-08,-0.9930,4.8122,0.0705 
2012-11-09,1.6642,7.9172,0.4066 
2012-11-10,5.9938,10.7277,0.3232 
2012-11-11,10.0766,14.8106,0.0161 
2012-11-12,2.5662,14.6294,9.2436 
2012-11-13,-1.9321,1.9962,0.6878 
2012-11-14,-2.2836,3.3463,0.0020 
2012-11-15,-0.3069,5.1125,8.5783e-04 
2012-11-16,1.9927,7.6877,0.0329 
2012-11-17,2.9129,8.0138,0.0050 
2012-11-18,3.2447,7.9464,0.0068 
2012-11-19,3.9217,8.4835,0.0420 
2012-11-20,4.9776,9.4208,0.0011 
2012-11-21,4.2742,11.2678,0.0307 
2012-11-22,5.6180,11.7406,0.0240 
2012-11-23,1.1856,10.9552,4.3715 
2012-11-24,-1.0266,1.2751,2.4519 
2012-11-25,-4.2409,-0.1058,1.0747 
2012-11-26,-2.9602,0.0012,0.0728 
2012-11-27,-4.4054,-0.8862,0.0243 
2012-11-28,-4.1254,0.8440,0.0799 
2012-11-29,-3.4902,3.5707,0.0134 
2012-11-30,-1.0628,2.2796,0.2266 
2012-12-01,-1.4084,5.5253,0.1878 
2012-12-02,5.4593,11.9926,13.1301 
2012-12-03,1.6378,12.6393,0.1930 
2012-12-04,8.2027,14.3929,7.2078 
2012-12-05,-1.1280,8.1872,0.1046 
2012-12-06,-4.9011,2.0586,0.0034 
2012-12-07,2.0416,4.8777,0.4275 
2012-12-08,1.1594,4.4357,4.9421 
2012-12-09,-3.0730,1.0729,2.8597 
2012-12-10,-0.0367,9.1435,4.0185 
2012-12-11,-5.6411,-0.5855,0.3498 
2012-12-12,-4.5673,2.4988,0.0197 
2012-12-13,-0.9767,4.0023,0.0011 
2012-12-14,-0.9147,4.9072,0.0081 
2012-12-15,-0.7852,5.1351,0.3248 
2012-12-16,4.5151,10.3627,7.6725 
2012-12-17,3.8488,9.3968,0.4015 
2012-12-18,1.2312,4.5913,0.8831 
2012-12-19,0.0840,3.8277,0.5869 
2012-12-20,1.3125,5.8094,8.6393 
2012-12-21,-0.3548,6.6597,11.1161 
2012-12-22,-2.4027,-0.6424,0.4492 
2012-12-23,-6.0494,-0.7450,0.0236 
2012-12-24,-5.1418,-1.3193,0.4026 
2012-12-25,-4.8037,0.1951,0.4363 
2012-12-26,-5.6429,-1.6761,4.9877 
2012-12-27,-5.3370,-2.7934,9.8115 
2012-12-28,-6.0880,-3.6005,0.3490 
2012-12-29,-5.1586,-2.6611,4.8083 
2012-12-30,-4.9391,-3.0128,0.8286 
2012-12-31,-6.6015,-0.4074,0.0779 
2013-01-01,-6.7360,-0.3717,0.3394 
2013-01-02,-11.5044,-5.8156,0.0626 
2013-01-03,-9.0864,-3.1557,0.2058 
2013-01-04,-5.5626,-2.5604,0.0723 
2013-01-05,-5.6446,-2.1689,0.0738 
2013-01-06,-2.6864,0.9925,4.4947 
2013-01-07,-5.4982,0.3524,0.2508 
2013-01-08,-4.3852,0.0810,1.4948e-04 
2013-01-09,-1.4140,2.4451,0.0249 
2013-01-10,-2.7884,1.4892,0.0059 
2013-01-11,-0.4336,9.7011,12.1535 
2013-01-12,5.9710,11.4808,0.0418 
2013-01-13,4.8134,12.3792,27.2796 
2013-01-14,-6.1403,4.2780,2.6487 
2013-01-15,-6.4651,-2.4001,0.0154 
2013-01-16,-4.9138,0.2174,0.0011 
2013-01-17,-4.8564,-0.9626,0.1659 
2013-01-18,-10.8619,-2.5246,0.5002 
2013-01-19,-1.4920,3.8984,0.0828 
2013-01-20,-7.9286,5.2464,0.7316 
2013-01-21,-13.4494,-8.1668,1.1408 
2013-01-22,-16.9609,-11.6703,1.3567 
2013-01-23,-17.6613,-11.5242,0.7172 
2013-01-24,-15.7707,-10.7462,1.2476 
2013-01-25,-12.9800,-7.9384,3.4782 
2013-01-26,-9.6288,-4.4148,1.6253 
2013-01-27,-9.3900,-3.5159,0.1129 
2013-01-28,-4.0454,5.5260,12.4994 
2013-01-29,0.2121,9.5600,22.0626 
2013-01-30,9.7868,13.7057,9.9253 
2013-01-31,-6.0638,10.0417,3.6777 
2013-02-01,-9.3558,-6.3229,5.3284 
2013-02-02,-14.2351,-7.5761,2.9696 
2013-02-03,-12.0246,-7.9854,0.6873 
2013-02-04,-13.2142,-7.9580,1.0324 
2013-02-05,-10.8146,-5.9114,0.2138 
2013-02-06,-8.7270,-5.2134,0.9246 
2013-02-07,-6.9442,-2.3298,1.2375 
2013-02-08,-6.3884,-0.5954,21.7917 
2013-02-09,-11.5907,-5.2421,0.8008 
2013-02-10,-8.4289,0.8012,0.0081 
2013-02-11,0.3020,6.1912,3.4963 
2013-02-12,-3.1609,0.3014,0.3933 
2013-02-13,-7.0013,-0.4915,0.0508 
2013-02-14,-4.9439,1.9527,2.1691 
2013-02-15,-4.9715,2.6948,1.8282 
2013-02-16,-8.5327,-5.1053,2.5497 
2013-02-17,-14.0013,-6.3585,0.5285 
2013-02-18,-11.2612,0.8304,0.0788 
2013-02-19,-4.0982,3.9190,12.5092 
2013-02-20,-9.2777,-4.2864,2.0665 
2013-02-21,-12.4153,-6.3253,0.6018 
2013-02-22,-10.2418,0.6499,3.3323 
2013-02-23,-2.5219,2.0324,1.8901 
2013-02-24,-6.1587,-0.7671,1.2338 
2013-02-25,-4.8081,0.8355,0.0096 
2013-02-26,-3.8561,2.0439,2.4090 
2013-02-27,0.1033,1.0605,15.5867 
2013-02-28,-1.2056,1.2667,3.3531 
2013-03-01,-4.9068,-1.0688,0.0655 
2013-03-02,-10.8912,-4.6124,0.0506 
2013-03-03,-9.4363,-4.5764,0.1241 
2013-03-04,-8.1006,-3.0603,0.0827 
2013-03-05,-7.8886,-0.9835,0.0045 
2013-03-06,-3.3579,2.8273,0.0696 
2013-03-07,-1.6897,1.6747,0.9371 
2013-03-08,-4.3813,2.5251,0.0181 
2013-03-09,-1.6214,2.9297,0.0093 
2013-03-10,0.9177,11.6203,0.0404 
2013-03-11,7.1746,10.9664,15.2277 
2013-03-12,0.5413,8.8909,6.0930 
2013-03-13,-4.5711,1.2639,2.4032 
2013-03-14,-6.5651,-1.2183,0.8805 
2013-03-15,-4.2761,1.3969,1.2667 
2013-03-16,-5.2967,-0.4703,3.2563 
2013-03-17,-7.6210,-1.4641,0.2129 
2013-03-18,-7.3497,1.3100,1.2538 
2013-03-19,-5.1363,2.8837,3.4698 
2013-03-20,-6.7417,-3.3362,1.8761 
2013-03-21,-11.5013,-1.8735,1.2453 
2013-03-22,-5.5387,-0.8712,0.7166 
2013-03-23,-4.1667,1.3656,0.0184 
2013-03-24,-4.8195,1.5929,0.0071 
2013-03-25,-1.7079,2.8344,0.3340 
2013-03-26,-0.9697,4.9951,0.0573 
2013-03-27,-1.5556,3.4031,0.1387 
2013-03-28,0.0453,5.3467,0.2727 
2013-03-29,-0.6650,7.1173,0.0125 
2013-03-30,1.5678,8.8304,0.0027 
2013-03-31,4.1157,10.6955,0.3809 
2013-04-01,-3.4907,10.3579,1.3352 
2013-04-02,-5.2064,0.6157,0.3002 
2013-04-03,-6.0135,0.3935,0.2350 
2013-04-04,-3.5909,7.6399,0.0076 
2013-04-05,-1.6299,6.5689,0.0061 
2013-04-06,-3.9408,5.0365,0.0076 
2013-04-07,5.1231,13.4766,0.2710 
2013-04-08,1.4578,10.8255,4.5314 
2013-04-09,3.1038,12.4538,13.3835 
2013-04-10,5.6218,9.6185,30.0404 
2013-04-11,-0.0724,5.2027,16.1533 
2013-04-12,0.6528,7.1175,22.8018 
2013-04-13,1.6339,5.0332,1.1426 
2013-04-14,-1.2704,7.0368,0.2787 
2013-04-15,3.6808,17.9757,0.0165 
2013-04-16,7.8125,16.8368,3.9949 
2013-04-17,2.6693,11.3071,0.0627 
2013-04-18,8.3320,23.0328,13.1961 
2013-04-19,4.9790,21.8078,9.2057 
2013-04-20,-1.5586,5.2794,0.5303 
2013-04-21,-2.6229,5.9217,0.0733 
2013-04-22,0.5209,12.4851,3.1056e-04 
2013-04-23,5.5742,17.0042,0.0194 
2013-04-24,1.5033,16.3338,15.0952 
2013-04-25,-0.7023,6.9427,4.3497 
2013-04-26,3.4139,10.2305,0.0166 
2013-04-27,6.1660,17.3404,0.0023 
2013-04-28,9.2073,16.3894,5.8741 
2013-04-29,10.8330,16.2091,4.1039 
2013-04-30,10.0342,20.6940,0.0700 
2013-05-01,13.4179,22.0406,0.0247 
2013-05-02,12.1209,20.8455,1.8215e-04 
2013-05-03,12.8997,21.1519,4.3140e-05 
2013-05-04,12.2629,20.0211,0.0000 
2013-05-05,12.6461,20.7353,9.7599e-05 
2013-05-06,11.4737,20.9304,1.0532e-05 
2013-05-07,13.8403,22.8206,1.4303e-04 
2013-05-08,14.6976,22.0705,0.9056 
2013-05-09,15.6634,22.7787,0.5247 
2013-05-10,14.2588,21.4306,7.7966 
2013-05-11,4.3811,13.3297,0.8235 
2013-05-12,2.7292,12.4039,2.7540 
2013-05-13,-0.4712,7.2506,0.3174 
2013-05-14,5.0737,12.4814,0.4250 
2013-05-15,10.5603,21.2622,0.2876 
2013-05-16,14.2063,19.8597,0.0488 
2013-05-17,8.4561,16.5273,0.0060 
2013-05-18,12.7607,19.2420,0.0221 
2013-05-19,13.8987,25.4409,0.0112 
2013-05-20,16.4702,26.4810,0.0988 
2013-05-21,19.3384,26.6962,2.5505 
2013-05-22,19.0960,25.9015,0.5906 
2013-05-23,5.8810,23.9970,2.8743 
2013-05-24,2.3127,8.4432,1.0808 
2013-05-25,2.1308,11.9709,0.0129 
2013-05-26,3.6817,14.4353,2.4233e-04 
2013-05-27,8.6074,16.6475,0.0546 
2013-05-28,10.6229,22.2008,23.9864 
2013-05-29,17.7643,24.9273,32.1376 
2013-05-30,19.3617,26.4465,0.9812 
2013-05-31,19.6279,26.5754,0.7972 
2013-06-01,19.2666,24.0388,6.3470 
2013-06-02,16.8813,20.1407,10.0142 
2013-06-03,5.6967,16.0139,0.0365 
2013-06-04,7.2064,17.4174,8.2345e-05 
2013-06-05,10.8355,18.7757,0.0014 
2013-06-06,11.3441,17.0740,0.2505 
2013-06-07,11.9594,18.2612,1.8405 
2013-06-08,11.5082,17.9831,0.0278 
2013-06-09,14.1647,22.0192,0.0678 
2013-06-10,16.5638,21.3610,17.4928 
2013-06-11,15.2045,20.5466,2.9973 
2013-06-12,15.7536,22.3441,6.2884 
2013-06-13,15.0962,21.3412,17.0700 
2013-06-14,11.4888,19.2758,0.2135 
2013-06-15,11.5487,22.3470,0.0072 
2013-06-16,16.1411,23.5851,4.6775 
2013-06-17,16.5200,23.6716,5.0302 
2013-06-18,14.1096,19.4233,6.7981 
2013-06-19,9.9992,19.0465,0.0034 
2013-06-20,15.1624,21.8909,2.5067e-04 
2013-06-21,17.8024,25.0734,9.2353e-05 
2013-06-22,19.6932,28.9914,0.7788 
2013-06-23,20.4571,28.7502,2.0008 
2013-06-24,22.2169,28.2809,0.0050 
2013-06-25,22.0669,27.9377,1.5825 
2013-06-26,18.8186,26.4800,5.2645 
2013-06-27,20.2811,25.9279,3.6957 
2013-06-28,17.7222,24.3106,17.7494 
2013-06-29,15.9954,21.3470,6.2482 
2013-06-30,14.3866,21.5993,0.0804 
2013-07-01,16.6766,21.3803,1.2228 
2013-07-02,15.2869,23.7480,0.2218 
2013-07-03,18.0060,25.9976,0.8847 
2013-07-04,18.2717,24.2962,6.2824 
2013-07-05,19.5797,23.1897,12.3113 
2013-07-06,20.2179,25.6563,1.2381 
2013-07-07,19.3489,24.1015,11.3849 
2013-07-08,20.0045,27.2107,2.2240 
2013-07-09,19.9733,25.5339,8.2064 
2013-07-10,20.4839,26.9500,9.1455 
2013-07-11,15.6051,21.7941,0.3539 
2013-07-12,14.8127,24.5803,0.0402 
2013-07-13,17.0292,25.5205,2.8872e-06 
2013-07-14,20.6537,27.8519,4.8348e-04 
2013-07-15,23.1203,28.6716,0.1009 
2013-07-16,24.1784,30.1892,0.1045 
2013-07-17,24.1056,30.1189,0.3525 
2013-07-18,23.9305,31.1521,0.3237 
2013-07-19,24.8036,31.0009,1.0209 
2013-07-20,20.7053,26.5297,18.0725 
2013-07-21,16.5538,24.3492,0.0409 
2013-07-22,18.6480,24.4731,0.1760 
2013-07-23,19.2709,23.9181,2.7155 
2013-07-24,11.3307,19.2816,0.1080 
2013-07-25,13.5782,20.9347,0.0168 
2013-07-26,16.7483,21.7533,0.0035 
2013-07-27,18.2740,20.8257,3.4333 
2013-07-28,13.2904,18.0857,6.9392 
2013-07-29,11.7449,18.3566,0.1658 
2013-07-30,15.6988,22.2003,0.0084 
2013-07-31,18.0917,22.2836,2.0887 
2013-08-01,16.8363,21.5085,22.8325 
2013-08-02,15.1655,22.2690,1.6614 
2013-08-03,14.4433,21.0162,3.8273 
2013-08-04,12.7960,20.1069,0.0613 
2013-08-05,13.0133,20.1575,0.0020 
2013-08-06,16.6418,23.0443,0.4790 
2013-08-07,19.1191,24.0592,2.0513 
2013-08-08,16.8911,23.4603,6.0342 
2013-08-09,15.4163,22.7342,0.0074 
2013-08-10,14.7010,22.5359,0.0396 
2013-08-11,16.1577,20.8908,0.1160 
2013-08-12,17.7351,21.5445,2.0772 
2013-08-13,14.3547,17.6278,7.9687 
2013-08-14,11.4189,17.5291,0.3022 
2013-08-15,14.0124,19.6773,0.0042 
2013-08-16,16.4255,22.4536,0.0049 
2013-08-17,17.3993,23.9329,0.0615 
2013-08-18,18.3959,24.3553,0.1013 
2013-08-19,18.5526,24.4950,0.0036 
2013-08-20,19.2998,26.2391,0.0510 
2013-08-21,20.9229,27.0655,0.0338 
2013-08-22,19.9130,26.0930,2.2731 
2013-08-23,16.5767,24.3822,0.0908 
2013-08-24,17.1511,23.0948,0.0104 
2013-08-25,19.1723,25.6691,0.0389 
2013-08-26,20.9931,28.8159,1.3191 
2013-08-27,21.3891,28.3333,1.4393 
2013-08-28,20.0623,26.9009,8.4550 
2013-08-29,19.8931,27.2476,0.0833 
2013-08-30,21.5719,26.6887,0.1597 
2013-08-31,18.9114,25.4354,1.8427 
2013-09-01,18.9327,23.2319,1.2781 
2013-09-02,18.9647,21.1720,0.4851 
2013-09-03,14.1397,19.3481,1.7424 
2013-09-04,13.6985,22.6021,0.0246 
2013-09-05,11.5820,20.7328,0.0544 
2013-09-06,9.0950,19.0553,0.0073 
2013-09-07,15.5334,21.2663,3.4552 
2013-09-08,14.3089,20.2753,0.2313 
2013-09-09,13.2355,22.9264,0.0450 
2013-09-10,22.1164,30.9424,0.2824 
2013-09-11,23.9883,30.0784,1.7540 
2013-09-12,18.5709,27.2143,20.6400 
2013-09-13,10.6677,16.7216,2.1877 
2013-09-14,7.2544,16.4454,0.0089 
2013-09-15,12.2977,17.0112,0.2936 
2013-09-16,10.4935,14.1843,1.2204 
2013-09-17,6.7012,15.5968,0.0767 
2013-09-18,12.7942,19.0232,0.0196 
2013-09-19,15.3778,22.6934,0.1107 
2013-09-20,18.2486,24.4172,8.4791 
2013-09-21,14.6432,21.6148,73.2438 
2013-09-22,9.1359,13.7840,0.8102 
2013-09-23,6.7492,14.3746,0.0733 
2013-09-24,8.1825,16.7087,8.0672e-04 
2013-09-25,10.5236,18.6888,3.0985e-04 
2013-09-26,13.5385,20.3593,0.0014 
2013-09-27,11.7638,18.8574,0.0022 
2013-09-28,12.3452,20.4887,0.0015 
2013-09-29,15.2118,19.5002,0.3554 
2013-09-30,15.7361,18.1003,2.0538 
2013-10-01,14.6030,21.5445,0.0450 
2013-10-02,15.4018,20.6105,2.1081e-04 
2013-10-03,14.9341,20.9417,0.0213 
2013-10-04,17.2289,23.8259,8.8342 
2013-10-05,16.4348,21.8483,3.1607 
2013-10-06,15.5988,22.0238,3.3193 
2013-10-07,8.7406,18.8307,39.1273 
2013-10-08,10.1966,15.5594,0.0893 
2013-10-09,12.5919,16.9408,4.5791e-04 
2013-10-10,11.1705,17.5841,0.0055 
2013-10-11,10.0157,18.3026,0.0011 
2013-10-12,11.4890,19.4899,0.0424 
2013-10-13,15.3641,17.7721,2.9549 
2013-10-14,8.3727,14.7572,0.0210 
2013-10-15,9.9956,16.9648,0.0400 
2013-10-16,13.7416,17.3510,5.2719 
2013-10-17,8.0471,12.8440,7.2676 
2013-10-18,6.8598,13.5403,1.5118 
2013-10-19,6.1178,11.9586,8.6623 
2013-10-20,3.3347,10.5831,0.4823 
2013-10-21,9.0630,11.0623,5.1593 
2013-10-22,1.1039,9.6687,2.5453 
2013-10-23,2.4548,6.0336,1.9190 
2013-10-24,0.6825,5.8868,2.1148 
2013-10-25,2.8267,6.3630,8.7250 
2013-10-26,2.4894,6.9869,8.5636 
2013-10-27,2.0396,7.1965,2.2126 
2013-10-28,2.8936,7.1672,0.0216 
2013-10-29,-1.4376,7.4165,0.0528 
2013-10-30,5.2964,12.7264,0.1170 
2013-10-31,8.8056,14.9119,31.4352 
2013-11-01,7.5966,15.4048,14.1894 
2013-11-02,3.9381,7.7645,5.4661 
2013-11-03,-3.8259,3.3867,0.0381 
2013-11-04,-0.8125,4.7447,0.0281 
2013-11-05,4.8535,12.6141,1.1943e-04 
2013-11-06,8.6927,12.5168,6.8759 
2013-11-07,2.3497,12.5221,5.4019 
2013-11-08,0.2791,4.2527,1.5533 
2013-11-09,1.9297,9.3789,0.1318 
2013-11-10,3.6299,9.3822,0.3713 
2013-11-11,-0.5747,4.8566,5.1896 
2013-11-12,-4.6664,-0.5095,2.2167 
2013-11-13,-5.7810,0.4157,1.0089 
2013-11-14,-1.6303,4.4188,1.5988e-04 
2013-11-15,2.6569,6.8535,6.0711e-05 
2013-11-16,2.7367,11.3040,0.0157 
2013-11-17,11.0160,14.5508,3.3955 
2013-11-18,1.7209,14.7072,6.0296 
2013-11-19,-0.5058,2.5207,0.1176 
2013-11-20,-3.8496,4.7614,0.0036 
2013-11-21,3.2729,7.0797,0.5630 
2013-11-22,1.1577,6.4127,9.1890 
2013-11-23,-5.7434,0.5726,1.6171 
2013-11-24,-9.2626,-5.8125,6.8341 
2013-11-25,-8.5634,-1.1863,0.5036 
2013-11-26,-2.4509,0.3407,0.7854 
2013-11-27,-4.5234,-0.7171,0.7007 
2013-11-28,-7.0970,-4.3047,2.1054 
2013-11-29,-7.8677,-2.7069,0.9199 
2013-11-30,-5.9357,1.5161,0.0013 
2013-12-01,0.3138,2.8183,0.1405 
2013-12-02,-1.5258,2.1545,0.0489 
2013-12-03,-5.9374,1.8518,0.3240 
2013-12-04,1.2334,5.9041,1.1946 
2013-12-05,1.3511,12.8072,2.6578 
2013-12-06,-4.5129,0.4346,0.0261 
2013-12-07,-8.4539,-4.2061,0.0533 
2013-12-08,-9.4689,-3.7308,0.0533 
2013-12-09,-3.7893,0.7278,1.5930 
2013-12-10,-11.0553,-3.3882,0.6506 
2013-12-11,-8.7734,-6.3831,3.0133 
2013-12-12,-15.8211,-8.8953,1.6095 
2013-12-13,-8.8999,-5.0195,2.2484 
2013-12-14,-11.6401,-5.2752,9.4730 
2013-12-15,-9.1401,-3.4493,6.9676 
2013-12-16,-11.9325,-7.8297,3.4589 
2013-12-17,-10.0058,-5.4106,4.6473 
2013-12-18,-7.8198,-3.5980,1.4983 
2013-12-19,-5.3967,2.0371,0.2312 
2013-12-20,0.1031,2.8069,6.7059 
2013-12-21,-0.1546,3.7419,10.0534 
2013-12-22,-0.7656,5.3431,25.4605 
2013-12-23,-5.4067,1.4602,0.5874 
2013-12-24,-10.2566,-4.8363,2.9146 
2013-12-25,-11.9690,-5.8347,2.2120 
2013-12-26,-5.7943,-3.1852,3.3096 
2013-12-27,-7.2961,-1.7305,1.6305 
2013-12-28,-1.8067,2.9299,0.0150 
2013-12-29,0.0785,3.1168,0.0433 
2013-12-30,-11.0333,-1.3465,0.5792 
2013-12-31,-11.0599,-9.5345,2.5699 
2014-01-01,-13.0339,-9.4988,2.2026 
2014-01-02,-15.9612,-10.1967,5.0404 
2014-01-03,-19.5023,-13.5872,0.4430 
2014-01-04,-16.0334,-3.8627,0.1057 
2014-01-05,-3.7627,-1.0830,7.7170 
2014-01-06,-15.4013,0.2730,14.7086 
2014-01-07,-21.1148,-15.3626,1.4353 
2014-01-08,-20.6525,-13.0047,0.1702 
2014-01-09,-16.3388,-8.7017,0.1533 
2014-01-10,-8.8602,2.4623,4.2057 
2014-01-11,1.1720,5.1693,20.6608 
2014-01-12,-1.8331,0.6396,0.8155 
2014-01-13,-0.3878,4.2735,0.0096 
2014-01-14,-2.8357,4.0583,0.1628 
2014-01-15,-5.8331,-1.1615,0.5287 
2014-01-16,-9.8155,-3.6870,1.9196 
2014-01-17,-3.5042,-1.7976,3.7408 
2014-01-18,-10.0832,-3.3260,4.4227 
2014-01-19,-11.4450,-5.1943,0.3946 
2014-01-20,-10.2087,-3.1049,0.9158 
2014-01-21,-18.4792,-11.0636,0.2473 
2014-01-22,-19.8582,-14.3469,0.4929 
2014-01-23,-15.5446,-12.9516,1.5980 
2014-01-24,-18.7106,-14.2626,0.8663 
2014-01-25,-13.7333,-4.3396,14.2656 
2014-01-26,-17.7807,-8.4662,3.9246 
2014-01-27,-15.1124,-5.3870,4.8124 
2014-01-28,-21.8353,-15.6164,0.3449 
2014-01-29,-22.2242,-11.9593,0.0391 
2014-01-30,-15.0692,-6.1461,0.0209 
2014-01-31,-5.7439,-2.6994,1.1871 
2014-02-01,-4.8144,0.6790,11.3926 
2014-02-02,-6.5334,0.6120,4.7898 
2014-02-03,-11.1810,-6.9443,0.0756 
2014-02-04,-10.9816,-7.0762,0.0255 
2014-02-05,-9.5213,-6.5240,17.9239 
2014-02-06,-15.8428,-9.4386,0.9307 
2014-02-07,-15.8097,-9.8754,0.4846 
2014-02-08,-20.1504,-11.7648,0.2899 
2014-02-09,-13.3945,-8.7486,4.7450 
2014-02-10,-13.0052,-9.5607,0.5110 
2014-02-11,-16.9916,-12.2196,0.1419 
2014-02-12,-15.5959,-9.8752,0.0085 
2014-02-13,-11.2173,-5.7606,0.0096 
2014-02-14,-10.4786,-3.2953,0.9007 
2014-02-15,-11.0745,-4.1564,0.5916 
2014-02-16,-13.1364,-8.5530,1.3415 
2014-02-17,-16.6762,-8.7761,0.0260 
2014-02-18,-8.2544,-3.2324,12.3882 
2014-02-19,-3.6140,2.1733,0.0550 
2014-02-20,-2.9016,2.9401,7.6317 
2014-02-21,-1.1790,7.3821,7.3588 
2014-02-22,-3.6251,-1.0434,0.0163 
2014-02-23,-8.2024,-2.1918,0.0768 
2014-02-24,-11.2362,-6.7580,1.3789 
2014-02-25,-13.2431,-7.3439,0.4304 
2014-02-26,-17.2548,-7.5456,0.9980 
2014-02-27,-17.2204,-12.1333,1.0761 
2014-02-28,-21.0012,-11.6985,0.3552 
2014-03-01,-13.5342,-2.5436,0.5259 
2014-03-02,-16.8001,-7.7542,6.7599 
2014-03-03,-21.8177,-14.6624,0.0069 
2014-03-04,-17.0020,-9.8913,0.4604 
2014-03-05,-11.1579,-7.1460,0.2689 
2014-03-06,-14.2919,-5.6640,0.0041 
2014-03-07,-7.3424,2.1758,1.2900e-05 
2014-03-08,-4.1291,0.4466,0.1709 
2014-03-09,-12.9909,-2.7718,0.0028 
2014-03-10,-2.9282,3.4241,0.0107 
2014-03-11,1.5131,5.2347,0.0058 
2014-03-12,-11.2001,2.7689,17.8728 
2014-03-13,-18.7047,-8.8329,0.0176 
2014-03-14,-9.5732,3.6706,0.0381 
2014-03-15,-3.8118,3.4249,0.4129 
2014-03-16,-15.4042,-4.8666,0.0358 
2014-03-17,-16.6507,-5.2184,0.0033 
2014-03-18,-8.4387,3.7169,0.0065 
2014-03-19,0.5810,5.6228,2.4922 
2014-03-20,-1.5063,5.5364,1.5875 
2014-03-21,-6.3373,1.4543,0.0563 
2014-03-22,-1.1023,2.4512,2.2679 
2014-03-23,-12.1532,-0.1826,0.0911 
2014-03-24,-12.1560,-3.9443,0.1715 
2014-03-25,-8.1744,-2.6782,1.5099 
2014-03-26,-13.9473,-4.8941,0.1273 
2014-03-27,-8.4426,2.2117,1.3964 
2014-03-28,1.4709,9.1280,4.7550 
2014-03-29,-3.7079,2.3158,0.0349 
2014-03-30,-4.4600,4.2489,0.0113 
2014-03-31,-1.8278,7.0360,0.0018 
2014-04-01,2.3449,11.8559,0.0403 
2014-04-02,-1.1871,6.3736,0.0025 
2014-04-03,-5.1791,5.0109,0.8367 
2014-04-04,0.9175,11.9163,8.1053 
2014-04-05,-3.3422,8.5116,0.6690 
2014-04-06,0.8356,8.8263,3.0184e-04 
2014-04-07,2.6328,8.2538,2.8740 
2014-04-08,1.8313,9.8984,8.4092 
2014-04-09,-0.0276,8.4671,0.0183 
2014-04-10,3.6782,15.4993,0.0727 
2014-04-11,6.4430,13.5648,0.7610 
2014-04-12,8.2219,16.1773,0.0094 
2014-04-13,12.0927,20.4257,7.0754 
2014-04-14,7.2716,19.0444,1.8125 
2014-04-15,-5.0583,5.1152,8.7454 
2014-04-16,-6.8035,1.8058,0.1256 
2014-04-17,-2.0421,12.2737,0.0030 
2014-04-18,5.8397,12.6898,0.0837 
2014-04-19,-1.8515,10.2499,0.0012 
2014-04-20,2.7281,16.1963,0.0014 
2014-04-21,10.9924,20.4074,0.0020 
2014-04-22,7.1892,19.3324,4.2162 
2014-04-23,2.0659,6.7625,0.2589 
2014-04-24,-0.1096,10.3406,0.0063 
2014-04-25,5.7139,10.3864,5.0296 
2014-04-26,3.6767,8.1363,0.3546 
2014-04-27,-0.6357,11.1130,0.0057 
2014-04-28,4.4907,11.1498,0.0444 
2014-04-29,7.7822,13.1466,21.4525 
2014-04-30,8.4950,12.5331,11.7391 
2014-05-01,8.0892,11.0484,1.5784 
2014-05-02,5.8344,12.5438,1.2139 
2014-05-03,7.0692,12.3150,4.8333 
2014-05-04,4.5252,9.5282,1.3615 
2014-05-05,2.6923,11.1730,0.0135 
2014-05-06,2.8235,14.4098,0.0012 
2014-05-07,7.6738,14.6487,3.7037 
2014-05-08,9.8646,23.0472,1.4091 
2014-05-09,16.4025,22.6648,0.5765 
2014-05-10,12.6560,18.4582,1.4750 
2014-05-11,12.0731,20.8781,0.0401 
2014-05-12,15.8097,24.0751,6.2609 
2014-05-13,18.5331,25.7359,8.0042 
2014-05-14,13.2670,24.9404,7.1828 
2014-05-15,12.7268,17.1881,23.6943 
2014-05-16,0.9084,12.3946,0.0732 
2014-05-17,3.7954,10.4163,0.8134 
2014-05-18,6.2432,15.1312,0.6819 
2014-05-19,8.9814,18.2185,0.0423 
2014-05-20,13.7783,17.5380,6.6176 
2014-05-21,14.2493,23.5244,9.9941 
2014-05-22,11.7139,22.8157,2.1900 
2014-05-23,7.7033,16.7746,0.0272 
2014-05-24,10.4650,20.6530,0.0025 
2014-05-25,15.8979,23.8972,8.2016e-05 
2014-05-26,17.3717,26.2323,2.9624e-05 
2014-05-27,20.4426,26.1597,1.4480 
2014-05-28,15.0528,22.8450,1.6582 
2014-05-29,10.0239,21.0687,0.0680 
2014-05-30,14.0249,22.1846,0.0018 
2014-05-31,14.1536,21.4980,5.0249e-04 
2014-06-01,13.6499,23.8174,0.0015 
2014-06-02,18.9504,27.1161,0.6006 
2014-06-03,18.4962,24.6886,11.3401 
2014-06-04,15.7683,21.6122,0.8251 
2014-06-05,9.4347,17.5134,0.0299 
2014-06-06,11.2326,21.4323,5.2321e-04 
2014-06-07,16.5866,22.9134,2.2344e-05 
2014-06-08,15.3885,21.9192,1.7492 
2014-06-09,13.5727,22.9424,0.0047 
2014-06-10,18.0047,23.1110,0.0080 
2014-06-11,16.9951,24.6629,1.1395 
2014-06-12,17.7135,23.5208,7.4185 
2014-06-13,16.6576,22.4616,3.6016 
2014-06-14,8.1705,17.2479,0.0064 
2014-06-15,12.1643,21.3778,0.0012 
2014-06-16,17.2173,25.8029,0.1597 
2014-06-17,21.0439,27.7962,1.5210 
2014-06-18,16.7843,26.5337,6.5028 
2014-06-19,17.7929,23.2352,4.3968 
2014-06-20,15.2334,22.2896,0.0802 
2014-06-21,15.6056,23.8076,0.3913 
2014-06-22,18.5902,24.0652,0.0180 
2014-06-23,17.8364,26.5007,1.7976 
2014-06-24,19.7989,26.0145,18.4999 
2014-06-25,17.3414,23.1580,1.5360 
2014-06-26,14.3784,22.9455,0.4225 
2014-06-27,18.9305,24.8385,0.0226 
2014-06-28,20.6989,27.2180,0.0021 
2014-06-29,21.2431,26.2662,6.8729 
2014-06-30,21.5206,26.9289,0.4024 
2014-07-01,22.5921,27.0543,1.4477 
2014-07-02,18.7968,26.4338,0.9314 
2014-07-03,14.9281,22.0761,0.8460 
2014-07-04,11.1510,19.2678,0.1004 
2014-07-05,15.8080,22.8580,0.0012 
2014-07-06,16.9568,25.4689,9.6369e-04 
2014-07-07,21.5771,25.3901,25.5787 
2014-07-08,18.0128,24.7211,26.6055 
2014-07-09,13.5342,19.9109,0.0519 
2014-07-10,14.9678,20.7360,0.0648 
2014-07-11,15.8565,23.5132,0.0325 
2014-07-12,19.9104,25.5527,0.0013 
2014-07-13,20.0250,26.3320,4.9552 
2014-07-14,17.6402,24.9924,0.1523 
2014-07-15,15.6746,23.5394,1.7976 
2014-07-16,13.5113,17.5241,0.4675 
2014-07-17,13.5803,20.6435,0.0515 
2014-07-18,17.0622,22.6144,0.0270 
2014-07-19,17.6925,21.7089,2.0245 
2014-07-20,17.0308,22.3844,2.6955 
2014-07-21,19.2264,25.0477,0.0099 
2014-07-22,21.1922,27.3238,1.4697e-04 
2014-07-23,16.8696,26.4333,10.0013 
2014-07-24,14.0371,20.4724,0.0087 
2014-07-25,15.2045,21.7621,0.0051 
2014-07-26,17.7504,24.1155,0.0548 
2014-07-27,18.6277,24.7431,4.4946 
2014-07-28,15.0404,19.4855,27.8381 
2014-07-29,11.2963,18.5654,0.1422 
2014-07-30,14.3039,19.3813,1.3747 
2014-07-31,14.0442,21.9828,1.6846 
2014-08-01,17.3753,24.2916,1.5886 
2014-08-02,18.7734,24.6330,0.9202 
2014-08-03,18.6023,24.5689,0.5187 
2014-08-04,19.5017,25.2774,1.7989 
2014-08-05,18.2581,23.6558,6.4311 
2014-08-06,15.4447,22.5943,0.0222 
2014-08-07,16.8936,23.4388,0.0086 
2014-08-08,15.8308,22.5082,0.0142 
2014-08-09,17.3884,23.2861,0.0018 
2014-08-10,17.2186,24.9645,0.0022 
2014-08-11,19.2268,23.8962,7.8874 
2014-08-12,18.7648,21.9804,16.9007 
2014-08-13,14.5532,19.3342,1.0548 
2014-08-14,12.5980,18.4874,0.0878 
2014-08-15,10.3996,20.2272,0.0361 
2014-08-16,13.5754,22.6415,0.8548 
2014-08-17,14.4669,22.4087,0.7477 
2014-08-18,13.6817,21.6854,0.0818 
2014-08-19,16.1908,24.3559,0.5487 
2014-08-20,18.3177,23.5143,9.1704 
2014-08-21,18.3670,24.1952,3.2578 
2014-08-22,19.2914,24.6628,0.6713 
2014-08-23,17.3988,24.4104,0.0258 
2014-08-24,17.7663,23.1320,0.0156 
2014-08-25,18.6154,24.2833,0.0034 
2014-08-26,20.0213,27.9293,1.4098 
2014-08-27,14.8155,27.1897,0.2981 
2014-08-28,12.4623,19.9727,0.0185 
2014-08-29,13.7476,21.1406,0.0070 
2014-08-30,19.3886,27.8137,0.0082 
2014-08-31,19.5440,26.3093,0.1357 
2014-09-01,20.1853,25.9854,1.0492 
2014-09-02,19.3438,22.9148,25.3170 
2014-09-03,18.8172,24.0551,0.2721 
2014-09-04,19.6824,25.9860,0.0016 
2014-09-05,20.8838,28.3154,6.0160 
2014-09-06,15.4540,27.3268,30.2707 
2014-09-07,13.9990,20.2370,0.0606 
2014-09-08,15.8506,21.6107,0.0626 
2014-09-09,17.7483,21.6582,0.1895 
2014-09-10,17.9451,22.9655,36.0933 
2014-09-11,13.3752,21.1679,15.8731 
2014-09-12,8.2260,14.2090,0.6154 
2014-09-13,8.6721,13.7507,4.4283 
2014-09-14,7.1057,13.7153,0.0163 
2014-09-15,11.7900,16.3358,0.2090 
2014-09-16,9.0220,15.2064,2.1200 
2014-09-17,10.8395,16.3364,9.5822e-04 
2014-09-18,9.9868,15.5291,0.0060 
2014-09-19,5.9702,15.6559,9.1793e-04 
2014-09-20,14.1258,22.0852,0.0101 
2014-09-21,11.8577,20.7196,6.0299 
2014-09-22,7.7611,12.1620,0.9139 
2014-09-23,9.4123,18.1956,9.5868e-04 
2014-09-24,13.7745,19.8383,0.0013 
2014-09-25,14.0923,19.7753,8.5338e-04 
2014-09-26,14.6584,21.0637,0.0016 
2014-09-27,15.7874,22.2041,0.0011 
2014-09-28,16.9527,21.5133,0.0023 
2014-09-29,16.2002,21.8670,0.0164 
2014-09-30,13.5225,20.3499,17.0313 
2014-10-01,11.8583,18.2920,1.2012 
2014-10-02,14.1069,19.2816,0.0278 
2014-10-03,15.1502,20.2504,10.2264 
2014-10-04,6.5716,14.6002,10.4646 
2014-10-05,4.1041,9.9682,0.2236 
2014-10-06,7.3066,15.7943,3.5339 
2014-10-07,9.5359,14.7808,7.6272 
2014-10-08,8.3952,11.8755,0.1479 
2014-10-09,6.3434,11.2544,0.0345 
2014-10-10,6.3929,11.0653,0.0097 
2014-10-11,5.5619,11.0361,0.0608 
2014-10-12,6.8602,12.9526,0.0021 
2014-10-13,11.0329,19.0458,4.0411 
2014-10-14,17.3059,20.3966,2.6526 
2014-10-15,14.3366,18.8753,12.6319 
2014-10-16,11.4120,15.5348,2.1147 
2014-10-17,10.1245,15.0577,1.9158 
2014-10-18,6.4912,14.1899,5.2086 
2014-10-19,2.8704,7.1355,0.2399 
2014-10-20,5.2738,11.3184,1.4785 
2014-10-21,7.5226,10.5642,2.7399 
2014-10-22,1.9473,11.1978,0.0991 
2014-10-23,4.1847,12.6511,0.0281 
2014-10-24,5.6923,13.1074,0.0082 
2014-10-25,8.2141,16.0043,0.0239 
2014-10-26,7.0840,13.4456,0.0033 
2014-10-27,6.7730,15.4032,0.0759 
2014-10-28,13.7242,17.6143,3.0552 
2014-10-29,6.4632,13.0382,0.0894 
2014-10-30,4.3666,7.8353,0.6235 
2014-10-31,4.7997,6.3784,4.9998 
2014-11-01,-0.2948,5.7924,2.1178 
2014-11-02,-4.1217,5.2163,0.0608 
2014-11-03,1.0771,10.1592,0.0145 
2014-11-04,9.2292,12.6914,2.6811 
2014-11-05,5.1687,11.2172,1.5944 
2014-11-06,5.9777,8.2623,5.3019 
2014-11-07,-0.0852,6.9925,3.4229 
2014-11-08,0.7126,4.8183,2.9177 
2014-11-09,0.1941,5.4742,0.7916 
2014-11-10,4.1686,11.6143,0.0600 
2014-11-11,9.9255,15.2433,0.0117 
2014-11-12,-1.4305,12.8334,0.4799 
2014-11-13,-3.3257,0.2234,1.0160 
2014-11-14,-5.4612,-0.2994,2.3172 
2014-11-15,-6.1217,-1.4177,0.8233 
2014-11-16,-4.4328,-0.3300,0.9852 
2014-11-17,-5.2624,-1.5644,8.5560 
2014-11-18,-10.0077,-5.9297,1.7027 
2014-11-19,-11.7618,-2.2802,6.9568 
2014-11-20,-6.9428,-1.7612,5.8486 
2014-11-21,-9.5133,-6.0739,1.1988 
2014-11-22,-8.6517,3.8166,2.4073 
2014-11-23,3.7383,7.1741,4.4490 
2014-11-24,4.7378,12.5353,28.3647 
2014-11-25,-1.6406,3.6261,0.2051 
2014-11-26,-3.6600,0.6794,0.0526 
2014-11-27,-2.8763,-0.3157,2.0134 
2014-11-28,-7.7968,-1.8858,0.5871 
2014-11-29,-5.7860,3.4584,0.8647 
2014-11-30,3.6913,12.0587,0.4481 
2014-12-01,-4.7735,10.5979,0.5016 
2014-12-02,-9.3012,-0.5855,0.1475 
2014-12-03,-4.4591,0.9828,0.4403 
2014-12-04,-5.7716,-0.6381,0.0216 
2014-12-05,-3.1020,2.7680,0.0015 
2014-12-06,0.3976,3.0000,0.0259 
2014-12-07,-7.6256,0.0212,3.1710e-04 
2014-12-08,-2.9969,3.1810,5.5941e-04 
2014-12-09,1.8571,4.1093,0.3943 
2014-12-10,-4.0615,1.8587,0.1142 
2014-12-11,-3.3662,0.8212,0.0449 
2014-12-12,-2.4899,1.4383,0.0231 
2014-12-13,-2.4971,2.9819,0.1538 
2014-12-14,1.9895,5.2127,0.1690 
2014-12-15,3.3529,6.6143,0.1830 
2014-12-16,2.9054,6.3649,6.4135 
2014-12-17,-1.7173,6.4140,2.6855 
2014-12-18,-2.7471,-0.7912,0.5685 
2014-12-19,-6.1987,-1.6981,0.0180 
2014-12-20,-6.1216,-2.0898,0.0159 
2014-12-21,-3.5459,-0.7141,0.0034 
2014-12-22,-3.2046,2.7599,9.9939e-04 
2014-12-23,1.3034,6.6036,0.4377 
2014-12-24,6.5467,11.0076,10.6256 
2014-12-25,1.2887,10.8555,9.4373 
2014-12-26,-0.0997,4.8092,0.0391 
2014-12-27,2.0804,7.8606,0.0652 
2014-12-28,-1.6104,7.6013,2.6971 
2014-12-29,-4.6368,-1.2128,0.0626 
2014-12-30,-7.4626,-4.6447,0.1656 
2014-12-31,-11.9221,-7.5382,0.4563 
2015-01-01,-9.0536,-7.7889,0.1962 
