Meteorological forcing data for the Large Basin Runoff Model.      
eri, 12,   <- lake basin, subbasin            
yyyy-mm-dd, Tmin(C), Tmax(C), Prec(mm)                             
2010-01-01,-5.9839,-4.1007,0.5368 
2010-01-02,-10.0918,-5.3700,1.1522 
2010-01-03,-10.9719,-6.6909,2.4551 
2010-01-04,-6.5537,-5.3718,2.6652 
2010-01-05,-5.6790,-4.9098,3.3575 
2010-01-06,-4.9190,-3.4362,2.8000 
2010-01-07,-4.8314,-3.4497,1.7416 
2010-01-08,-6.6879,-4.4123,6.6420 
2010-01-09,-7.6003,-5.1648,0.4868 
2010-01-10,-7.8999,-6.4168,0.2163 
2010-01-11,-9.9734,-6.1082,1.7602 
2010-01-12,-6.6346,-4.6886,1.1501 
2010-01-13,-8.0149,-0.7572,0.2192 
2010-01-14,-4.2342,3.4381,0.0000 
2010-01-15,-0.2471,1.9475,0.1655 
2010-01-16,-0.7164,2.5444,0.0413 
2010-01-17,0.8490,4.4634,0.0808 
2010-01-18,-3.4032,3.1923,0.0286 
2010-01-19,-2.7669,-1.2070,0.2249 
2010-01-20,-3.5572,-1.6373,0.1296 
2010-01-21,-6.4782,3.6483,0.0046 
2010-01-22,0.6853,3.4660,1.6608 
2010-01-23,-2.1417,4.7364,0.0301 
2010-01-24,2.6272,7.4421,7.2399 
2010-01-25,0.3029,8.4932,11.4943 
2010-01-26,-5.0249,0.9672,7.3084 
2010-01-27,-8.8808,-3.5629,0.8771 
2010-01-28,-10.3177,-2.2610,3.5117 
2010-01-29,-11.9376,-9.9403,0.1530 
2010-01-30,-11.6693,-8.3648,0.0873 
2010-01-31,-12.1170,-5.0404,0.0162 
2010-02-01,-8.4517,-4.8395,0.1146 
2010-02-02,-6.1717,-0.6664,0.1369 
2010-02-03,-3.0180,-1.2110,1.5452 
2010-02-04,-5.0057,0.6074,0.2265 
2010-02-05,-3.3047,0.8169,0.2585 
2010-02-06,-6.3885,-0.1235,2.3965 
2010-02-07,-7.6829,-5.2461,0.2351 
2010-02-08,-6.7218,-3.7931,0.0021 
2010-02-09,-6.6660,-0.7316,5.6034 
2010-02-10,-8.4166,0.4936,12.0709 
2010-02-11,-5.4056,-3.4302,3.0758 
2010-02-12,-6.5571,-4.1314,0.7051 
2010-02-13,-6.1954,-4.1212,0.5893 
2010-02-14,-4.9903,-3.0827,1.4591 
2010-02-15,-8.1631,-1.5254,0.2902 
2010-02-16,-5.9501,-3.2216,5.5269 
2010-02-17,-4.5001,-1.7938,1.1945 
2010-02-18,-2.8068,-1.2556,0.6357 
2010-02-19,-4.9156,-1.2506,0.0785 
2010-02-20,-6.1628,-0.9071,0.0016 
2010-02-21,-3.2469,2.7869,0.0066 
2010-02-22,0.0041,3.6352,7.6495 
2010-02-23,-2.5105,2.0741,0.6356 
2010-02-24,-3.9363,0.0655,0.9233 
2010-02-25,-6.2888,-1.2666,2.4833 
2010-02-26,-6.9846,-3.7648,8.1363 
2010-02-27,-3.6001,-0.5215,7.9882 
2010-02-28,-2.7808,-0.1293,3.1676 
2010-03-01,-2.1288,-0.3223,0.4421 
2010-03-02,-6.4057,-0.8842,0.1436 
2010-03-03,-7.6495,-0.8243,0.0481 
2010-03-04,-6.8457,-0.7222,0.0389 
2010-03-05,-8.7587,-0.8867,0.0022 
2010-03-06,-10.0479,-0.7456,0.0343 
2010-03-07,-2.2615,3.0292,1.5933e-06 
2010-03-08,0.3490,3.8233,0.0000 
2010-03-09,3.1275,7.6151,0.0029 
2010-03-10,3.2937,12.7489,0.3310 
2010-03-11,7.7206,12.4946,4.7615e-04 
2010-03-12,6.7014,13.6772,0.3935 
2010-03-13,2.6309,7.9397,3.3714 
2010-03-14,1.1576,3.8731,7.5367 
2010-03-15,1.0102,3.4558,0.4147 
2010-03-16,1.8177,8.2420,0.0423 
2010-03-17,4.9577,10.1488,0.0000 
2010-03-18,4.9492,13.7025,4.2244e-07 
2010-03-19,6.2037,15.1354,8.4488e-08 
2010-03-20,4.4925,14.3498,1.7829e-04 
2010-03-21,-0.3687,8.1303,0.1000 
2010-03-22,2.4804,5.6403,8.8793 
2010-03-23,1.8510,5.6922,10.8389 
2010-03-24,1.3739,9.0184,4.4653e-05 
2010-03-25,0.2747,8.3925,16.4201 
2010-03-26,-4.0978,-0.0747,2.7260 
2010-03-27,-6.0450,9.0885,0.0014 
2010-03-28,5.0213,9.6404,5.1666 
2010-03-29,3.4014,10.0483,2.1945 
2010-03-30,0.1949,7.1352,0.0082 
2010-03-31,5.0852,18.4636,0.0048 
2010-04-01,12.1683,24.6620,0.0000 
2010-04-02,16.2787,27.4900,0.0000 
2010-04-03,14.7874,25.7159,2.0876e-04 
2010-04-04,10.0791,20.6525,2.5733e-05 
2010-04-05,14.1987,21.1479,0.0118 
2010-04-06,15.3888,25.8962,0.0184 
2010-04-07,20.4349,25.2180,0.0329 
2010-04-08,7.3045,23.7679,5.6781 
2010-04-09,0.7980,6.2876,0.3399 
2010-04-10,1.7899,16.6260,0.0296 
2010-04-11,8.4851,16.0055,0.0079 
2010-04-12,5.9374,12.7660,1.9385e-04 
2010-04-13,5.6672,11.9819,5.0584 
2010-04-14,6.0014,17.5236,2.8173e-04 
2010-04-15,13.5006,24.8758,0.0026 
2010-04-16,15.7002,23.9207,4.1778 
2010-04-17,3.3372,14.9466,0.1338 
2010-04-18,3.1417,7.8125,0.0576 
2010-04-19,3.7640,11.2537,3.9709e-04 
2010-04-20,6.5374,12.6025,0.0000 
2010-04-21,8.6064,14.9861,7.8930e-08 
2010-04-22,4.4507,14.6408,3.2227e-04 
2010-04-23,5.1529,14.4114,0.0000 
2010-04-24,8.8547,18.0665,1.5890 
2010-04-25,12.6019,18.6691,23.4024 
2010-04-26,8.0821,11.8846,16.6834 
2010-04-27,2.6253,10.1828,0.0258 
2010-04-28,2.6561,9.6802,4.5341e-06 
2010-04-29,6.8723,16.9137,0.0012 
2010-04-30,12.3417,25.5570,0.0012 
2010-05-01,17.9780,26.2325,0.0081 
2010-05-02,18.0866,22.9628,0.2132 
2010-05-03,16.1524,20.3672,0.3315 
2010-05-04,12.5430,20.2025,0.7248 
2010-05-05,15.2652,25.8785,1.0586 
2010-05-06,10.8493,16.2436,11.6473 
2010-05-07,9.0692,25.5713,0.1895 
2010-05-08,6.0299,18.7674,15.5069 
2010-05-09,2.5773,7.1663,2.3987 
2010-05-10,5.1055,10.4598,1.7968e-04 
2010-05-11,5.9597,11.1176,13.1546 
2010-05-12,8.0060,14.7965,3.9648 
2010-05-13,5.7523,21.7868,1.2965 
2010-05-14,15.4898,20.0206,19.4718 
2010-05-15,10.1282,16.1998,7.0180e-06 
2010-05-16,8.1598,16.6168,2.6111e-05 
2010-05-17,12.6175,15.5113,1.5473 
2010-05-18,10.7767,17.2543,23.0546 
2010-05-19,6.9307,17.9752,0.1829 
2010-05-20,13.1455,22.4758,0.0079 
2010-05-21,15.1223,23.2647,0.4738 
2010-05-22,15.8362,22.7285,7.5591 
2010-05-23,16.1491,24.5687,0.0869 
2010-05-24,17.0452,26.4405,0.0074 
2010-05-25,18.0467,25.8986,1.8032e-05 
2010-05-26,21.0939,26.2685,7.0994e-04 
2010-05-27,20.6496,26.4189,1.3305e-04 
2010-05-28,17.9256,24.4296,2.6983e-06 
2010-05-29,18.1015,24.3031,2.2726e-07 
2010-05-30,18.8738,25.8783,3.3236e-05 
2010-05-31,22.0615,27.5569,21.9723 
2010-06-01,19.2783,22.0965,14.8398 
2010-06-02,18.5897,26.6070,0.3340 
2010-06-03,17.0887,24.5830,0.0561 
2010-06-04,15.7635,25.7947,0.0207 
2010-06-05,17.9724,25.8735,0.1868 
2010-06-06,15.1884,23.1683,26.9006 
2010-06-07,11.5184,16.2309,5.9814 
2010-06-08,11.9752,19.1108,0.0367 
2010-06-09,13.6900,23.2587,9.4311 
2010-06-10,16.1661,22.8482,0.0459 
2010-06-11,16.4274,26.3128,0.1424 
2010-06-12,22.5144,27.7360,0.0508 
2010-06-13,21.0744,27.6052,0.3548 
2010-06-14,18.3863,24.2688,0.7392 
2010-06-15,19.0196,25.0124,0.2992 
2010-06-16,19.5765,24.2794,0.0441 
2010-06-17,15.9303,23.2932,1.0835e-05 
2010-06-18,17.7063,26.9351,3.2221e-07 
2010-06-19,22.1482,29.8265,8.6756e-05 
2010-06-20,19.3641,25.9294,0.0029 
2010-06-21,18.5995,26.0191,4.8059e-06 
2010-06-22,19.0395,27.2506,6.1367 
2010-06-23,22.4385,30.5753,1.4726 
2010-06-24,20.7658,28.2968,4.0203 
2010-06-25,18.7326,23.8671,0.0197 
2010-06-26,19.9135,27.2433,5.4865e-04 
2010-06-27,21.0790,30.5075,0.8646 
2010-06-28,19.7039,25.4839,7.4338 
2010-06-29,15.6410,24.2529,0.0439 
2010-06-30,15.0786,17.9934,0.0000 
2010-07-01,15.7313,18.8435,1.1230e-04 
2010-07-02,14.7704,22.1372,0.0000 
2010-07-03,18.1626,27.0127,0.0000 
2010-07-04,21.9552,30.2075,0.0000 
2010-07-05,24.2939,30.6557,0.0016 
2010-07-06,26.9107,31.4307,0.0019 
2010-07-07,26.7727,30.8757,1.1569e-06 
2010-07-08,26.6062,31.2418,8.9968e-06 
2010-07-09,20.1565,30.2005,4.6352 
2010-07-10,20.4212,24.7315,0.1707 
2010-07-11,22.1696,27.7126,0.0109 
2010-07-12,19.9875,26.8705,2.7831 
2010-07-13,19.9530,25.3724,14.0440 
2010-07-14,20.9602,25.9982,0.0000 
2010-07-15,22.1861,29.8323,0.1099 
2010-07-16,20.5764,29.1846,0.4315 
2010-07-17,23.0492,30.0191,0.0036 
2010-07-18,21.7559,29.9834,0.2451 
2010-07-19,20.4944,29.1991,1.4322 
2010-07-20,18.3005,25.9505,2.2745 
2010-07-21,20.2059,27.6834,0.0605 
2010-07-22,20.9196,28.5454,0.0333 
2010-07-23,23.0033,32.2411,5.1342 
2010-07-24,27.4270,31.6044,14.0000 
2010-07-25,20.5249,28.9711,4.5050 
2010-07-26,19.7675,24.8461,0.0270 
2010-07-27,20.4200,27.9082,0.0109 
2010-07-28,22.4918,30.7245,0.2419 
2010-07-29,19.1273,23.2883,13.3140 
2010-07-30,19.6267,23.2068,6.7855e-06 
2010-07-31,19.8096,25.4081,0.0312 
2010-08-01,20.2237,26.5802,0.0088 
2010-08-02,19.3700,28.0004,0.0051 
2010-08-03,24.1526,29.2820,0.6693 
2010-08-04,22.6590,28.9211,0.2043 
2010-08-05,22.8108,28.1668,5.4782 
2010-08-06,20.9158,25.8301,0.0658 
2010-08-07,18.3752,24.1146,0.0067 
2010-08-08,20.4719,28.0560,3.6660e-04 
2010-08-09,23.3909,29.9372,0.0049 
2010-08-10,24.2851,28.8697,0.0176 
2010-08-11,22.7029,29.0499,0.0646 
2010-08-12,20.1512,28.4466,7.6611 
2010-08-13,20.2567,28.6520,3.4898e-04 
2010-08-14,22.6265,31.1164,1.4687 
2010-08-15,21.4107,29.4006,0.7439 
2010-08-16,20.7722,28.5163,0.0540 
2010-08-17,21.0522,24.8228,1.2802e-06 
2010-08-18,21.1198,24.7332,0.0012 
2010-08-19,19.8610,26.2018,0.0031 
2010-08-20,20.3253,28.1222,0.0119 
2010-08-21,23.7359,29.2812,6.1865 
2010-08-22,20.0201,22.1541,24.8286 
2010-08-23,18.8087,20.7428,0.4577 
2010-08-24,17.0445,23.7128,0.2251 
2010-08-25,19.2982,23.2873,0.0120 
2010-08-26,17.1568,19.5305,0.0969 
2010-08-27,15.3567,21.5716,1.0653e-04 
2010-08-28,18.1748,25.3617,2.4065e-04 
2010-08-29,21.4406,28.6849,7.0131e-05 
2010-08-30,25.1879,30.3200,5.3712e-09 
2010-08-31,24.0068,30.2252,7.0681e-04 
2010-09-01,23.9431,29.3259,8.3443e-04 
2010-09-02,24.5362,28.9678,4.7884e-06 
2010-09-03,17.9271,28.1617,3.7002 
2010-09-04,14.1276,20.5498,12.8636 
2010-09-05,14.3181,18.7659,0.3316 
2010-09-06,14.1070,24.4478,0.0040 
2010-09-07,19.6864,29.6866,0.6044 
2010-09-08,15.9382,21.6896,1.0340 
2010-09-09,13.5940,17.7222,0.0020 
2010-09-10,13.5178,18.0482,0.0046 
2010-09-11,12.6761,21.5419,2.3521 
2010-09-12,15.1046,18.8677,3.7167 
2010-09-13,14.4591,22.6777,0.1027 
2010-09-14,14.7026,21.7963,0.0090 
2010-09-15,13.3678,19.5158,0.0132 
2010-09-16,15.5711,20.9391,17.6320 
2010-09-17,12.4847,18.2102,2.6370 
2010-09-18,12.3995,23.2584,0.0011 
2010-09-19,14.9434,22.2022,0.0223 
2010-09-20,12.2545,18.1309,7.3664e-04 
2010-09-21,13.3223,27.2985,0.0054 
2010-09-22,20.1660,26.0804,3.7072 
2010-09-23,17.4118,29.0651,0.3891 
2010-09-24,24.1275,29.4368,0.0028 
2010-09-25,14.3180,25.2208,0.0027 
2010-09-26,10.6099,14.8587,0.0015 
2010-09-27,11.5815,16.5375,1.1676 
2010-09-28,13.2487,15.2027,27.8249 
2010-09-29,11.0070,18.0078,2.5893 
2010-09-30,14.7894,17.4747,0.0206 
2010-10-01,11.8138,16.2154,0.0072 
2010-10-02,9.3444,13.9741,5.8337 
2010-10-03,7.7081,10.8424,15.1569 
2010-10-04,6.6297,10.4782,0.9290 
2010-10-05,8.4614,10.5990,7.3254 
2010-10-06,9.7321,14.3392,5.4901 
2010-10-07,11.1352,15.5975,0.0130 
2010-10-08,10.7259,19.4430,0.1164 
2010-10-09,14.5753,19.7216,0.0026 
2010-10-10,12.5840,23.5652,0.0435 
2010-10-11,16.8256,22.8033,0.0025 
2010-10-12,11.3019,18.2607,0.0023 
2010-10-13,7.4184,17.3333,0.0024 
2010-10-14,9.3067,15.4617,10.0072 
2010-10-15,8.2296,11.9491,8.9070 
2010-10-16,9.0644,12.7257,0.0062 
2010-10-17,9.9683,13.5162,2.4817e-04 
2010-10-18,7.7663,11.3930,1.4318 
2010-10-19,6.9273,10.7847,0.0964 
2010-10-20,6.5621,15.4988,0.0039 
2010-10-21,8.1595,15.0845,4.6730 
2010-10-22,5.2710,10.1600,0.3028 
2010-10-23,8.0092,17.8514,8.1548e-04 
2010-10-24,14.6738,21.5053,0.0022 
2010-10-25,17.2237,20.4168,1.5757 
2010-10-26,13.4964,23.5042,14.1930 
2010-10-27,9.7220,17.0706,1.1870 
2010-10-28,6.7887,15.4063,0.4211 
2010-10-29,5.7573,8.2470,4.7189 
2010-10-30,3.1476,11.7006,0.0223 
2010-10-31,5.4009,10.7313,0.0113 
2010-11-01,2.1240,6.1927,0.0352 
2010-11-02,1.5331,7.3549,0.0072 
2010-11-03,3.0363,9.6432,0.0106 
2010-11-04,4.4370,8.4418,1.7070 
2010-11-05,3.3949,6.2580,11.1935 
2010-11-06,1.5442,3.3036,3.9731 
2010-11-07,-0.7160,6.3830,0.0951 
2010-11-08,1.2793,9.0769,0.0000 
2010-11-09,5.2722,11.4890,1.4046e-04 
2010-11-10,4.3969,12.8570,0.0026 
2010-11-11,5.9676,13.9459,4.8296e-05 
2010-11-12,8.8987,15.2311,5.7424e-04 
2010-11-13,9.3946,16.2829,0.0023 
2010-11-14,7.6582,13.9834,1.1989 
2010-11-15,2.3733,9.6291,8.0721e-04 
2010-11-16,3.6634,9.6400,11.4879 
2010-11-17,5.7342,13.1234,13.7187 
2010-11-18,3.8698,7.3291,1.8992 
2010-11-19,1.4219,7.3537,0.6384 
2010-11-20,3.8148,7.3089,0.0060 
2010-11-21,1.7387,13.7604,0.0076 
2010-11-22,13.5570,16.0831,8.6057 
2010-11-23,2.9733,17.9216,3.7500 
2010-11-24,-0.2394,4.4595,0.0240 
2010-11-25,2.9733,13.5747,21.0966 
2010-11-26,-5.3207,14.0192,14.8013 
2010-11-27,-3.6074,0.7175,0.6769 
2010-11-28,-4.3563,2.5033,0.3445 
2010-11-29,-1.3562,6.0504,0.0046 
2010-11-30,5.2321,13.3954,26.8143 
2010-12-01,-4.5339,9.2268,40.2225 
2010-12-02,-4.9315,-2.1167,0.7777 
2010-12-03,-3.9769,-1.3853,1.2779 
2010-12-04,-3.0220,-0.7859,0.8464 
2010-12-05,-3.7405,-0.8993,1.5708 
2010-12-06,-3.9010,-2.6691,2.8474 
2010-12-07,-5.0209,-3.4720,1.0510 
2010-12-08,-4.8379,-3.7934,0.7977 
2010-12-09,-5.9990,-3.7984,1.2124 
2010-12-10,-5.6688,2.7235,1.2313 
2010-12-11,-2.0666,3.9506,4.5462e-05 
2010-12-12,-2.6471,2.7816,13.2386 
2010-12-13,-6.8334,-2.3396,6.9498 
2010-12-14,-8.6529,-6.6112,2.0977 
2010-12-15,-7.4654,-4.9918,0.3677 
2010-12-16,-11.5326,-6.0346,0.6191 
2010-12-17,-7.3901,-3.4628,0.6300 
2010-12-18,-12.2930,-4.8887,0.0425 
2010-12-19,-11.0510,-5.3785,0.5158 
2010-12-20,-8.7424,-2.6174,1.0716 
2010-12-21,-3.6322,-2.1800,0.3381 
2010-12-22,-5.6756,-2.5920,0.3875 
2010-12-23,-2.6913,-1.6534,0.9376 
2010-12-24,-3.6714,-2.6583,0.4054 
2010-12-25,-4.5461,-3.1648,0.5476 
2010-12-26,-5.6985,-4.3377,1.2764 
2010-12-27,-6.7778,-3.8844,0.5883 
2010-12-28,-8.7819,-3.8774,0.0462 
2010-12-29,-7.5200,0.5575,0.0346 
2010-12-30,-2.3556,4.4360,0.5886 
2010-12-31,3.1721,8.9526,0.7029 
2011-01-01,3.5733,11.8408,8.1728 
2011-01-02,-9.2302,2.1475,0.2436 
2011-01-03,-9.2057,0.0966,0.0893 
2011-01-04,-2.5625,0.9540,0.0497 
2011-01-05,-5.7047,-1.6765,0.8401 
2011-01-06,-6.6926,-1.9897,2.6743 
2011-01-07,-7.8464,-2.6082,4.7964 
2011-01-08,-8.2423,-6.6945,3.7271 
2011-01-09,-7.0250,-5.4308,2.7347 
2011-01-10,-6.2859,-4.3298,0.1989 
2011-01-11,-7.2178,-3.7007,4.0868 
2011-01-12,-6.4006,-4.0084,4.9851 
2011-01-13,-7.2692,-5.1827,1.5858 
2011-01-14,-10.3936,-4.8931,1.3989 
2011-01-15,-5.3026,-1.5245,1.5029 
2011-01-16,-12.0159,-4.5374,0.1458 
2011-01-17,-12.7109,-0.7621,0.0082 
2011-01-18,-0.5766,3.2524,2.1398 
2011-01-19,-5.4651,1.5511,2.0747 
2011-01-20,-9.5652,-5.6941,2.1442 
2011-01-21,-12.4244,-6.5426,3.1582 
2011-01-22,-16.8050,-9.5507,0.2180 
2011-01-23,-14.0239,-9.9118,0.9916 
2011-01-24,-15.3915,-3.8949,0.9987 
2011-01-25,-3.5341,0.0841,0.5668 
2011-01-26,-6.1746,-2.1880,0.0073 
2011-01-27,-5.4605,-3.0954,1.1094 
2011-01-28,-5.5208,-3.1399,3.7239 
2011-01-29,-7.1878,-1.4384,3.0617 
2011-01-30,-6.2492,-3.6261,0.5323 
2011-01-31,-12.8163,-5.0353,0.0322 
2011-02-01,-5.9351,-3.0540,8.6430 
2011-02-02,-6.4580,8.4872,11.6626 
2011-02-03,-13.0767,-5.4130,1.2779 
2011-02-04,-10.6507,-2.2632,4.3481e-04 
2011-02-05,-4.5939,-0.0403,5.0975 
2011-02-06,-7.0834,-0.3072,1.3709 
2011-02-07,-1.3779,0.2634,2.1495 
2011-02-08,-12.3860,-1.6151,3.0177 
2011-02-09,-13.8137,-8.3456,0.0373 
2011-02-10,-17.2876,-10.4554,0.0753 
2011-02-11,-12.7317,-4.3031,0.0338 
2011-02-12,-4.1103,-2.8195,4.5071 
2011-02-13,-3.6884,4.8555,0.3942 
2011-02-14,-1.6532,5.6193,1.1532 
2011-02-15,-9.4183,0.5918,0.2397 
2011-02-16,-0.7581,4.7789,0.0106 
2011-02-17,4.8819,12.5718,0.0100 
2011-02-18,5.3702,13.7536,0.0196 
2011-02-19,-3.6961,4.5327,0.0135 
2011-02-20,-7.6901,2.8501,2.7596 
2011-02-21,-4.8933,-0.0604,23.4298 
2011-02-22,-8.9602,-2.7754,1.4768 
2011-02-23,-7.8447,0.9143,0.0026 
2011-02-24,-1.7278,3.5414,0.4619 
2011-02-25,-4.1532,-1.2423,10.6011 
2011-02-26,-7.0548,0.3108,0.2340 
2011-02-27,-3.0685,5.0818,0.2732 
2011-02-28,-2.2748,7.9593,35.1530 
2011-03-01,-7.5606,2.1065,5.3268e-06 
2011-03-02,-6.1927,1.7951,4.6555e-04 
2011-03-03,-11.3117,1.2307,0.0151 
2011-03-04,0.5790,6.5549,2.8796 
2011-03-05,6.5335,11.0663,17.2752 
2011-03-06,-3.8565,6.7838,12.7713 
2011-03-07,-9.6359,-1.8538,0.0465 
2011-03-08,-4.6467,6.0879,0.0132 
2011-03-09,1.2893,7.9526,12.1544 
2011-03-10,2.9756,10.0498,11.2069 
2011-03-11,-1.7331,2.0795,15.8228 
2011-03-12,-1.7156,5.9057,0.3132 
2011-03-13,-1.3690,1.4964,0.2215 
2011-03-14,-6.5756,1.5229,0.2444 
2011-03-15,-1.7823,6.2950,3.6476 
2011-03-16,3.7158,7.5378,2.1461 
2011-03-17,4.2737,15.8416,0.0064 
2011-03-18,9.3366,16.9187,0.0018 
2011-03-19,0.2407,10.2084,0.0024 
2011-03-20,-2.4298,13.1948,0.3655 
2011-03-21,11.1650,14.9034,16.4645 
2011-03-22,0.0178,9.9236,0.1647 
2011-03-23,3.0549,5.8209,6.3331 
2011-03-24,-3.5332,2.2273,0.6702 
2011-03-25,-6.9284,-3.3946,0.1022 
2011-03-26,-9.4629,-3.1722,0.0534 
2011-03-27,-7.7754,-2.5417,1.1192e-08 
2011-03-28,-7.6168,-2.0938,0.0249 
2011-03-29,-3.4599,1.1712,2.9223e-04 
2011-03-30,-2.5831,2.9959,3.9011 
2011-03-31,-1.2028,0.8983,2.4756 
2011-04-01,-1.5212,3.9335,0.4570 
2011-04-02,-0.2700,5.1093,0.0554 
2011-04-03,0.1484,7.7895,0.3100 
2011-04-04,5.2792,20.0714,21.0044 
2011-04-05,-0.0492,9.0578,2.9606 
2011-04-06,0.4242,7.6600,2.0395 
2011-04-07,1.4555,9.7831,3.1826 
2011-04-08,5.4429,8.0469,10.6539 
2011-04-09,3.2920,16.7673,0.0310 
2011-04-10,9.9691,24.9868,0.0649 
2011-04-11,10.7164,24.1917,3.9863 
2011-04-12,5.0926,10.1168,0.6280 
2011-04-13,4.5003,11.1026,0.1320 
2011-04-14,8.3337,13.9073,0.0028 
2011-04-15,4.7180,19.7702,0.0434 
2011-04-16,9.7542,18.6411,12.9600 
2011-04-17,2.1329,9.5441,1.3498 
2011-04-18,1.7638,7.3215,2.1642 
2011-04-19,1.7098,11.1042,6.4094 
2011-04-20,7.6966,19.2966,20.9197 
2011-04-21,0.6119,7.0602,0.2244 
2011-04-22,2.7069,8.3371,4.7229 
2011-04-23,9.1442,20.7898,11.3755 
2011-04-24,8.7634,15.5444,2.3345 
2011-04-25,11.2221,15.7745,24.0045 
2011-04-26,12.8281,22.4939,4.5848 
2011-04-27,17.3500,25.0327,0.1232 
2011-04-28,9.2254,19.4130,0.9348 
2011-04-29,3.5133,10.4334,4.0593 
2011-04-30,3.7526,16.9218,0.0329 
2011-05-01,14.2839,18.0664,3.3502 
2011-05-02,6.5931,17.5620,5.4686 
2011-05-03,4.7397,9.0935,14.7225 
2011-05-04,3.0186,8.6750,1.6175 
2011-05-05,5.7723,13.2275,9.3197e-04 
2011-05-06,9.0279,14.6980,2.9652 
2011-05-07,9.0580,16.1971,1.3170 
2011-05-08,11.0366,16.0178,0.0082 
2011-05-09,10.8476,16.8928,0.0000 
2011-05-10,11.0774,23.4255,0.0353 
2011-05-11,17.3806,26.1561,0.0676 
2011-05-12,18.5222,27.6862,6.4469 
2011-05-13,17.4505,24.1503,12.1772 
2011-05-14,15.8435,18.8356,14.5693 
2011-05-15,7.3768,18.8221,10.6375 
2011-05-16,5.7043,7.8383,2.9415 
2011-05-17,6.3152,13.2940,4.7122 
2011-05-18,12.9842,19.4371,10.1773 
2011-05-19,9.7290,18.0229,0.1361 
2011-05-20,13.1568,19.5579,0.0075 
2011-05-21,14.5627,23.5138,2.4364e-04 
2011-05-22,17.7066,28.1484,3.2783 
2011-05-23,17.4939,27.4696,0.9183 
2011-05-24,18.5023,20.9387,6.4284 
2011-05-25,13.2913,26.9025,4.0937 
2011-05-26,16.5697,22.5384,27.5870 
2011-05-27,14.7339,20.3117,6.9579 
2011-05-28,13.1312,23.1089,0.0704 
2011-05-29,19.0342,28.0314,7.1755 
2011-05-30,23.1767,29.7100,1.9367 
2011-05-31,25.2041,32.3657,2.2319e-05 
2011-06-01,22.7743,31.4728,1.5445e-05 
2011-06-02,13.7245,21.9128,5.9187e-07 
2011-06-03,11.1673,20.5136,6.9665e-04 
2011-06-04,16.6182,29.9369,3.5554e-05 
2011-06-05,17.2657,29.4786,5.5598e-04 
2011-06-06,18.8308,27.2581,0.0102 
2011-06-07,22.6359,30.4301,22.0237 
2011-06-08,24.0356,32.0438,0.0000 
2011-06-09,24.8653,30.8895,0.3039 
2011-06-10,14.8978,26.7017,3.8960 
2011-06-11,17.8930,25.1203,0.7907 
2011-06-12,13.3268,19.4853,1.4437 
2011-06-13,13.6580,18.3804,6.7127e-05 
2011-06-14,12.7277,17.8484,0.0012 
2011-06-15,13.0612,23.6716,6.0088e-04 
2011-06-16,17.2521,23.1715,3.9888 
2011-06-17,15.2417,22.9080,1.5717 
2011-06-18,17.5420,24.6083,0.0444 
2011-06-19,18.4134,25.3965,4.7121 
2011-06-20,19.0207,25.8760,1.2883 
2011-06-21,19.0418,29.7203,3.1184 
2011-06-22,21.5613,29.3529,1.2061 
2011-06-23,19.5491,26.4461,6.3974 
2011-06-24,16.6638,22.4401,3.9935 
2011-06-25,15.2123,20.0565,0.6978 
2011-06-26,18.1171,23.0863,8.3970e-04 
2011-06-27,17.5789,26.4347,7.1149e-04 
2011-06-28,20.5059,23.6498,0.0011 
2011-06-29,16.7423,21.6554,0.0184 
2011-06-30,16.7986,23.7475,0.0000 
2011-07-01,19.6470,27.2539,0.0024 
2011-07-02,20.2270,26.7797,1.2517 
2011-07-03,20.9913,26.9724,11.8175 
2011-07-04,20.9891,24.9820,0.0119 
2011-07-05,20.6353,27.0177,0.0134 
2011-07-06,22.6537,29.2529,9.2743e-06 
2011-07-07,20.0937,26.6798,0.0073 
2011-07-08,18.5475,25.7351,0.1382 
2011-07-09,19.9191,27.0173,0.0045 
2011-07-10,22.8610,30.7873,0.0000 
2011-07-11,24.6679,33.0661,1.5350 
2011-07-12,22.0334,30.8745,0.5412 
2011-07-13,18.8482,26.2032,0.0219 
2011-07-14,17.6786,24.3789,0.0097 
2011-07-15,20.7435,27.2611,7.4114e-04 
2011-07-16,20.9882,28.2013,3.2012e-04 
2011-07-17,21.8199,29.8163,1.5713e-04 
2011-07-18,22.7531,32.5290,2.6016 
2011-07-19,21.3427,32.0415,21.9971 
2011-07-20,22.5037,31.3509,0.0126 
2011-07-21,26.8578,33.5661,3.7264e-06 
2011-07-22,24.4360,33.1435,8.6809 
2011-07-23,25.4736,32.4603,7.9528 
2011-07-24,20.4176,29.6511,5.7827 
2011-07-25,23.9747,28.1253,0.3174 
2011-07-26,22.7175,26.1259,0.0018 
2011-07-27,18.8748,26.3255,0.0014 
2011-07-28,23.5518,31.0846,14.3569 
2011-07-29,24.4165,30.4554,1.4212 
2011-07-30,22.6842,26.9683,0.1334 
2011-07-31,23.4848,28.9865,7.6409e-06 
2011-08-01,23.7617,28.1578,2.2221 
2011-08-02,22.5813,27.9675,0.1789 
2011-08-03,20.8057,27.6702,4.5923 
2011-08-04,20.3862,24.4207,0.3490 
2011-08-05,21.7537,26.0414,0.0144 
2011-08-06,22.7062,28.8619,0.0450 
2011-08-07,21.7051,27.6497,0.2473 
2011-08-08,19.2991,26.9169,3.1412 
2011-08-09,17.9444,25.1788,13.1193 
2011-08-10,19.0321,25.1809,6.7555 
2011-08-11,18.4008,21.9389,0.1094 
2011-08-12,19.3090,25.4781,8.2048e-07 
2011-08-13,20.7961,26.8007,6.6476e-04 
2011-08-14,18.6474,26.1624,22.8628 
2011-08-15,18.9106,22.2248,18.9732 
2011-08-16,18.2799,23.4668,0.0235 
2011-08-17,20.1469,26.3693,0.0018 
2011-08-18,22.5456,27.3624,0.2504 
2011-08-19,18.8834,26.7047,1.9994 
2011-08-20,20.5283,28.2177,0.1036 
2011-08-21,17.5545,26.7596,6.7631 
2011-08-22,16.1604,21.4636,0.1119 
2011-08-23,17.4646,24.8852,0.0021 
2011-08-24,17.6414,28.4758,3.6808 
2011-08-25,19.3556,28.2749,21.1735 
2011-08-26,16.8236,22.7034,0.0019 
2011-08-27,17.5026,23.0062,0.0021 
2011-08-28,18.3314,21.7915,0.0724 
2011-08-29,16.6422,21.1864,0.0056 
2011-08-30,17.8789,24.2998,0.0130 
2011-08-31,19.2673,27.3044,0.0446 
2011-09-01,19.6718,28.3295,3.4663 
2011-09-02,24.1563,30.9457,0.1734 
2011-09-03,24.5470,32.2992,0.0890 
2011-09-04,19.8068,30.4416,5.6064 
2011-09-05,15.7597,18.9985,12.3475 
2011-09-06,13.9278,17.3512,0.1576 
2011-09-07,13.3062,17.6843,4.3570 
2011-09-08,16.7329,21.0307,2.4207 
2011-09-09,16.6528,21.1220,1.2229 
2011-09-10,17.2890,20.2119,26.7058 
2011-09-11,16.8426,21.8825,3.7852 
2011-09-12,17.0111,24.8303,0.0086 
2011-09-13,19.2137,26.2791,0.0194 
2011-09-14,15.0895,21.1347,0.0119 
2011-09-15,10.7608,16.4795,10.6658 
2011-09-16,10.9886,13.1563,0.0541 
2011-09-17,11.2007,17.0229,0.0351 
2011-09-18,8.8689,18.8552,0.0256 
2011-09-19,12.9817,18.8733,3.2358 
2011-09-20,15.0053,19.4913,6.2080 
2011-09-21,16.4335,22.5633,2.2851 
2011-09-22,16.7264,20.5318,1.1041 
2011-09-23,13.3820,19.1542,1.6600 
2011-09-24,10.8323,18.4394,0.1040 
2011-09-25,14.3106,22.1147,1.1463 
2011-09-26,16.7363,23.6515,8.1285 
2011-09-27,13.5530,19.8586,3.2567 
2011-09-28,14.3188,18.4430,0.0280 
2011-09-29,12.6104,17.0318,0.0543 
2011-09-30,9.1114,15.5264,6.8497 
2011-10-01,8.0619,10.1495,6.4500 
2011-10-02,5.7862,10.0256,6.0783 
2011-10-03,7.9452,11.8966,2.7767 
2011-10-04,11.4091,15.6622,0.1891 
2011-10-05,13.6149,18.7176,0.0087 
2011-10-06,10.6124,20.6351,0.0661 
2011-10-07,14.7977,23.3839,0.0460 
2011-10-08,15.1295,24.1492,0.0429 
2011-10-09,17.3546,24.2774,0.0252 
2011-10-10,19.2434,23.2822,0.0714 
2011-10-11,16.6607,23.1483,0.0314 
2011-10-12,13.8908,20.8318,9.0929 
2011-10-13,12.4399,19.6349,1.2363 
2011-10-14,11.3208,16.8733,12.4633 
2011-10-15,8.0704,11.0815,6.7245 
2011-10-16,10.0642,12.5469,6.1404 
2011-10-17,7.7836,12.6343,0.2946 
2011-10-18,8.1640,11.7414,1.3911 
2011-10-19,9.9013,17.9666,27.2949 
2011-10-20,4.9698,15.0028,10.7468 
2011-10-21,5.2579,8.0403,13.6140 
2011-10-22,6.2627,9.5790,0.0325 
2011-10-23,7.4629,14.9540,1.2211e-04 
2011-10-24,9.9012,13.1874,2.4899 
2011-10-25,7.9843,16.1706,0.0418 
2011-10-26,11.5714,15.6072,6.8887 
2011-10-27,4.2235,11.3630,7.8202 
2011-10-28,1.8706,7.3885,0.3445 
2011-10-29,1.4817,6.3542,0.0731 
2011-10-30,2.6556,9.4203,0.1104 
2011-10-31,5.7492,9.2839,0.0544 
2011-11-01,4.0542,12.5701,0.0167 
2011-11-02,7.4237,15.7049,3.2663e-04 
2011-11-03,10.3455,13.3480,0.0000 
2011-11-04,5.8117,10.7940,0.0011 
2011-11-05,0.2478,10.4111,6.0809e-06 
2011-11-06,4.2197,14.0054,0.0000 
2011-11-07,8.9228,16.3572,0.0025 
2011-11-08,11.2461,18.6731,0.0012 
2011-11-09,12.4633,17.7432,0.3357 
2011-11-10,4.4675,14.8264,0.3868 
2011-11-11,1.6217,4.9867,5.7089 
2011-11-12,1.8074,14.0577,8.0280e-05 
2011-11-13,10.3795,16.1098,0.0040 
2011-11-14,14.1080,16.7556,14.4964 
2011-11-15,9.1783,14.8413,14.5911 
2011-11-16,5.2738,10.8158,0.0497 
2011-11-17,0.2338,4.8355,0.3273 
2011-11-18,-2.1653,5.3804,1.2225 
2011-11-19,3.1412,10.0324,7.3555e-04 
2011-11-20,8.4337,14.3651,0.0672 
2011-11-21,3.6830,7.6060,0.2027 
2011-11-22,2.2102,7.8403,17.7996 
2011-11-23,3.2688,13.3301,11.9620 
2011-11-24,1.0056,9.7386,0.0063 
2011-11-25,4.8044,12.4523,9.2127e-05 
2011-11-26,8.0346,13.9231,4.1220e-05 
2011-11-27,11.7376,13.5738,7.0248 
2011-11-28,4.1122,10.8595,10.0936 
2011-11-29,5.8384,14.7164,12.2768 
2011-11-30,0.5579,5.2827,1.7206 
2011-12-01,-1.8907,3.9514,4.2201e-04 
2011-12-02,-1.1471,2.7562,0.0602 
2011-12-03,-1.0867,8.5461,0.0107 
2011-12-04,6.7222,9.4357,1.8827 
2011-12-05,5.4780,10.1181,26.6042 
2011-12-06,2.2686,5.3713,18.7601 
2011-12-07,-0.8426,2.8681,1.1063 
2011-12-08,-2.2770,2.0809,0.2467 
2011-12-09,-1.0992,1.2568,0.7401 
2011-12-10,-4.4988,-0.0518,0.2948 
2011-12-11,-7.9233,1.3646,0.0356 
2011-12-12,-2.2827,4.4008,0.0000 
2011-12-13,0.9979,6.4256,0.0107 
2011-12-14,3.6416,8.7860,3.7574 
2011-12-15,9.0530,14.0719,21.9785 
2011-12-16,-0.2826,7.7701,0.5854 
2011-12-17,-2.5170,-0.4076,5.1213 
2011-12-18,-3.7532,-0.1641,1.2043 
2011-12-19,-0.2147,5.9062,0.3320 
2011-12-20,-0.2128,6.3052,2.4049 
2011-12-21,3.0845,13.5528,16.7109 
2011-12-22,4.6373,7.6932,0.7136 
2011-12-23,-2.7468,4.3446,6.7201 
2011-12-24,-3.8162,2.2651,0.1245 
2011-12-25,-1.0146,4.5563,0.0399 
2011-12-26,-0.1985,4.5280,0.1828 
2011-12-27,0.3647,2.9249,9.4462 
2011-12-28,-4.7832,0.3805,4.4393 
2011-12-29,-6.6059,1.8535,0.4979 
2011-12-30,2.1483,7.2191,1.6778 
2011-12-31,2.1781,8.4583,4.3657 
2012-01-01,1.1956,8.3169,1.1503 
2012-01-02,-3.5216,1.4654,9.8905 
2012-01-03,-7.9242,-3.3688,2.1239 
2012-01-04,-9.1698,-0.4672,0.0105 
2012-01-05,-0.9032,2.4068,0.0494 
2012-01-06,1.5707,8.9996,0.0000 
2012-01-07,2.4414,7.3191,0.0037 
2012-01-08,-1.9070,2.4252,0.0109 
2012-01-09,-2.6155,4.4145,2.0139e-06 
2012-01-10,0.6161,4.6625,0.0358 
2012-01-11,0.9862,8.2586,2.2648 
2012-01-12,4.9089,7.3541,10.8606 
2012-01-13,-8.2895,5.2186,7.4469 
2012-01-14,-7.4816,-5.1122,9.6971 
2012-01-15,-8.9472,-5.2526,3.0513 
2012-01-16,-6.9773,5.0019,1.3133 
2012-01-17,5.1172,12.7219,33.8594 
2012-01-18,-6.2764,2.4097,2.0955 
2012-01-19,-8.3709,-2.1560,4.5414 
2012-01-20,-10.3506,-5.1428,1.0092 
2012-01-21,-6.7308,-3.8493,4.9485 
2012-01-22,-7.9726,4.4198,0.0023 
2012-01-23,4.4636,10.0270,4.9891 
2012-01-24,-2.5586,6.1316,0.0891 
2012-01-25,-3.7631,-0.1300,0.1154 
2012-01-26,-1.7770,3.0393,7.9582 
2012-01-27,-0.2228,6.9880,21.4309 
2012-01-28,-2.8436,0.7592,3.8505 
2012-01-29,-2.7979,1.0190,2.1616 
2012-01-30,-5.7440,2.6165,1.3193 
2012-01-31,4.0148,11.5625,2.3512e-04 
2012-02-01,2.8418,11.4456,3.1760 
2012-02-02,-0.3745,2.0882,0.0766 
2012-02-03,-1.0774,6.2445,4.6554e-07 
2012-02-04,-0.2353,3.3447,0.3310 
2012-02-05,-1.3521,3.0394,0.0018 
2012-02-06,-1.3837,6.3038,0.0026 
2012-02-07,-2.4565,4.7783,0.0271 
2012-02-08,-3.4870,0.1868,0.7272 
2012-02-09,-5.7722,1.8627,0.0081 
2012-02-10,-6.4490,0.5302,1.0862 
2012-02-11,-8.0060,-0.7325,5.2246 
2012-02-12,-7.9636,-3.7751,2.1206 
2012-02-13,-7.4306,-1.2817,0.1189 
2012-02-14,-3.2069,1.2152,1.5342 
2012-02-15,-1.4738,3.7490,0.2319 
2012-02-16,1.3562,6.6281,4.4271 
2012-02-17,-1.0438,4.2738,0.5234 
2012-02-18,-0.4324,1.7497,0.1552 
2012-02-19,-4.0029,-0.6255,0.0674 
2012-02-20,-4.6417,2.6314,0.0281 
2012-02-21,-0.7263,6.7859,0.6233 
2012-02-22,3.6477,7.5364,0.7995 
2012-02-23,0.5264,5.8943,5.0729 
2012-02-24,-0.1638,9.0735,10.5154 
2012-02-25,-2.6539,-0.2427,5.0878 
2012-02-26,-5.2083,1.9298,0.2171 
2012-02-27,0.4731,6.9771,0.0206 
2012-02-28,-3.6378,4.9656,3.2590e-05 
2012-02-29,2.0848,14.7987,19.0270 
2012-03-01,1.2185,13.2326,1.4963 
2012-03-02,1.3548,13.6533,6.5294 
2012-03-03,0.7340,13.5399,4.3613 
2012-03-04,-2.8336,0.7842,1.0615 
2012-03-05,-7.8010,-2.6552,4.1668 
2012-03-06,-6.4505,7.3970,0.2375 
2012-03-07,6.5210,15.8341,1.7136e-06 
2012-03-08,5.6994,16.0609,13.0466 
2012-03-09,-1.1376,4.5002,1.4501 
2012-03-10,-5.6439,6.2316,0.0146 
2012-03-11,3.1470,16.3314,0.0012 
2012-03-12,9.1014,14.7391,8.3501 
2012-03-13,11.7733,15.4003,6.6203 
2012-03-14,8.6113,21.5548,0.0438 
2012-03-15,15.1355,23.9109,6.3341 
2012-03-16,15.0841,19.4591,8.0248 
2012-03-17,14.6798,23.7853,0.0459 
2012-03-18,15.5069,22.8163,11.0697 
2012-03-19,14.6299,21.3881,3.3251 
2012-03-20,16.9691,24.5068,3.8302e-05 
2012-03-21,17.0924,25.9894,5.7068e-06 
2012-03-22,15.9309,25.1600,5.6755e-05 
2012-03-23,18.7479,26.0150,0.5817 
2012-03-24,15.1032,20.7065,4.4716 
2012-03-25,10.6051,14.4966,0.1950 
2012-03-26,-0.5258,12.8171,0.0022 
2012-03-27,-2.9063,11.9427,0.0000 
2012-03-28,11.0476,17.1589,0.1930 
2012-03-29,2.1276,12.9592,0.0022 
2012-03-30,-0.8429,10.8263,1.9564 
2012-03-31,1.5674,9.3584,2.7690 
2012-04-01,1.7341,14.4630,0.1525 
2012-04-02,2.3507,9.8110,0.1935 
2012-04-03,4.9238,19.1957,0.0181 
2012-04-04,4.9097,18.4593,0.0077 
2012-04-05,1.2556,6.4137,5.5556e-05 
2012-04-06,1.1458,8.2734,1.9594e-05 
2012-04-07,1.9673,10.1302,0.0000 
2012-04-08,8.0068,11.3004,0.0013 
2012-04-09,6.0367,12.1328,0.0014 
2012-04-10,3.0717,10.6324,0.4541 
2012-04-11,0.6575,6.4426,0.7263 
2012-04-12,2.4315,9.2789,0.0012 
2012-04-13,6.2054,13.1232,3.2908e-04 
2012-04-14,9.8672,16.7261,0.9564 
2012-04-15,13.4523,23.7557,1.3580 
2012-04-16,18.8105,23.4624,0.0021 
2012-04-17,6.3168,18.7315,5.3928e-04 
2012-04-18,4.1476,14.3119,6.6833e-04 
2012-04-19,11.2899,19.8419,8.0915e-04 
2012-04-20,14.8370,22.2353,0.3686 
2012-04-21,3.2681,18.4386,6.9448 
2012-04-22,4.3390,6.8473,0.0504 
2012-04-23,4.0003,6.2261,0.0025 
2012-04-24,3.9621,11.2300,0.0017 
2012-04-25,6.0756,15.2505,7.1707e-05 
2012-04-26,7.6614,15.1028,0.8839 
2012-04-27,2.3663,6.8802,0.0347 
2012-04-28,1.8948,5.9405,0.6196 
2012-04-29,3.3268,12.3645,0.0141 
2012-04-30,6.5295,24.2769,3.1478 
2012-05-01,11.0980,17.0592,14.2733 
2012-05-02,14.9445,26.3885,0.0426 
2012-05-03,20.3531,29.8940,0.0150 
2012-05-04,20.7720,29.0062,0.4372 
2012-05-05,14.1725,21.2859,0.0093 
2012-05-06,11.1716,20.7090,2.1452e-04 
2012-05-07,14.8645,24.4762,3.8267 
2012-05-08,15.0258,19.4288,20.3623 
2012-05-09,12.3359,16.9316,0.2678 
2012-05-10,7.8005,13.4361,0.0354 
2012-05-11,9.7167,18.1383,4.7565e-06 
2012-05-12,14.3921,21.6332,1.5149e-04 
2012-05-13,13.8424,20.5981,0.0029 
2012-05-14,13.0382,19.9635,4.6029e-04 
2012-05-15,15.7522,23.4057,9.5845e-05 
2012-05-16,13.1034,23.0765,0.0160 
2012-05-17,8.8038,15.5211,2.7511e-04 
2012-05-18,11.0737,23.6520,5.2099e-05 
2012-05-19,18.3344,27.2042,0.0000 
2012-05-20,21.9952,28.8565,4.8813e-05 
2012-05-21,18.9735,27.8333,6.8314e-04 
2012-05-22,13.6667,23.0843,0.0125 
2012-05-23,14.1003,22.9407,0.0578 
2012-05-24,17.1533,26.7594,5.7611e-04 
2012-05-25,21.7351,28.9119,0.6673 
2012-05-26,18.6241,27.5219,0.7272 
2012-05-27,20.1759,31.2385,0.7505 
2012-05-28,22.6369,30.5646,0.1492 
2012-05-29,20.9866,29.0643,1.4083 
2012-05-30,17.0956,23.7812,0.0420 
2012-05-31,11.9536,19.1236,0.0031 
2012-06-01,13.6335,22.7037,18.8090 
2012-06-02,8.3606,18.7296,0.3675 
2012-06-03,14.5086,21.7402,0.2236 
2012-06-04,12.6215,20.8305,0.0449 
2012-06-05,10.5780,16.9387,0.0159 
2012-06-06,13.3044,19.6579,0.0015 
2012-06-07,14.4060,21.6712,3.0596e-05 
2012-06-08,16.7709,25.0120,2.0545e-04 
2012-06-09,19.9686,28.6469,3.7472e-05 
2012-06-10,23.6093,30.3753,0.0000 
2012-06-11,22.3725,29.9549,0.0017 
2012-06-12,18.7440,24.6027,0.1560 
2012-06-13,12.6102,22.7959,0.0013 
2012-06-14,14.2977,24.7518,0.0000 
2012-06-15,18.2782,28.6450,0.0000 
2012-06-16,19.9949,27.9799,0.0000 
2012-06-17,18.6047,27.5448,9.9552 
2012-06-18,18.7904,28.4025,5.5733 
2012-06-19,21.7112,31.3792,0.1262 
2012-06-20,24.8504,31.6831,0.0000 
2012-06-21,25.4105,31.4090,0.0017 
2012-06-22,20.6511,30.4972,0.0476 
2012-06-23,17.6187,23.3779,2.2644e-04 
2012-06-24,19.3966,27.1278,1.2566e-06 
2012-06-25,16.7887,26.9620,0.3656 
2012-06-26,15.4157,21.8304,1.4162e-05 
2012-06-27,18.6484,26.0722,2.4166e-04 
2012-06-28,21.1937,34.0485,9.2110e-04 
2012-06-29,24.0607,33.4025,6.7901e-04 
2012-06-30,19.8800,29.9148,0.0013 
2012-07-01,20.7703,29.0472,0.0800 
2012-07-02,19.4510,29.6176,2.5067 
2012-07-03,23.6422,32.6596,23.4818 
2012-07-04,22.6287,31.8577,6.3226 
2012-07-05,25.4167,31.6999,3.1304 
2012-07-06,26.2844,31.8167,0.0744 
2012-07-07,27.7368,33.7900,0.0216 
2012-07-08,20.9354,30.3363,0.0196 
2012-07-09,18.6460,25.4121,2.3209e-05 
2012-07-10,19.4950,24.6324,0.0023 
2012-07-11,18.9924,26.6128,0.0018 
2012-07-12,21.5596,27.5392,0.2445 
2012-07-13,21.5139,29.0658,0.0053 
2012-07-14,21.1246,27.4189,0.0270 
2012-07-15,23.1128,28.5554,0.6874 
2012-07-16,22.7506,28.9205,0.0694 
2012-07-17,25.3648,34.1775,0.0011 
2012-07-18,25.1347,34.0688,0.0700 
2012-07-19,23.3567,28.6576,16.6313 
2012-07-20,18.3826,23.0618,0.8083 
2012-07-21,17.3188,24.6786,0.0030 
2012-07-22,21.2124,28.9949,0.0038 
2012-07-23,24.0072,31.4612,0.0012 
2012-07-24,23.2068,30.9434,0.0128 
2012-07-25,19.1102,27.7898,6.1199e-04 
2012-07-26,26.0803,31.2050,2.7812 
2012-07-27,21.2427,26.2210,6.1874 
2012-07-28,17.5895,23.2189,13.1400 
2012-07-29,19.7931,24.0745,0.0154 
2012-07-30,20.9145,27.5286,3.8693e-06 
2012-07-31,22.8916,29.1734,2.2468e-04 
2012-08-01,18.5499,27.8918,0.0089 
2012-08-02,20.8455,28.6089,5.0247e-06 
2012-08-03,25.1975,32.0081,1.1780e-05 
2012-08-04,24.1655,31.0832,0.3607 
2012-08-05,21.3921,29.3314,3.8659 
2012-08-06,18.6970,24.8184,4.1906e-05 
2012-08-07,19.4204,27.5262,0.0000 
2012-08-08,23.5885,29.1793,0.2013 
2012-08-09,19.7998,26.5781,7.1805 
2012-08-10,17.4444,19.9722,17.4101 
2012-08-11,14.8012,19.7027,4.0873 
2012-08-12,16.8114,21.9400,0.5670 
2012-08-13,19.1565,24.9664,0.0177 
2012-08-14,17.6086,24.6411,6.0259 
2012-08-15,18.2217,23.3717,0.0045 
2012-08-16,17.8214,27.7131,0.0477 
2012-08-17,17.9421,27.0653,0.6745 
2012-08-18,17.1102,20.1442,0.0028 
2012-08-19,16.2846,22.0528,0.0030 
2012-08-20,18.2757,20.9624,0.1937 
2012-08-21,16.7821,21.5536,0.1499 
2012-08-22,16.0527,23.1203,0.1591 
2012-08-23,19.5123,25.8954,1.1311e-04 
2012-08-24,21.3340,28.7941,1.9567e-05 
2012-08-25,20.5003,29.2709,2.8405e-04 
2012-08-26,19.7723,28.2328,9.8894e-04 
2012-08-27,19.5030,27.0213,28.4318 
2012-08-28,19.3567,21.7481,0.5039 
2012-08-29,17.1386,21.1533,6.1337e-05 
2012-08-30,16.5924,26.6553,0.0090 
2012-08-31,21.1091,30.3511,2.5254e-07 
2012-09-01,21.5345,29.3394,1.4631 
2012-09-02,20.8048,26.8222,1.2375 
2012-09-03,21.0920,28.0020,1.0629 
2012-09-04,20.9309,27.1211,5.8025 
2012-09-05,19.4959,25.9077,0.9143 
2012-09-06,20.4004,25.9710,0.0607 
2012-09-07,19.1401,27.2027,2.6664 
2012-09-08,15.7291,24.0082,45.5691 
2012-09-09,14.8920,17.5268,7.5856 
2012-09-10,14.3628,17.6045,0.1072 
2012-09-11,14.6675,21.9492,1.6833e-05 
2012-09-12,16.4784,24.9402,1.8233e-04 
2012-09-13,19.8300,26.0850,3.3652e-11 
2012-09-14,14.7954,24.8966,5.2599 
2012-09-15,15.1124,17.3857,0.1062 
2012-09-16,13.2584,20.9742,2.7863e-04 
2012-09-17,14.2844,22.5044,0.0025 
2012-09-18,13.9179,20.8513,11.3899 
2012-09-19,9.9014,14.1194,0.7660 
2012-09-20,9.8187,18.3000,0.0046 
2012-09-21,14.2223,18.6967,0.3193 
2012-09-22,10.8349,17.5497,32.9452 
2012-09-23,8.9737,11.5777,5.1862 
2012-09-24,7.0651,13.3215,7.9710 
2012-09-25,9.2625,19.6955,0.4470 
2012-09-26,15.3634,18.7929,17.8411 
2012-09-27,12.4834,17.9382,1.7757 
2012-09-28,13.1735,14.9969,0.0066 
2012-09-29,12.1094,16.2131,0.0043 
2012-09-30,12.0115,14.8881,0.1274 
2012-10-01,10.6562,16.0785,0.0131 
2012-10-02,11.8065,19.1669,9.8086 
2012-10-03,16.8957,18.8497,2.7244 
2012-10-04,14.7154,21.2259,1.2357e-04 
2012-10-05,12.5803,19.7015,2.7045 
2012-10-06,8.0015,10.9770,21.1320 
2012-10-07,6.1202,8.3914,9.3746 
2012-10-08,3.0436,8.9512,0.5566 
2012-10-09,3.4126,12.9938,0.0023 
2012-10-10,7.3305,11.0657,5.7364 
2012-10-11,3.2950,12.2808,0.4099 
2012-10-12,5.6131,10.9627,0.0531 
2012-10-13,2.8065,17.4139,0.0080 
2012-10-14,15.5861,21.3900,2.5782 
2012-10-15,9.0500,18.2571,2.9128 
2012-10-16,7.3955,12.0205,0.1886 
2012-10-17,8.8680,19.2264,0.0353 
2012-10-18,12.8668,17.5379,2.1763 
2012-10-19,8.1210,13.9128,0.1618 
2012-10-20,7.6494,10.1658,2.8277 
2012-10-21,6.2348,12.4755,0.0844 
2012-10-22,9.7798,20.4617,7.9410e-04 
2012-10-23,15.4457,18.9754,7.7459 
2012-10-24,14.7891,22.2740,4.5349 
2012-10-25,16.9906,23.6945,0.0420 
2012-10-26,8.4674,21.5744,2.2213 
2012-10-27,6.6335,8.2561,24.9834 
2012-10-28,4.9101,7.5848,19.1955 
2012-10-29,4.2019,5.3432,33.5262 
2012-10-30,4.3469,11.6713,67.1830 
2012-10-31,4.9994,8.2993,26.7205 
2012-11-01,4.5903,5.8006,10.9181 
2012-11-02,2.5942,6.1425,1.3012 
2012-11-03,2.8952,4.0850,0.7299 
2012-11-04,1.2715,3.7798,0.5862 
2012-11-05,0.8459,3.1122,0.1450 
2012-11-06,-2.2892,6.4794,0.0222 
2012-11-07,-0.0960,6.0824,3.2898e-05 
2012-11-08,1.7985,4.6626,4.4186e-06 
2012-11-09,1.9299,10.4278,0.0255 
2012-11-10,6.0356,14.4459,3.0056 
2012-11-11,11.2979,17.1573,2.6023e-05 
2012-11-12,2.4576,17.9792,14.3915 
2012-11-13,-1.6702,1.5193,1.7929 
2012-11-14,-0.2616,4.8305,0.0580 
2012-11-15,0.8967,5.8954,2.7239e-04 
2012-11-16,3.2938,6.9101,0.0091 
2012-11-17,3.3951,10.3107,4.4402e-04 
2012-11-18,2.8442,10.4576,2.3776e-04 
2012-11-19,2.4495,10.3514,6.5657e-04 
2012-11-20,6.5083,10.9553,6.6769e-05 
2012-11-21,5.9996,12.2972,7.9144e-04 
2012-11-22,7.2038,14.5344,0.0000 
2012-11-23,1.8528,12.2873,1.7082 
2012-11-24,-0.3826,1.8727,1.8546 
2012-11-25,-4.1534,2.0866,0.7310 
2012-11-26,0.0917,2.5792,0.0334 
2012-11-27,-1.7291,0.9746,0.2412 
2012-11-28,-3.5720,1.7010,0.0123 
2012-11-29,-2.0784,6.4131,0.0899 
2012-11-30,1.2463,7.8631,0.0220 
2012-12-01,3.7432,12.8333,0.0024 
2012-12-02,10.3004,13.5965,13.3924 
2012-12-03,10.2722,16.1670,0.2279 
2012-12-04,7.4765,16.2316,11.1165 
2012-12-05,0.2129,7.6871,1.2134 
2012-12-06,-3.7737,5.3063,0.0000 
2012-12-07,3.9260,7.1434,2.3822 
2012-12-08,3.9617,9.7821,5.0561 
2012-12-09,1.3668,10.4724,1.8064 
2012-12-10,0.9722,13.2905,8.1162 
2012-12-11,-1.7220,0.9270,3.2838 
2012-12-12,-4.8580,2.9369,0.0219 
2012-12-13,-0.9927,5.2935,0.0165 
2012-12-14,0.0799,5.9980,9.4106e-05 
2012-12-15,2.2290,7.8282,0.2297 
2012-12-16,5.7949,12.4817,1.0322 
2012-12-17,6.0923,11.7087,0.0412 
2012-12-18,1.2548,5.4054,20.3049 
2012-12-19,0.6235,4.0056,1.9696 
2012-12-20,0.6262,8.7651,10.8773 
2012-12-21,-1.0623,9.4798,16.2936 
2012-12-22,-1.8098,-0.8638,4.8950 
2012-12-23,-6.6974,-0.4380,0.0722 
2012-12-24,-4.3600,1.1709,1.1992 
2012-12-25,-1.1005,0.7044,0.7038 
2012-12-26,-4.3564,-0.4203,13.8107 
2012-12-27,-2.5482,-0.5989,4.3533 
2012-12-28,-3.2716,-1.2969,0.1159 
2012-12-29,-4.0131,-0.4902,4.3456 
2012-12-30,-5.5812,-1.6081,1.4102 
2012-12-31,-7.0163,0.2381,0.6298 
2013-01-01,-5.4170,-0.3880,1.1672 
2013-01-02,-6.6566,-5.1756,0.2111 
2013-01-03,-10.6954,-4.0250,0.1145 
2013-01-04,-6.5268,-3.5888,0.5590 
2013-01-05,-6.3713,-0.2070,0.1206 
2013-01-06,-0.6802,1.1329,0.9073 
2013-01-07,-2.1148,1.1267,0.4532 
2013-01-08,-2.7037,3.5331,4.2786e-05 
2013-01-09,1.2010,3.4599,0.8164 
2013-01-10,-1.5791,2.3219,5.8004e-04 
2013-01-11,0.5964,12.7779,13.1022 
2013-01-12,9.0380,15.1205,0.0595 
2013-01-13,7.8294,16.9891,4.2353 
2013-01-14,-4.6716,6.0158,7.9223 
2013-01-15,-4.8644,-0.5891,0.0245 
2013-01-16,-2.1310,2.2923,0.0059 
2013-01-17,-2.6383,1.0263,0.1123 
2013-01-18,-7.9138,-0.1262,0.7468 
2013-01-19,0.1395,8.2409,0.0055 
2013-01-20,-6.3036,8.4286,0.0597 
2013-01-21,-9.2041,-6.0229,0.9535 
2013-01-22,-14.1212,-9.3439,0.5649 
2013-01-23,-13.3560,-10.1228,0.7978 
2013-01-24,-10.4088,-6.9939,1.2684 
2013-01-25,-11.4994,-7.2956,2.6337 
2013-01-26,-8.0103,-5.1326,1.3042 
2013-01-27,-8.0985,-1.3115,0.2359 
2013-01-28,-1.9761,8.8182,9.5920 
2013-01-29,5.4022,12.8389,5.7965 
2013-01-30,11.6658,16.1950,6.9930 
2013-01-31,-6.4115,10.9604,5.0429 
2013-02-01,-10.4268,-6.1644,2.3923 
2013-02-02,-13.3252,-5.2434,4.0795 
2013-02-03,-9.0098,-5.2370,1.5238 
2013-02-04,-11.0833,-5.2999,2.4486 
2013-02-05,-7.0198,-3.0784,0.6736 
2013-02-06,-8.3495,-2.6473,1.1437 
2013-02-07,-6.1323,3.0804,0.0472 
2013-02-08,-4.8959,1.9871,8.7564 
2013-02-09,-9.5279,-3.3475,0.8273 
2013-02-10,-6.2491,6.9703,0.0041 
2013-02-11,1.4855,8.7803,0.7930 
2013-02-12,-2.5645,1.3753,0.4461 
2013-02-13,-5.7389,2.3412,0.0257 
2013-02-14,-3.5402,4.7682,0.1365 
2013-02-15,-2.3580,4.3276,0.7907 
2013-02-16,-6.7394,-3.0160,1.2029 
2013-02-17,-8.9167,-4.9227,6.2303 
2013-02-18,-10.6792,4.7021,0.0733 
2013-02-19,-5.1023,6.1094,8.6882 
2013-02-20,-9.1162,-5.7391,0.9203 
2013-02-21,-10.3886,-5.8980,0.5484 
2013-02-22,-8.9845,4.2987,1.5782 
2013-02-23,-1.3625,4.3949,0.0953 
2013-02-24,-6.0748,-1.0591,0.2026 
2013-02-25,-3.6107,2.9187,0.0107 
2013-02-26,-2.1674,3.1015,15.0912 
2013-02-27,2.4819,6.4014,10.1295 
2013-02-28,-0.8983,1.9348,3.1045 
2013-03-01,-4.1212,-0.3573,0.7025 
2013-03-02,-7.6607,-3.2249,0.6474 
2013-03-03,-6.7630,-4.3171,1.5488 
2013-03-04,-8.2312,-3.0811,1.4094 
2013-03-05,-7.3843,3.0955,0.0061 
2013-03-06,-1.0361,3.4440,0.0228 
2013-03-07,-4.3087,0.5957,0.2383 
2013-03-08,-5.1467,1.2040,0.6317 
2013-03-09,-1.3835,6.0503,0.0033 
2013-03-10,5.3610,15.8781,0.3365 
2013-03-11,9.7127,14.8813,13.3449 
2013-03-12,0.5504,11.3237,9.8540 
2013-03-13,-3.3137,2.0989,1.8531 
2013-03-14,-6.5516,-1.2738,0.0725 
2013-03-15,-3.6571,3.0564,0.3873 
2013-03-16,-2.3535,1.3242,8.4494 
2013-03-17,-5.3868,-1.5321,0.2292 
2013-03-18,-4.1575,6.3135,4.2185 
2013-03-19,-5.3282,8.1479,2.9344 
2013-03-20,-4.9431,-2.6860,0.9631 
2013-03-21,-9.2919,-1.9289,1.1520 
2013-03-22,-5.4246,-0.7241,1.1871 
2013-03-23,-3.0804,0.6174,0.2943 
2013-03-24,-5.2303,1.5453,0.0023 
2013-03-25,-0.1312,1.2865,4.2104 
2013-03-26,-1.2701,2.4155,0.6013 
2013-03-27,-1.4354,3.4755,3.5814 
2013-03-28,-0.0961,4.0758,1.3095 
2013-03-29,-0.0086,5.5666,0.0014 
2013-03-30,3.2086,10.8287,0.0098 
2013-03-31,6.7682,11.8387,0.3882 
2013-04-01,-0.5012,11.6491,0.8003 
2013-04-02,-3.3017,1.5718,0.4431 
2013-04-03,-3.0885,1.5636,0.0300 
2013-04-04,-4.4446,10.0484,0.0169 
2013-04-05,0.2667,8.6562,0.0057 
2013-04-06,-2.5499,10.9748,2.7068e-05 
2013-04-07,10.8142,17.9265,0.0791 
2013-04-08,5.4245,21.3015,0.0132 
2013-04-09,6.6165,23.3725,0.6237 
2013-04-10,12.1834,20.1013,9.8918 
2013-04-11,5.9984,16.4307,13.0195 
2013-04-12,6.1720,17.7637,9.9105 
2013-04-13,1.0254,5.6467,1.0750 
2013-04-14,1.6003,13.3063,0.1171 
2013-04-15,10.1573,19.5387,0.0030 
2013-04-16,11.0379,18.4476,2.9843 
2013-04-17,6.2522,16.9464,0.7476 
2013-04-18,14.7744,26.7722,0.0011 
2013-04-19,6.4032,25.9450,6.9553 
2013-04-20,1.3064,6.5071,1.6017 
2013-04-21,-1.6008,8.6601,0.0274 
2013-04-22,4.4014,16.1028,6.0523e-07 
2013-04-23,6.5726,20.3524,2.7525e-04 
2013-04-24,2.1610,19.5492,15.4340 
2013-04-25,0.7252,8.8815,2.1805 
2013-04-26,3.6549,12.8530,0.0776 
2013-04-27,8.9310,20.2460,0.0000 
2013-04-28,11.8132,19.8625,4.1205 
2013-04-29,12.9026,17.3193,2.4849 
2013-04-30,11.7276,23.1081,0.0909 
2013-05-01,13.7692,24.5773,7.9206e-05 
2013-05-02,12.5783,23.4386,4.1151e-05 
2013-05-03,14.4208,22.7258,0.0000 
2013-05-04,12.2694,21.7735,0.0000 
2013-05-05,12.3499,20.9438,0.0000 
2013-05-06,10.3694,22.0540,0.0000 
2013-05-07,13.4555,21.6289,0.0021 
2013-05-08,15.9017,21.0571,0.1502 
2013-05-09,14.1440,21.7731,0.2041 
2013-05-10,14.7586,21.2647,10.5362 
2013-05-11,6.3839,16.6519,14.6205 
2013-05-12,4.4761,14.1077,2.1086 
2013-05-13,2.8153,6.7151,0.1398 
2013-05-14,4.3207,18.4007,0.0072 
2013-05-15,14.6547,25.0751,0.1682 
2013-05-16,13.5867,23.1667,3.1786e-04 
2013-05-17,12.0922,22.2788,2.7452e-04 
2013-05-18,14.8793,24.9699,4.0822e-05 
2013-05-19,18.2992,25.4554,0.0025 
2013-05-20,18.3405,28.5764,2.6963e-04 
2013-05-21,21.6298,28.4373,0.0392 
2013-05-22,20.3191,27.3765,0.0415 
2013-05-23,9.6617,25.7955,8.6607 
2013-05-24,4.1174,8.1534,1.6543 
2013-05-25,4.5317,11.7409,0.0349 
2013-05-26,6.1134,14.2059,4.8518e-04 
2013-05-27,10.0995,16.1765,0.1631 
2013-05-28,10.9615,25.2883,18.9822 
2013-05-29,20.2146,27.3441,1.0316 
2013-05-30,21.7565,28.7062,0.0090 
2013-05-31,21.7465,28.5167,0.7158 
2013-06-01,21.8181,27.5425,17.6289 
2013-06-02,18.4009,23.8020,26.8560 
2013-06-03,9.2310,18.0934,0.0033 
2013-06-04,11.1609,16.8668,2.7443e-04 
2013-06-05,12.3562,22.2242,0.0232 
2013-06-06,15.4118,21.3403,21.0320 
2013-06-07,11.6475,15.5950,0.9347 
2013-06-08,11.5339,18.2058,0.0248 
2013-06-09,15.4351,24.6886,4.3046e-04 
2013-06-10,17.2754,24.0151,14.8424 
2013-06-11,16.8247,21.5874,1.1857 
2013-06-12,17.5872,25.0562,0.3422 
2013-06-13,15.4054,22.6795,12.0108 
2013-06-14,12.7973,17.9791,0.0257 
2013-06-15,12.9709,22.9021,0.0877 
2013-06-16,18.3951,23.7856,2.4191 
2013-06-17,17.1702,25.3107,1.2815 
2013-06-18,16.8141,25.1004,1.4165 
2013-06-19,12.9687,20.0771,6.9278e-04 
2013-06-20,15.6347,22.6434,0.0000 
2013-06-21,19.2835,27.2730,1.3838e-04 
2013-06-22,21.5335,30.4752,3.8765e-04 
2013-06-23,22.6966,29.8170,1.7806e-04 
2013-06-24,22.1161,28.8922,0.0052 
2013-06-25,21.0827,29.5162,0.5851 
2013-06-26,18.3600,28.1761,25.9079 
2013-06-27,19.7637,26.7526,6.1322 
2013-06-28,18.2171,23.1232,0.1734 
2013-06-29,17.0776,21.1750,11.0837 
2013-06-30,17.2139,20.7286,0.5670 
2013-07-01,18.2163,21.0167,0.8134 
2013-07-02,17.5291,25.7121,0.3113 
2013-07-03,18.9327,26.8666,0.3914 
2013-07-04,18.6199,25.5146,2.3505 
2013-07-05,20.3566,23.1270,4.1327 
2013-07-06,20.7890,26.2883,1.3916 
2013-07-07,19.9269,24.3321,2.0114 
2013-07-08,20.1409,29.1598,1.6541 
2013-07-09,19.3701,27.2474,19.6650 
2013-07-10,20.4974,28.1458,33.2648 
2013-07-11,17.6543,20.5833,8.5828 
2013-07-12,17.0877,23.6315,2.1918e-04 
2013-07-13,18.6111,26.3183,0.0000 
2013-07-14,20.7989,27.9792,0.0062 
2013-07-15,25.0380,29.5858,0.0017 
2013-07-16,24.4633,29.9486,0.0822 
2013-07-17,24.4415,30.1846,0.0109 
2013-07-18,25.2367,30.7492,5.6896e-04 
2013-07-19,24.8198,31.6029,0.1114 
2013-07-20,20.8826,30.9370,41.6335 
2013-07-21,19.2720,24.6057,0.3796 
2013-07-22,19.5208,25.3951,2.1097 
2013-07-23,18.9833,26.2824,3.6633 
2013-07-24,14.8523,19.4270,3.9254 
2013-07-25,15.2306,21.1292,4.1298e-05 
2013-07-26,16.9915,24.3297,4.5933e-05 
2013-07-27,17.5612,23.7192,3.5118 
2013-07-28,14.2541,19.4819,2.6111 
2013-07-29,14.1997,20.0835,1.0869 
2013-07-30,15.8383,22.5086,5.0850e-04 
2013-07-31,19.3215,24.6393,0.1389 
2013-08-01,17.8516,23.6249,2.0132 
2013-08-02,16.1834,22.3071,0.1528 
2013-08-03,17.7408,21.3940,3.3597 
2013-08-04,16.3841,20.8108,0.6353 
2013-08-05,14.9798,20.2520,0.0076 
2013-08-06,17.1099,25.1358,7.6585e-04 
2013-08-07,20.5352,27.8686,8.4508 
2013-08-08,19.2570,27.2821,4.0736 
2013-08-09,18.4161,22.0402,2.1778 
2013-08-10,18.7635,22.2943,0.0053 
2013-08-11,18.2251,24.1532,2.5782e-04 
2013-08-12,19.7927,25.8645,0.2835 
2013-08-13,16.5008,19.3507,7.4254 
2013-08-14,13.8937,17.2418,0.0616 
2013-08-15,15.1750,19.5374,6.8541e-04 
2013-08-16,16.2429,22.0267,0.0000 
2013-08-17,17.9713,23.7392,0.0000 
2013-08-18,18.9193,24.7622,0.0025 
2013-08-19,18.1609,23.7698,0.0027 
2013-08-20,20.1354,26.4662,3.0422e-04 
2013-08-21,21.4972,28.3302,3.1144e-04 
2013-08-22,20.1355,27.4316,0.9034 
2013-08-23,19.5851,25.0196,0.6726 
2013-08-24,17.3013,24.2828,0.0183 
2013-08-25,19.3270,26.9642,0.0056 
2013-08-26,20.1158,29.7752,0.0679 
2013-08-27,22.3860,29.0117,15.9230 
2013-08-28,20.4249,28.0797,10.6014 
2013-08-29,19.9959,26.8769,0.0271 
2013-08-30,22.8227,28.1238,4.3342e-04 
2013-08-31,22.7231,27.3049,0.0370 
2013-09-01,19.8393,24.9874,0.8576 
2013-09-02,20.7588,25.2845,0.0767 
2013-09-03,15.7718,20.6523,0.0044 
2013-09-04,14.6578,22.2674,0.0012 
2013-09-05,15.9443,22.0136,7.8392e-05 
2013-09-06,12.5852,20.1990,0.0000 
2013-09-07,16.0590,25.2852,9.9636e-05 
2013-09-08,18.5473,23.3977,0.0026 
2013-09-09,14.0113,27.0413,0.0081 
2013-09-10,23.6144,31.3119,0.0052 
2013-09-11,24.3102,30.7626,9.7289e-04 
2013-09-12,18.1794,29.5644,6.0998 
2013-09-13,13.4879,18.5569,7.3109 
2013-09-14,10.4821,15.0918,0.1692 
2013-09-15,11.9358,17.3625,0.0107 
2013-09-16,12.8160,16.7065,0.6570 
2013-09-17,8.6467,18.1983,8.4227e-04 
2013-09-18,11.6215,19.5663,0.0022 
2013-09-19,14.2099,25.2578,0.0807 
2013-09-20,18.1538,27.0053,1.1427 
2013-09-21,15.7105,20.8871,44.1795 
2013-09-22,11.6142,15.3802,0.6610 
2013-09-23,10.3330,14.1293,0.1470 
2013-09-24,10.2209,17.2184,1.0141e-04 
2013-09-25,12.2400,19.4000,3.6798e-04 
2013-09-26,13.4331,19.9725,0.0693 
2013-09-27,12.9534,20.2073,6.7367e-05 
2013-09-28,14.3990,22.2811,0.0000 
2013-09-29,14.3152,21.6536,9.4323e-04 
2013-09-30,16.1420,19.6182,0.1886 
2013-10-01,15.6839,22.7427,0.0160 
2013-10-02,16.3261,21.4911,1.3840e-06 
2013-10-03,17.7542,23.8718,0.4668 
2013-10-04,19.1267,25.2563,0.1106 
2013-10-05,19.1965,24.8780,3.7500 
2013-10-06,19.8663,23.9491,1.5122 
2013-10-07,8.8880,22.9933,26.4019 
2013-10-08,11.3951,16.8041,0.0036 
2013-10-09,10.7245,18.5205,3.4566e-05 
2013-10-10,10.7649,18.1250,7.8752e-06 
2013-10-11,13.3927,20.4094,0.0278 
2013-10-12,13.4296,22.0780,0.0051 
2013-10-13,16.1839,20.5920,0.0728 
2013-10-14,11.5471,16.1610,2.0273e-04 
2013-10-15,10.8042,20.2241,2.0650e-05 
2013-10-16,15.3306,19.1992,17.4334 
2013-10-17,8.7973,14.4876,1.1799 
2013-10-18,7.5002,14.4236,0.2770 
2013-10-19,6.0424,12.9377,9.1533 
2013-10-20,4.1006,12.1878,2.9298 
2013-10-21,8.8445,14.9076,0.0406 
2013-10-22,4.8264,12.7338,4.7391 
2013-10-23,3.9115,6.4285,10.5666 
2013-10-24,1.4120,6.0347,12.3918 
2013-10-25,4.1337,6.1448,5.6847 
2013-10-26,1.2619,6.5802,0.2410 
2013-10-27,5.0555,7.9242,1.1156 
2013-10-28,5.0589,10.8630,0.0099 
2013-10-29,3.9403,11.3024,8.2651e-06 
2013-10-30,6.8798,16.3302,0.0028 
2013-10-31,12.9109,17.2164,9.3030 
2013-11-01,9.8305,17.9737,9.3780 
2013-11-02,5.5920,9.8781,6.5701 
2013-11-03,2.5584,6.0798,1.0035 
2013-11-04,-1.7262,5.7497,0.0031 
2013-11-05,5.2349,12.8553,6.0738e-04 
2013-11-06,9.1186,15.8520,2.0705 
2013-11-07,3.4581,14.3871,13.4672 
2013-11-08,2.0129,4.1250,6.7320 
2013-11-09,0.6728,10.6230,0.0058 
2013-11-10,4.7039,10.5686,0.0647 
2013-11-11,1.1197,7.6929,4.0765 
2013-11-12,-1.2462,2.7974,8.4255 
2013-11-13,-2.8829,-0.0642,1.0315 
2013-11-14,-2.0574,6.4315,2.4561e-05 
2013-11-15,2.4630,8.5048,0.0000 
2013-11-16,4.1569,13.6983,5.1729e-04 
2013-11-17,13.1051,17.0769,2.8052 
2013-11-18,3.0796,16.5596,8.5298 
2013-11-19,0.4265,2.5341,0.1080 
2013-11-20,-3.0299,6.1849,0.0041 
2013-11-21,3.3280,7.1671,1.8019 
2013-11-22,3.0443,8.7922,4.7460 
2013-11-23,-3.8876,2.3320,1.1298 
2013-11-24,-6.4331,-4.3329,0.4796 
2013-11-25,-9.4420,-0.4519,0.1404 
2013-11-26,-0.8722,0.5183,1.5283 
2013-11-27,-4.0416,-0.2725,3.2611 
2013-11-28,-5.3939,-3.0110,0.6929 
2013-11-29,-4.8644,-1.1006,1.0855 
2013-11-30,-4.5829,2.0551,0.0076 
2013-12-01,0.4189,4.3245,0.0102 
2013-12-02,1.4371,3.6666,0.0280 
2013-12-03,-0.1120,7.1165,0.0405 
2013-12-04,5.5937,11.5921,0.0156 
2013-12-05,3.4236,15.4648,0.2021 
2013-12-06,-3.4326,2.2303,4.4753 
2013-12-07,-5.6317,-3.3782,2.0474 
2013-12-08,-7.7893,-2.8597,0.2549 
2013-12-09,-3.1787,1.7718,0.8987 
2013-12-10,-8.3069,-3.5687,0.3199 
2013-12-11,-9.4799,-5.9610,1.0880 
2013-12-12,-11.1430,-5.9372,1.2568 
2013-12-13,-10.7730,-3.6724,0.1407 
2013-12-14,-5.1614,0.8179,10.1323 
2013-12-15,-6.8987,0.9108,7.7158 
2013-12-16,-9.8112,-6.8202,1.3145 
2013-12-17,-8.8636,-2.8629,2.9495 
2013-12-18,-5.3804,-3.5847,2.1589 
2013-12-19,-4.5993,5.3917,0.6022 
2013-12-20,3.5155,9.8752,4.7314 
2013-12-21,4.0791,13.4928,27.3277 
2013-12-22,3.9091,13.7723,27.5844 
2013-12-23,-2.7081,7.0770,0.5312 
2013-12-24,-11.3152,-2.4371,1.5575 
2013-12-25,-10.9934,-4.6572,0.2461 
2013-12-26,-4.5607,-2.6346,1.9240 
2013-12-27,-5.4983,2.1870,0.5501 
2013-12-28,1.4420,6.6161,0.0041 
2013-12-29,2.6484,5.7100,1.0370 
2013-12-30,-8.8575,2.5189,1.9546 
2013-12-31,-8.8710,-7.6911,1.9508 
2014-01-01,-7.8606,-5.5606,6.1941 
2014-01-02,-7.7001,-5.7892,7.1064 
2014-01-03,-12.7658,-8.8653,1.9251 
2014-01-04,-13.5162,-0.2449,0.0035 
2014-01-05,-3.1495,3.1282,1.6780 
2014-01-06,-21.0907,5.7645,13.1326 
2014-01-07,-24.5382,-18.6044,0.3423 
2014-01-08,-18.4896,-7.2299,0.2432 
2014-01-09,-13.0050,-2.0998,0.1159 
2014-01-10,-2.1807,4.6897,3.6093 
2014-01-11,1.7032,9.0806,12.9781 
2014-01-12,-1.6672,2.3341,1.5273 
2014-01-13,1.5567,6.1523,0.3219 
2014-01-14,-1.4553,6.6458,2.1847 
2014-01-15,-5.8058,1.6896,0.4522 
2014-01-16,-9.9331,-2.2008,1.1357 
2014-01-17,-2.1337,1.8873,2.2893 
2014-01-18,-12.1675,-1.7773,9.2004 
2014-01-19,-8.2510,-2.1057,0.5264 
2014-01-20,-7.1446,0.3768,1.0116 
2014-01-21,-15.2989,-7.9575,0.2697 
2014-01-22,-17.8742,-12.7960,0.4780 
2014-01-23,-13.0595,-11.2339,2.4066 
2014-01-24,-18.3869,-9.6936,0.1874 
2014-01-25,-9.0680,-3.2132,8.1912 
2014-01-26,-14.3383,-3.2938,3.6642 
2014-01-27,-14.5028,-0.5121,7.3129 
2014-01-28,-22.4290,-15.1135,0.1623 
2014-01-29,-21.7646,-11.5409,1.4041e-04 
2014-01-30,-13.2029,-4.0817,4.9250e-08 
2014-01-31,-4.0087,-0.6115,0.1953 
2014-02-01,-2.3471,2.7779,3.2254 
2014-02-02,-5.0872,3.4130,4.6672 
2014-02-03,-9.3738,-5.4294,0.0132 
2014-02-04,-10.6117,-3.3146,0.0468 
2014-02-05,-6.4042,-3.7882,12.4787 
2014-02-06,-14.2501,-7.0734,1.9872 
2014-02-07,-18.2158,-7.9565,0.2937 
2014-02-08,-17.6436,-9.8399,0.0250 
2014-02-09,-11.0753,-6.7258,4.3283 
2014-02-10,-11.1353,-8.5392,0.6455 
2014-02-11,-13.7904,-10.3435,0.5796 
2014-02-12,-13.6891,-1.7205,0.0121 
2014-02-13,-8.4297,-2.3811,0.1304 
2014-02-14,-9.2021,-3.8462,2.1636 
2014-02-15,-10.6251,-5.4001,0.5300 
2014-02-16,-11.3201,-6.6943,2.3653 
2014-02-17,-13.7501,-2.4779,0.3585 
2014-02-18,-4.9647,3.0422,11.8221 
2014-02-19,0.6313,5.1469,0.1228 
2014-02-20,-1.7998,7.2993,9.9237 
2014-02-21,0.6345,7.3676,7.3210 
2014-02-22,0.0155,2.9057,0.0826 
2014-02-23,-3.8769,1.0032,0.5423 
2014-02-24,-9.5172,-4.4364,0.1678 
2014-02-25,-10.3905,-6.0318,0.2936 
2014-02-26,-13.5009,-6.2536,0.3953 
2014-02-27,-14.5178,-10.0797,0.8163 
2014-02-28,-18.5786,-4.8353,0.0321 
2014-03-01,-7.3341,3.7020,0.0168 
2014-03-02,-12.8803,-0.9849,5.7471 
2014-03-03,-17.9001,-12.0506,0.0153 
2014-03-04,-16.6489,-6.0736,0.0133 
2014-03-05,-11.1972,-6.5316,0.0827 
2014-03-06,-10.0465,1.6496,0.0017 
2014-03-07,-4.0620,7.2917,4.7559e-06 
2014-03-08,-2.6156,6.0259,2.4675 
2014-03-09,-10.5687,0.8338,0.0995 
2014-03-10,0.5605,10.1222,0.0518 
2014-03-11,4.6779,10.1668,1.4792e-04 
2014-03-12,-6.9537,6.0429,27.7909 
2014-03-13,-16.7530,-7.3106,0.8645 
2014-03-14,-8.0799,8.5022,0.0691 
2014-03-15,-0.1833,7.8095,1.6193 
2014-03-16,-11.4190,-0.5268,0.0719 
2014-03-17,-11.3085,2.2845,0.0158 
2014-03-18,-4.1421,8.5621,2.3839e-04 
2014-03-19,2.7427,8.2876,7.2070 
2014-03-20,-0.4630,8.1457,2.7158 
2014-03-21,-3.7484,7.0055,0.8607 
2014-03-22,1.2304,9.0983,0.7659 
2014-03-23,-9.9951,2.2088,0.2128 
2014-03-24,-9.7448,-3.2979,0.4928 
2014-03-25,-6.3478,-0.1628,0.7574 
2014-03-26,-10.8136,-2.7045,1.4050 
2014-03-27,-7.2675,4.2519,0.1855 
2014-03-28,5.1510,10.7765,1.6965 
2014-03-29,-1.6298,4.7462,3.0917 
2014-03-30,-2.4138,1.4092,3.7841 
2014-03-31,-2.6958,8.3392,0.0018 
2014-04-01,4.8639,15.3318,0.0291 
2014-04-02,1.9190,9.3228,1.6536e-04 
2014-04-03,-0.0413,6.0702,14.5069 
2014-04-04,5.7894,16.8531,13.0275 
2014-04-05,-2.0343,8.9088,0.4493 
2014-04-06,2.0299,11.2666,0.0042 
2014-04-07,6.1302,10.0559,8.4334 
2014-04-08,2.6296,8.5967,14.3741 
2014-04-09,0.0353,8.8030,0.2426 
2014-04-10,5.4533,19.1014,7.5358e-09 
2014-04-11,10.1047,17.9813,13.2288 
2014-04-12,9.5448,20.1013,0.0034 
2014-04-13,17.0504,24.2889,8.7713e-04 
2014-04-14,12.6353,23.8542,5.4486 
2014-04-15,-3.8303,11.0706,30.0684 
2014-04-16,-5.7393,4.6373,0.1461 
2014-04-17,-0.2313,15.4198,2.3991e-04 
2014-04-18,6.9880,15.5225,1.0807e-05 
2014-04-19,1.1514,12.9245,1.2933e-05 
2014-04-20,5.8059,21.4696,2.9877e-07 
2014-04-21,11.5764,21.9190,1.2707e-07 
2014-04-22,10.8676,21.0136,1.7017 
2014-04-23,2.6301,9.7813,0.0992 
2014-04-24,1.0430,12.9048,6.7278e-04 
2014-04-25,6.3623,13.4614,6.3800 
2014-04-26,6.4445,11.1131,0.0746 
2014-04-27,0.2457,12.1221,0.0050 
2014-04-28,7.1859,16.8554,3.2566 
2014-04-29,11.1016,15.7193,11.9299 
2014-04-30,10.6210,15.5168,19.2115 
2014-05-01,8.4164,15.3003,1.3052 
2014-05-02,7.0402,13.1421,0.0191 
2014-05-03,8.4326,13.3122,2.4776 
2014-05-04,7.6892,12.9596,0.2271 
2014-05-05,4.8024,12.0276,0.1428 
2014-05-06,5.6974,13.6476,0.1017 
2014-05-07,8.7491,20.7937,1.1225 
2014-05-08,17.4099,26.7828,0.2326 
2014-05-09,19.3054,26.4998,0.5401 
2014-05-10,16.6882,20.5961,8.1798 
2014-05-11,13.0185,23.8323,9.8438e-05 
2014-05-12,17.6948,27.0044,9.8143 
2014-05-13,21.0968,27.3468,12.3238 
2014-05-14,15.0471,26.1342,2.9144 
2014-05-15,12.8162,18.7334,20.7292 
2014-05-16,4.5808,12.4968,0.3374 
2014-05-17,6.1739,10.0253,1.2949 
2014-05-18,6.2873,14.5062,0.0727 
2014-05-19,11.2360,17.9724,1.4323e-04 
2014-05-20,14.0791,20.6455,0.2714 
2014-05-21,17.2223,22.0141,1.8633 
2014-05-22,15.2260,20.3146,0.0293 
2014-05-23,9.6506,18.0106,0.0080 
2014-05-24,11.6110,19.8738,0.0118 
2014-05-25,16.9611,23.6548,0.0029 
2014-05-26,19.2781,26.7288,0.0034 
2014-05-27,21.7128,26.2372,0.4039 
2014-05-28,17.9168,25.8486,0.1934 
2014-05-29,14.9133,20.6870,0.0753 
2014-05-30,14.3249,22.0729,7.0963e-06 
2014-05-31,16.8995,23.3922,0.0000 
2014-06-01,16.1255,27.0336,0.0000 
2014-06-02,21.0658,28.0223,0.1586 
2014-06-03,18.8103,27.4877,3.5895 
2014-06-04,14.4393,24.4987,2.4872 
2014-06-05,12.1770,17.3246,3.9116 
2014-06-06,11.7144,20.8220,3.7658e-05 
2014-06-07,17.1477,24.6650,1.9757e-06 
2014-06-08,14.1194,23.7531,14.8686 
2014-06-09,13.8366,19.9576,0.2031 
2014-06-10,16.7117,22.9374,0.0176 
2014-06-11,18.1889,26.5340,0.2072 
2014-06-12,18.0423,26.1562,0.2054 
2014-06-13,18.1788,22.3230,0.1745 
2014-06-14,13.0382,18.4226,0.0036 
2014-06-15,14.0718,25.3497,4.2205e-05 
2014-06-16,20.8343,26.3389,0.0586 
2014-06-17,22.5212,30.7247,0.1278 
2014-06-18,21.1129,29.0606,11.7919 
2014-06-19,18.2958,26.7837,24.3118 
2014-06-20,17.0293,23.5254,1.0103 
2014-06-21,16.2506,22.0892,1.9597 
2014-06-22,17.9293,24.9187,0.1973 
2014-06-23,20.1180,28.5788,0.5644 
2014-06-24,21.3585,28.4708,6.7632 
2014-06-25,18.8585,26.0261,58.1377 
2014-06-26,16.7763,21.5542,0.1112 
2014-06-27,18.6306,25.0725,9.4524e-08 
2014-06-28,20.8581,28.8994,1.7135e-04 
2014-06-29,22.0253,27.9344,2.2024 
2014-06-30,22.0387,28.1929,0.1552 
2014-07-01,22.4150,29.0324,0.0866 
2014-07-02,21.4054,28.3663,0.1831 
2014-07-03,19.1822,22.3580,0.6150 
2014-07-04,14.6581,18.8696,0.0079 
2014-07-05,16.9544,22.3886,0.0000 
2014-07-06,18.7580,25.4238,0.0219 
2014-07-07,20.6135,26.2814,1.4957 
2014-07-08,19.6133,24.5549,27.3050 
2014-07-09,17.3986,21.9699,2.8335 
2014-07-10,17.2520,22.7391,0.0349 
2014-07-11,18.5053,25.7152,0.0233 
2014-07-12,20.5003,28.1432,0.0000 
2014-07-13,22.2193,27.6227,4.3395 
2014-07-14,21.0260,26.6796,0.1749 
2014-07-15,17.8288,25.1333,1.4096 
2014-07-16,15.8252,18.6928,2.1729 
2014-07-17,15.1829,19.9734,1.1784 
2014-07-18,16.8832,23.1968,0.0679 
2014-07-19,16.0320,22.6325,12.1444 
2014-07-20,16.8917,22.7104,5.1785 
2014-07-21,19.0989,26.0730,0.0174 
2014-07-22,21.8468,30.1061,0.0032 
2014-07-23,19.6764,29.7314,1.2446 
2014-07-24,16.5731,19.7477,0.0131 
2014-07-25,16.0756,23.5193,1.2822e-04 
2014-07-26,18.6515,26.7792,6.1763 
2014-07-27,17.5305,25.7862,27.6227 
2014-07-28,16.3221,17.8894,34.3453 
2014-07-29,12.7194,18.2677,0.0205 
2014-07-30,13.8533,20.5707,0.6211 
2014-07-31,14.8484,23.5819,1.3237 
2014-08-01,19.1370,25.5237,0.0135 
2014-08-02,16.8131,25.1188,7.5562 
2014-08-03,16.9788,23.1306,1.3557 
2014-08-04,19.8690,25.9588,0.0604 
2014-08-05,20.7572,25.5233,1.5706 
2014-08-06,17.3408,22.3087,0.4918 
2014-08-07,18.1889,23.1879,8.3777e-07 
2014-08-08,18.4733,24.1127,0.0000 
2014-08-09,18.5109,24.9278,1.9790e-05 
2014-08-10,18.4198,27.0998,2.3388e-05 
2014-08-11,19.3411,26.1451,5.9944 
2014-08-12,18.5992,22.7204,19.6447 
2014-08-13,15.5155,19.5743,17.4384 
2014-08-14,16.2450,19.3285,0.0058 
2014-08-15,14.9785,18.6804,0.0000 
2014-08-16,14.8919,24.5009,0.0010 
2014-08-17,18.2805,24.4932,8.6433 
2014-08-18,17.3310,24.5447,4.3154e-04 
2014-08-19,18.2118,27.6337,1.2332 
2014-08-20,21.4788,27.3405,23.8773 
2014-08-21,21.2123,26.5632,2.0291 
2014-08-22,21.5476,26.2306,3.0903 
2014-08-23,20.0970,24.7681,0.0062 
2014-08-24,18.5893,25.7202,0.0070 
2014-08-25,19.1747,25.7147,0.0012 
2014-08-26,20.0911,28.7034,1.3741 
2014-08-27,20.1816,28.0087,0.5072 
2014-08-28,15.5506,19.8383,8.6717e-04 
2014-08-29,14.4261,23.8350,0.0000 
2014-08-30,20.1970,29.8770,0.0000 
2014-08-31,19.7655,28.0417,2.2107 
2014-09-01,21.6064,27.6162,0.0562 
2014-09-02,18.9528,23.7054,3.0071 
2014-09-03,18.7276,25.0581,0.4172 
2014-09-04,20.8707,27.8985,0.0013 
2014-09-05,21.1781,30.5468,0.0030 
2014-09-06,16.2971,29.3713,19.6853 
2014-09-07,16.9932,20.4840,7.9660e-04 
2014-09-08,14.7747,23.7541,9.0717e-04 
2014-09-09,17.1835,22.9618,0.0740 
2014-09-10,18.1571,25.5294,7.7511 
2014-09-11,15.3384,23.8010,35.7780 
2014-09-12,12.3865,15.5989,1.0709 
2014-09-13,11.0561,14.2043,1.3908 
2014-09-14,10.1363,15.7254,0.0402 
2014-09-15,11.2190,18.1332,0.9263 
2014-09-16,12.4754,15.2044,8.1754 
2014-09-17,12.3259,15.8082,0.0204 
2014-09-18,13.7991,17.0325,0.0274 
2014-09-19,10.6572,19.2769,0.0120 
2014-09-20,15.2890,24.1703,0.0416 
2014-09-21,15.4326,23.2326,3.8319 
2014-09-22,10.1531,14.6583,3.5137 
2014-09-23,10.5983,17.4471,7.8157e-07 
2014-09-24,12.9506,21.1331,0.0000 
2014-09-25,12.6733,20.5207,9.8392e-05 
2014-09-26,16.6537,21.5464,6.4619e-05 
2014-09-27,16.2962,22.0747,0.0000 
2014-09-28,17.6489,21.2944,0.0000 
2014-09-29,17.1126,20.8501,2.6206e-06 
2014-09-30,14.7037,19.4428,7.6161 
2014-10-01,13.3585,19.0704,0.1155 
2014-10-02,14.1402,22.7607,0.0000 
2014-10-03,15.0740,21.7146,7.7008 
2014-10-04,5.2035,14.4413,7.6109 
2014-10-05,4.1456,10.0573,0.4018 
2014-10-06,7.4873,16.6033,0.9230 
2014-10-07,10.5660,15.9890,4.6154 
2014-10-08,11.2843,13.3516,0.2361 
2014-10-09,9.5156,12.8347,0.0012 
2014-10-10,8.6904,12.5836,0.0069 
2014-10-11,7.9549,10.9052,0.0019 
2014-10-12,5.0999,16.3237,8.8736e-04 
2014-10-13,13.3193,22.6409,4.8583 
2014-10-14,19.3136,24.0670,0.5896 
2014-10-15,14.2801,20.6131,15.6983 
2014-10-16,10.4911,15.2350,11.8849 
2014-10-17,9.5836,16.2616,0.9166 
2014-10-18,7.6659,15.3395,7.0825 
2014-10-19,5.9558,8.6167,1.2019 
2014-10-20,7.2865,14.4433,3.0694 
2014-10-21,8.7934,11.3765,17.1694 
2014-10-22,7.8652,9.4470,2.4203 
2014-10-23,7.5637,10.7704,3.1051e-04 
2014-10-24,8.6351,12.7496,1.7430e-04 
2014-10-25,9.7808,17.2269,0.0141 
2014-10-26,9.2165,15.5951,5.8991e-04 
2014-10-27,8.0629,19.2380,2.1004e-04 
2014-10-28,15.5016,20.5296,0.8713 
2014-10-29,8.8184,15.1657,0.1709 
2014-10-30,6.6652,8.8946,3.0335 
2014-10-31,5.1903,7.5412,1.8248 
2014-11-01,3.0882,6.0714,7.9250 
2014-11-02,0.7557,4.4277,0.0057 
2014-11-03,0.9203,12.1658,0.0023 
2014-11-04,9.2527,16.4922,0.2281 
2014-11-05,6.9481,12.9107,4.7857 
2014-11-06,6.9994,10.5316,6.0971 
2014-11-07,2.3503,6.9094,8.5582 
2014-11-08,-0.1318,6.8845,0.2520 
2014-11-09,2.0474,8.3200,1.2333 
2014-11-10,5.4843,15.1234,8.6810e-04 
2014-11-11,12.5060,17.6409,0.0013 
2014-11-12,1.9037,16.0794,1.8452 
2014-11-13,-1.1518,1.6780,3.0355 
2014-11-14,-3.1180,-0.5567,1.8211 
2014-11-15,-4.8356,-0.8734,1.7773 
2014-11-16,-2.9429,0.9979,0.1431 
2014-11-17,-6.4823,0.0752,8.1283 
2014-11-18,-11.9251,-7.3858,0.7748 
2014-11-19,-12.0650,-0.6512,1.2497 
2014-11-20,-7.7275,0.1849,0.8159 
2014-11-21,-6.5936,-4.7348,4.5757 
2014-11-22,-7.6807,5.4138,8.1459 
2014-11-23,4.9766,8.8406,4.2795 
2014-11-24,6.3422,14.7014,3.8034 
2014-11-25,0.3365,5.2459,0.1009 
2014-11-26,-2.6797,1.2226,0.0248 
2014-11-27,-1.7827,-0.2465,1.9587 
2014-11-28,-5.3648,-1.4246,0.5814 
2014-11-29,-3.8268,3.9175,0.4129 
2014-11-30,3.9984,14.2548,0.2095 
2014-12-01,-2.5372,14.4145,2.1794 
2014-12-02,-4.7075,2.3847,0.8083 
2014-12-03,-2.7949,3.0906,0.1473 
2014-12-04,-3.0276,1.0461,0.0707 
2014-12-05,-1.9322,5.1015,0.3884 
2014-12-06,1.9289,5.1698,18.0062 
2014-12-07,-2.3038,2.4718,0.0159 
2014-12-08,-0.7921,4.3982,3.1267e-05 
2014-12-09,1.7429,4.8531,0.2036 
2014-12-10,-2.1415,3.0410,1.8751 
2014-12-11,-2.4714,0.7532,0.3662 
2014-12-12,-1.0647,1.3772,0.0288 
2014-12-13,-1.6524,2.5484,0.0363 
2014-12-14,2.5617,6.6586,0.1280 
2014-12-15,6.0480,8.9706,0.1034 
2014-12-16,5.7416,9.4427,10.9463 
2014-12-17,-1.2574,6.9023,2.7058 
2014-12-18,-2.8738,-1.1657,0.6979 
2014-12-19,-2.7162,-0.9455,0.6978 
2014-12-20,-3.6590,-1.7171,0.0331 
2014-12-21,-4.4458,0.5255,0.0276 
2014-12-22,-2.9888,5.8934,5.5759e-04 
2014-12-23,2.9215,9.4913,0.8224 
2014-12-24,8.9284,13.6428,1.8085 
2014-12-25,2.3316,12.9119,3.6445 
2014-12-26,0.6864,7.8360,0.0089 
2014-12-27,5.0109,11.4940,0.0746 
2014-12-28,0.0344,9.9952,6.8912 
2014-12-29,-3.0140,0.0702,0.0365 
2014-12-30,-5.3301,-3.2538,0.0129 
2014-12-31,-8.6980,-5.3820,0.9001 
2015-01-01,-8.9360,-7.4118,0.0299 
