Meteorological forcing data for the Large Basin Runoff Model.      
eri, 01,   <- lake basin, subbasin            
yyyy-mm-dd, Tmin(C), Tmax(C), Prec(mm)                             
2010-01-01,-8.7589,-4.2765,0.1645 
2010-01-02,-14.3430,-7.6137,0.1343 
2010-01-03,-16.9630,-7.3534,0.0476 
2010-01-04,-9.1632,-7.2662,0.8124 
2010-01-05,-9.7959,-5.6289,0.4275 
2010-01-06,-5.8889,-3.1355,0.2062 
2010-01-07,-6.0728,-3.6812,2.7602 
2010-01-08,-6.7184,-4.2613,2.6744 
2010-01-09,-12.8951,-6.4586,0.0413 
2010-01-10,-11.9960,-6.1002,0.0135 
2010-01-11,-12.6196,-5.6992,1.6143 
2010-01-12,-7.4289,-4.8472,0.5064 
2010-01-13,-9.7110,-2.4801,0.0034 
2010-01-14,-4.5755,1.0197,0.0061 
2010-01-15,-0.4043,2.1160,0.1481 
2010-01-16,-5.5693,0.1153,0.0133 
2010-01-17,-4.0243,-0.5262,6.8095e-04 
2010-01-18,-6.1339,-0.4356,0.0029 
2010-01-19,-3.6518,-0.2969,0.1447 
2010-01-20,-6.5547,-1.0989,0.0745 
2010-01-21,-6.4624,-0.3146,0.0076 
2010-01-22,-0.9566,0.6305,0.1423 
2010-01-23,-2.7816,1.1472,0.0539 
2010-01-24,1.4566,7.7737,6.8233 
2010-01-25,-0.2029,7.6605,1.7751 
2010-01-26,-4.7048,-0.2484,0.5546 
2010-01-27,-7.9023,-1.4206,0.1037 
2010-01-28,-10.9636,-4.2155,0.4039 
2010-01-29,-16.0658,-8.9764,0.0248 
2010-01-30,-11.8336,-8.1340,0.0765 
2010-01-31,-12.0230,-4.1702,0.1066 
2010-02-01,-10.5095,-4.3927,0.0757 
2010-02-02,-5.5258,-2.1724,0.8804 
2010-02-03,-3.9051,0.0076,0.9747 
2010-02-04,-6.3508,-0.4263,7.2772e-04 
2010-02-05,-3.2921,-0.5283,0.0448 
2010-02-06,-7.9796,-1.1633,0.1382 
2010-02-07,-7.1493,-2.6450,0.2267 
2010-02-08,-6.8449,-1.2190,0.0039 
2010-02-09,-6.6964,-1.9151,7.7172 
2010-02-10,-4.4291,-2.9663,9.4420 
2010-02-11,-7.4003,-3.3878,0.1554 
2010-02-12,-9.5622,-3.0842,0.1396 
2010-02-13,-8.0304,-3.5542,0.1775 
2010-02-14,-7.3050,-1.0060,0.0789 
2010-02-15,-7.5619,-2.0755,0.0231 
2010-02-16,-6.5086,-2.5973,1.1307 
2010-02-17,-5.6929,0.0380,0.3280 
2010-02-18,-4.7823,0.1502,0.0063 
2010-02-19,-6.3306,1.0718,0.0022 
2010-02-20,-5.8010,0.9392,9.3186e-05 
2010-02-21,-1.0200,2.5389,0.0061 
2010-02-22,-1.9287,0.7826,15.5696 
2010-02-23,-3.6470,-0.4812,0.9383 
2010-02-24,-3.9178,-0.8869,3.0346 
2010-02-25,-6.3726,-1.6070,2.3286 
2010-02-26,-6.6835,-3.0549,6.9550 
2010-02-27,-2.9692,0.0300,3.5577 
2010-02-28,-2.4165,1.4987,0.3361 
2010-03-01,-4.0154,0.6327,0.0181 
2010-03-02,-5.8270,0.3961,0.0237 
2010-03-03,-7.1014,0.8767,0.0757 
2010-03-04,-6.0661,1.0179,0.0012 
2010-03-05,-6.9095,1.6940,3.2880e-04 
2010-03-06,-2.3721,4.4847,4.2091e-04 
2010-03-07,-1.4031,6.7523,3.8145e-06 
2010-03-08,0.4427,9.6200,1.4922e-04 
2010-03-09,3.7727,11.5472,1.1616e-06 
2010-03-10,5.1024,13.5989,0.4943 
2010-03-11,6.3452,16.1791,0.0246 
2010-03-12,9.4835,15.6036,7.0600 
2010-03-13,4.6926,12.9436,7.3148 
2010-03-14,2.9398,5.0539,6.1971 
2010-03-15,3.0087,11.2482,0.1986 
2010-03-16,3.1886,14.5224,2.0438e-06 
2010-03-17,6.8661,15.6571,0.0000 
2010-03-18,5.7999,17.1708,0.0000 
2010-03-19,6.4266,17.5750,1.7576e-05 
2010-03-20,2.9850,16.2425,0.0803 
2010-03-21,-1.9787,8.9611,0.4589 
2010-03-22,1.1620,7.6566,1.9295 
2010-03-23,3.2344,10.6925,0.2507 
2010-03-24,2.0549,13.1990,7.6098e-05 
2010-03-25,1.4209,12.3529,3.5965 
2010-03-26,-4.6071,2.2085,0.0062 
2010-03-27,-4.4031,6.7241,0.0034 
2010-03-28,3.7132,7.6688,7.6273 
2010-03-29,2.4405,9.5936,0.5845 
2010-03-30,-1.6548,12.3396,0.0010 
2010-03-31,4.8676,19.9879,5.4951e-07 
2010-04-01,12.9721,25.4643,0.0000 
2010-04-02,12.9465,26.6767,0.0000 
2010-04-03,11.6398,25.4793,0.3731 
2010-04-04,7.2171,20.6462,0.0205 
2010-04-05,10.0773,21.5946,1.7517 
2010-04-06,13.8244,25.2342,5.1521 
2010-04-07,15.0993,24.8776,8.4245 
2010-04-08,6.0661,15.0823,11.7619 
2010-04-09,-1.9820,7.3709,0.0209 
2010-04-10,2.2964,18.7520,0.0080 
2010-04-11,8.8021,18.7465,0.1478 
2010-04-12,6.5738,16.4306,0.0040 
2010-04-13,5.0936,13.7465,6.6805 
2010-04-14,6.4955,17.6238,0.0173 
2010-04-15,10.5396,27.5222,0.0000 
2010-04-16,15.7007,26.2639,0.0117 
2010-04-17,3.4421,13.9394,0.0066 
2010-04-18,1.4038,11.7187,6.1555e-04 
2010-04-19,3.1421,14.9453,5.0423e-05 
2010-04-20,6.0283,15.7576,2.7322e-07 
2010-04-21,8.8068,18.6000,0.1747 
2010-04-22,2.2714,16.1322,0.0846 
2010-04-23,2.2698,14.9092,2.1189e-04 
2010-04-24,8.2909,16.5604,0.3058 
2010-04-25,10.9451,15.5224,16.2440 
2010-04-26,8.2351,14.7358,4.6514 
2010-04-27,1.9812,12.0982,5.6547e-05 
2010-04-28,3.2122,13.7431,2.3038e-04 
2010-04-29,7.6628,17.1015,0.5713 
2010-04-30,13.4378,25.4997,1.6945e-04 
2010-05-01,17.8608,25.0584,7.5673 
2010-05-02,16.8548,21.2994,13.7170 
2010-05-03,13.0116,20.6549,11.2118 
2010-05-04,12.5390,21.1936,0.6650 
2010-05-05,15.6492,23.9880,2.5760 
2010-05-06,9.2187,18.3888,0.1108 
2010-05-07,9.0607,17.6275,15.5285 
2010-05-08,5.1341,15.6211,7.6559 
2010-05-09,-0.8624,10.0420,0.2328 
2010-05-10,2.8705,11.9164,1.9415e-04 
2010-05-11,6.1899,10.7461,27.4233 
2010-05-12,6.2985,12.5896,2.6749 
2010-05-13,6.0933,18.7261,12.3108 
2010-05-14,11.8427,21.5946,0.4514 
2010-05-15,9.3157,17.0591,0.0015 
2010-05-16,8.4550,17.1559,1.6774e-04 
2010-05-17,11.2827,16.4092,2.4144 
2010-05-18,9.6816,13.7356,9.5670 
2010-05-19,7.8204,21.2160,0.0103 
2010-05-20,16.3811,25.5714,0.0046 
2010-05-21,15.2754,24.4316,0.9681 
2010-05-22,15.7221,21.8675,15.5781 
2010-05-23,16.9371,25.2712,0.1898 
2010-05-24,17.6566,26.2426,2.4986e-05 
2010-05-25,18.2608,26.3398,0.0000 
2010-05-26,20.6722,27.8784,0.0354 
2010-05-27,22.3850,27.7855,0.0311 
2010-05-28,18.4812,26.6632,0.0659 
2010-05-29,19.1986,26.8244,0.0015 
2010-05-30,18.9477,28.4044,1.4353e-04 
2010-05-31,20.1694,28.5018,9.1609 
2010-06-01,17.6611,26.0060,1.3944 
2010-06-02,19.1008,25.6642,7.5574 
2010-06-03,16.2279,24.6083,0.2389 
2010-06-04,14.4088,24.8122,0.1211 
2010-06-05,18.2866,25.1874,6.8068 
2010-06-06,15.3656,20.2569,59.2372 
2010-06-07,9.2692,18.9757,0.1271 
2010-06-08,11.7125,18.9180,0.3436 
2010-06-09,13.4148,25.2613,6.0404 
2010-06-10,15.0113,23.5862,0.0152 
2010-06-11,16.0828,26.2501,0.1998 
2010-06-12,21.7776,28.8511,0.2423 
2010-06-13,19.4533,28.4035,0.3689 
2010-06-14,18.6790,25.8804,0.2336 
2010-06-15,18.3550,24.4817,0.0083 
2010-06-16,19.1385,23.9751,1.3931 
2010-06-17,14.3838,23.7886,0.0092 
2010-06-18,17.2086,29.1691,0.0043 
2010-06-19,22.3832,29.1165,9.6456 
2010-06-20,17.8682,26.2777,4.0664e-04 
2010-06-21,18.2689,26.0769,0.0014 
2010-06-22,19.3136,28.2510,10.6735 
2010-06-23,23.1629,30.9153,1.5964 
2010-06-24,20.6884,30.7962,11.3437 
2010-06-25,15.5640,25.5058,0.0028 
2010-06-26,19.9441,29.2507,0.0304 
2010-06-27,19.8157,30.0732,6.3630 
2010-06-28,20.5381,26.3635,1.0849 
2010-06-29,13.6453,24.4081,7.5677e-04 
2010-06-30,11.4558,20.9507,0.0000 
2010-07-01,11.6177,22.4192,0.0000 
2010-07-02,15.6512,23.8272,0.0000 
2010-07-03,19.0361,28.1222,0.0000 
2010-07-04,21.7965,31.9945,0.0021 
2010-07-05,23.6374,31.8223,0.0162 
2010-07-06,24.3782,32.4094,2.4724e-04 
2010-07-07,26.1640,32.3569,0.0836 
2010-07-08,25.7093,31.0694,4.8031 
2010-07-09,22.2880,29.0726,2.7667 
2010-07-10,21.3718,26.8643,0.0077 
2010-07-11,22.4375,28.4317,1.7007 
2010-07-12,18.2620,28.0324,7.5530 
2010-07-13,18.5821,26.1635,2.3695 
2010-07-14,20.2165,28.0749,0.3143 
2010-07-15,22.4722,30.9531,0.8466 
2010-07-16,21.9246,28.3999,13.6797 
2010-07-17,22.3752,29.6488,0.0097 
2010-07-18,22.3546,31.1806,0.0973 
2010-07-19,21.0488,28.0804,2.1167 
2010-07-20,19.1881,28.0003,21.3585 
2010-07-21,19.9511,28.0443,0.1123 
2010-07-22,21.4957,27.5412,1.5292 
2010-07-23,18.8846,31.8630,29.8114 
2010-07-24,23.8065,31.5767,8.8668 
2010-07-25,20.5181,29.1583,12.4584 
2010-07-26,19.5111,26.0293,0.0311 
2010-07-27,22.0049,26.9911,0.0039 
2010-07-28,22.4486,30.1729,6.6082 
2010-07-29,16.3034,25.5833,3.7098 
2010-07-30,19.3266,25.7673,5.8898e-04 
2010-07-31,20.0650,25.4756,0.3477 
2010-08-01,19.0927,26.2067,0.1017 
2010-08-02,22.2085,27.4995,0.0231 
2010-08-03,23.9806,29.5426,0.0800 
2010-08-04,24.4354,29.4811,0.0567 
2010-08-05,21.8272,29.1303,0.0886 
2010-08-06,19.1870,24.8803,0.0146 
2010-08-07,16.9717,24.5488,0.0015 
2010-08-08,20.7809,29.3347,0.0069 
2010-08-09,22.1789,29.9975,0.9272 
2010-08-10,21.4749,28.9521,0.2644 
2010-08-11,21.8170,29.4713,1.7629 
2010-08-12,20.4420,27.6964,4.1075 
2010-08-13,21.6123,29.0996,0.0736 
2010-08-14,22.8882,31.7855,0.0145 
2010-08-15,23.0784,31.4112,0.6453 
2010-08-16,18.4097,27.1274,0.0144 
2010-08-17,17.2191,26.2258,2.4168e-04 
2010-08-18,18.3340,25.4562,0.4270 
2010-08-19,21.4300,28.2232,0.0010 
2010-08-20,18.7943,27.7580,0.0281 
2010-08-21,20.5568,27.9909,4.3867 
2010-08-22,20.2269,24.7115,0.2214 
2010-08-23,18.2592,25.5745,0.0111 
2010-08-24,16.7401,24.9735,0.1984 
2010-08-25,19.7804,24.9188,0.0520 
2010-08-26,13.4246,22.2559,1.1610e-04 
2010-08-27,15.8532,23.6785,0.0000 
2010-08-28,18.7965,25.4813,0.0000 
2010-08-29,21.1736,30.5248,9.2092e-05 
2010-08-30,25.1695,30.2716,0.0031 
2010-08-31,24.7277,30.6568,0.0048 
2010-09-01,22.6697,31.0673,0.1101 
2010-09-02,21.1620,27.7755,1.5013 
2010-09-03,17.1149,24.7416,3.7701 
2010-09-04,12.0784,17.9347,0.7532 
2010-09-05,9.9176,19.2796,0.0403 
2010-09-06,15.3936,26.2714,1.4920 
2010-09-07,19.2072,27.0446,0.0972 
2010-09-08,13.8370,22.2819,0.0036 
2010-09-09,9.6533,18.8457,7.7398e-04 
2010-09-10,11.2881,20.1492,0.0015 
2010-09-11,13.0994,19.7186,7.9905 
2010-09-12,11.6423,21.6165,2.1752 
2010-09-13,15.2712,23.6488,0.0032 
2010-09-14,14.3374,21.1357,0.0057 
2010-09-15,10.9769,20.5081,0.0121 
2010-09-16,15.2036,21.3926,27.6824 
2010-09-17,11.1917,16.4123,0.4884 
2010-09-18,13.2112,22.6286,1.7095 
2010-09-19,11.5851,18.7101,0.0152 
2010-09-20,10.6014,18.4297,1.1915e-04 
2010-09-21,15.2552,29.5500,0.0035 
2010-09-22,19.2102,28.5856,7.7517 
2010-09-23,15.0417,28.5634,0.0128 
2010-09-24,22.2643,27.6495,0.0280 
2010-09-25,11.8377,20.5170,0.0079 
2010-09-26,7.2428,14.7298,0.0058 
2010-09-27,9.0489,16.0566,0.7501 
2010-09-28,11.5187,15.0329,27.7887 
2010-09-29,10.5789,17.9198,0.1221 
2010-09-30,14.5622,19.0072,0.0033 
2010-10-01,8.3952,17.0945,7.4235e-04 
2010-10-02,8.0183,14.1129,8.1124 
2010-10-03,6.2151,10.4223,1.4765 
2010-10-04,4.8998,12.6769,0.0058 
2010-10-05,7.2462,15.7984,2.6706e-04 
2010-10-06,7.8207,18.5820,7.0838e-04 
2010-10-07,9.6201,19.0456,5.9507e-05 
2010-10-08,11.0846,23.5648,0.0000 
2010-10-09,14.3748,21.5109,0.0000 
2010-10-10,12.7644,25.3608,4.0058e-05 
2010-10-11,15.9472,23.5539,0.0457 
2010-10-12,8.5277,18.7192,0.0051 
2010-10-13,9.9640,16.6926,1.0908 
2010-10-14,6.8697,14.2766,12.6488 
2010-10-15,6.9916,13.3728,0.2431 
2010-10-16,6.4286,15.5360,0.0011 
2010-10-17,8.5589,14.9615,0.0000 
2010-10-18,8.1866,12.6389,0.0101 
2010-10-19,4.7932,12.6910,0.0060 
2010-10-20,5.4941,16.0547,0.0672 
2010-10-21,4.6620,14.6970,5.3357 
2010-10-22,1.8724,12.1958,0.0196 
2010-10-23,8.4312,17.4745,0.2445 
2010-10-24,14.4793,22.5671,0.3773 
2010-10-25,15.7936,18.6504,0.2211 
2010-10-26,12.2876,20.6478,4.7727 
2010-10-27,10.6575,16.0373,0.0305 
2010-10-28,6.3910,14.7556,0.0878 
2010-10-29,2.9412,9.5928,0.0215 
2010-10-30,3.3947,11.8195,4.5042e-04 
2010-10-31,0.5902,11.1187,0.0230 
2010-11-01,0.2501,7.3623,0.0014 
2010-11-02,2.1228,7.3866,0.0066 
2010-11-03,1.8622,8.0617,0.2748 
2010-11-04,2.3150,7.8047,0.3001 
2010-11-05,2.1748,6.1920,0.1493 
2010-11-06,-4.8549,4.4997,0.0924 
2010-11-07,-1.4095,8.9097,3.5023e-06 
2010-11-08,4.3392,12.8658,0.0000 
2010-11-09,4.9536,12.5895,2.1907e-04 
2010-11-10,4.4334,12.3847,0.0285 
2010-11-11,5.3719,12.8486,0.0085 
2010-11-12,7.0837,14.2914,0.0366 
2010-11-13,5.7593,14.2938,0.0672 
2010-11-14,2.9887,13.8762,2.1972 
2010-11-15,0.8216,8.4835,0.0103 
2010-11-16,4.1270,9.3886,1.0751 
2010-11-17,5.5463,10.2946,16.6971 
2010-11-18,1.6046,8.0472,0.3635 
2010-11-19,-0.0181,6.5196,0.0173 
2010-11-20,0.8821,7.2550,1.9829e-04 
2010-11-21,0.6462,12.4994,0.0295 
2010-11-22,12.6967,15.9084,12.9510 
2010-11-23,-0.6833,16.7891,16.3153 
2010-11-24,-4.1293,2.3878,0.0745 
2010-11-25,2.6453,9.3949,18.5459 
2010-11-26,-5.9653,7.2993,8.1435 
2010-11-27,-3.3476,1.5655,0.1095 
2010-11-28,-5.7787,1.3911,0.0152 
2010-11-29,0.0498,5.6341,1.2195e-04 
2010-11-30,4.8288,12.5188,18.8179 
2010-12-01,-4.2046,5.9952,2.0009 
2010-12-02,-4.6288,-1.4992,0.3454 
2010-12-03,-5.0248,-0.8291,0.2387 
2010-12-04,-4.0963,-0.7191,0.0294 
2010-12-05,-6.3368,-1.7956,0.4478 
2010-12-06,-4.8670,-2.6077,0.2042 
2010-12-07,-6.0445,-3.9379,0.1330 
2010-12-08,-6.8237,-3.3311,0.2516 
2010-12-09,-8.8924,-3.6419,0.0415 
2010-12-10,-4.1078,2.7411,2.3935 
2010-12-11,-1.8499,3.3940,0.0639 
2010-12-12,-1.8456,3.0064,25.0023 
2010-12-13,-11.6156,-2.9479,2.7752 
2010-12-14,-13.2849,-7.7409,0.0273 
2010-12-15,-11.2465,-5.1045,0.0151 
2010-12-16,-11.8145,-4.8963,0.0050 
2010-12-17,-7.9920,-3.0487,0.1837 
2010-12-18,-11.6722,-4.7068,0.2264 
2010-12-19,-10.7826,-3.9311,0.4147 
2010-12-20,-8.0178,-2.4904,0.1925 
2010-12-21,-5.3551,-2.3477,0.0590 
2010-12-22,-4.7195,-1.0988,1.1082 
2010-12-23,-5.2597,-1.7850,0.0344 
2010-12-24,-8.0730,-2.9032,0.0223 
2010-12-25,-4.7106,-1.9794,0.2109 
2010-12-26,-5.0517,-3.3708,0.5277 
2010-12-27,-8.5078,-4.4166,0.0936 
2010-12-28,-8.8086,-2.8916,0.0362 
2010-12-29,-8.5512,-3.0523,0.0039 
2010-12-30,-4.4823,2.5711,0.7625 
2010-12-31,2.2055,9.3141,2.0742 
2011-01-01,-1.5439,10.8271,11.7294 
2011-01-02,-8.7658,-2.8299,0.3113 
2011-01-03,-9.1206,-0.7302,0.0263 
2011-01-04,-2.9888,0.1268,0.6409 
2011-01-05,-7.9306,-3.0428,0.3743 
2011-01-06,-6.7533,-2.1581,1.4759 
2011-01-07,-10.2572,-4.0891,1.6817 
2011-01-08,-11.0220,-6.3753,0.9445 
2011-01-09,-13.3905,-3.8219,0.0839 
2011-01-10,-9.0774,-4.2749,0.0154 
2011-01-11,-7.7540,-4.9934,6.6066 
2011-01-12,-6.8507,-4.5327,4.2116 
2011-01-13,-12.4594,-5.1583,0.1876 
2011-01-14,-10.5624,-6.2420,1.1423 
2011-01-15,-8.1571,-3.2183,2.3280 
2011-01-16,-13.9468,-3.4939,0.0610 
2011-01-17,-14.5687,-5.2396,0.0517 
2011-01-18,-4.5316,2.1109,4.8210 
2011-01-19,-7.0992,-0.6803,0.4940 
2011-01-20,-10.9650,-5.7838,1.1334 
2011-01-21,-12.5984,-6.2616,1.1869 
2011-01-22,-17.3198,-10.3492,0.4096 
2011-01-23,-14.7726,-9.4660,0.1848 
2011-01-24,-16.0805,-6.3938,2.0906 
2011-01-25,-6.0076,-1.6993,0.2030 
2011-01-26,-5.0710,-1.1911,0.1075 
2011-01-27,-6.7138,-2.4773,2.1463 
2011-01-28,-6.9914,-1.6507,1.5083 
2011-01-29,-6.9255,-2.3031,3.4291 
2011-01-30,-6.6875,-3.7477,0.1126 
2011-01-31,-12.5221,-7.6805,0.0573 
2011-02-01,-10.6538,-6.7826,2.0551 
2011-02-02,-8.3111,-4.8791,15.2933 
2011-02-03,-13.3131,-6.8568,0.0558 
2011-02-04,-14.6466,-7.0041,0.0030 
2011-02-05,-10.8498,-4.3064,4.9431 
2011-02-06,-11.0139,-2.7902,0.8599 
2011-02-07,-3.3060,-1.5284,0.7636 
2011-02-08,-13.4086,-4.0104,0.1708 
2011-02-09,-12.7660,-8.2139,0.0587 
2011-02-10,-16.7175,-8.7942,0.0971 
2011-02-11,-17.9784,-7.0825,0.2020 
2011-02-12,-7.3499,-1.4558,0.2056 
2011-02-13,-3.3678,3.6104,0.8009 
2011-02-14,-1.1335,3.3540,0.0299 
2011-02-15,-7.9063,-2.0778,3.9114e-04 
2011-02-16,-4.1795,3.9508,0.0325 
2011-02-17,2.7658,12.1675,0.0057 
2011-02-18,3.7416,13.3629,0.0082 
2011-02-19,-4.7445,3.2997,7.9542e-04 
2011-02-20,-6.1306,0.2458,6.6598 
2011-02-21,-7.0442,-1.4408,19.6076 
2011-02-22,-11.7765,-7.2138,0.0301 
2011-02-23,-9.7736,-4.6142,0.0155 
2011-02-24,-5.9895,1.6948,2.7509 
2011-02-25,-3.3902,-0.1433,5.7418 
2011-02-26,-7.0878,-0.8813,1.1974 
2011-02-27,-3.7962,1.3349,0.4900 
2011-02-28,-1.9251,1.1218,20.3002 
2011-03-01,-6.8930,1.4963,0.0010 
2011-03-02,-4.5593,2.0799,0.0133 
2011-03-03,-11.6242,-3.1580,0.0022 
2011-03-04,-3.2212,8.8022,1.7705 
2011-03-05,0.0177,9.8611,28.0183 
2011-03-06,-4.8242,-0.5428,3.5070 
2011-03-07,-11.4810,-2.1925,0.0193 
2011-03-08,-5.4174,1.9667,1.3337e-04 
2011-03-09,1.0159,6.8971,17.4817 
2011-03-10,1.5877,8.0353,1.5370 
2011-03-11,-0.7918,3.6117,7.5025 
2011-03-12,-2.0882,4.2830,0.0842 
2011-03-13,-1.2405,4.1355,0.0539 
2011-03-14,-4.9516,3.1060,0.2858 
2011-03-15,-3.0114,3.4183,1.2724 
2011-03-16,3.1509,11.1252,4.0797 
2011-03-17,4.9103,15.9875,7.7006e-06 
2011-03-18,7.8658,17.1863,1.6016e-05 
2011-03-19,-1.6867,8.4734,1.8441e-05 
2011-03-20,-2.1649,9.3073,1.7464 
2011-03-21,8.1213,13.5894,19.2258 
2011-03-22,-0.9049,9.7894,2.3326 
2011-03-23,-2.1353,2.8170,13.9526 
2011-03-24,-5.3312,-1.4468,0.1168 
2011-03-25,-10.8021,-2.2596,0.0032 
2011-03-26,-10.9721,-1.8838,0.0101 
2011-03-27,-8.8253,-0.0257,0.0014 
2011-03-28,-9.1892,1.6434,4.3715e-04 
2011-03-29,-4.3499,4.8594,1.0806e-05 
2011-03-30,-2.9356,4.4083,0.0017 
2011-03-31,-2.4521,5.4475,0.0105 
2011-04-01,1.3380,7.4762,0.0045 
2011-04-02,-0.3382,7.7123,1.1380 
2011-04-03,1.5083,6.5802,2.4358 
2011-04-04,5.2546,17.7325,2.6824 
2011-04-05,-0.2735,7.0023,0.0633 
2011-04-06,1.4383,7.1286,18.3167 
2011-04-07,-0.5829,9.4596,1.2999 
2011-04-08,3.2198,8.0937,8.5436 
2011-04-09,1.6160,11.7558,0.0045 
2011-04-10,6.2913,24.5439,0.2463 
2011-04-11,13.1916,24.0518,3.7248 
2011-04-12,3.5995,12.6186,1.1865e-04 
2011-04-13,2.7536,16.1297,4.2243e-04 
2011-04-14,5.6023,15.2189,0.0147 
2011-04-15,2.9595,12.1735,0.0071 
2011-04-16,9.3713,15.6908,8.8661 
2011-04-17,2.3260,9.6417,0.5611 
2011-04-18,-1.5049,6.0201,3.9582 
2011-04-19,-1.0355,4.9066,1.5813 
2011-04-20,3.4587,8.2454,19.0594 
2011-04-21,-1.2740,9.5294,0.0329 
2011-04-22,1.4726,8.3608,4.6255 
2011-04-23,7.2883,18.3418,18.0210 
2011-04-24,6.9709,15.8070,0.5700 
2011-04-25,8.3729,14.5128,9.4250 
2011-04-26,8.1087,20.0316,1.7930 
2011-04-27,14.6962,19.2233,11.8388 
2011-04-28,7.1546,16.1018,20.9110 
2011-04-29,2.8127,13.5753,1.1464 
2011-04-30,3.6464,13.2728,5.5017e-04 
2011-05-01,10.7889,20.7152,5.4431 
2011-05-02,7.1483,19.9922,0.3439 
2011-05-03,5.5119,12.8237,1.1026 
2011-05-04,3.9206,12.8439,0.0166 
2011-05-05,6.2479,16.9665,0.0015 
2011-05-06,10.3711,16.4255,1.0053 
2011-05-07,10.7083,18.9824,0.0324 
2011-05-08,7.9432,17.7800,0.0011 
2011-05-09,7.6828,17.3442,0.0125 
2011-05-10,11.7312,20.0444,2.3232 
2011-05-11,13.4668,24.9759,0.0112 
2011-05-12,16.5638,27.6420,4.4277 
2011-05-13,17.6008,23.7773,4.0376 
2011-05-14,14.9615,21.8733,12.8601 
2011-05-15,6.4387,15.5541,23.6059 
2011-05-16,4.8097,7.8236,4.4183 
2011-05-17,5.7550,14.3225,0.6524 
2011-05-18,11.3755,17.9899,6.1385 
2011-05-19,12.3206,18.2246,5.6493 
2011-05-20,13.7898,21.6136,0.0500 
2011-05-21,14.8967,23.6700,0.1399 
2011-05-22,17.4513,27.9378,1.5249 
2011-05-23,17.5105,27.7782,12.5306 
2011-05-24,14.4339,22.8268,0.7096 
2011-05-25,9.8854,21.2161,50.6946 
2011-05-26,10.1889,17.7888,14.3166 
2011-05-27,7.5879,14.7009,2.4712 
2011-05-28,11.6662,19.4511,0.9297 
2011-05-29,15.9797,25.1807,7.3423 
2011-05-30,20.9736,28.3913,0.6601 
2011-05-31,21.7622,30.4163,0.0012 
2011-06-01,20.2190,29.8191,0.0314 
2011-06-02,13.8172,21.5504,1.7567e-04 
2011-06-03,12.5798,20.5306,0.0024 
2011-06-04,15.2167,31.5294,0.0068 
2011-06-05,18.9198,30.1973,0.0204 
2011-06-06,18.4699,27.5093,0.0014 
2011-06-07,23.0771,33.8239,0.0012 
2011-06-08,25.4029,33.2409,0.0063 
2011-06-09,19.6833,31.6166,0.7302 
2011-06-10,11.6331,22.1063,7.0579 
2011-06-11,14.8065,23.6514,2.6967 
2011-06-12,11.0011,23.6152,0.0080 
2011-06-13,11.9352,21.9447,1.1254e-04 
2011-06-14,12.6995,21.6875,3.5606e-05 
2011-06-15,14.9915,21.2455,0.3691 
2011-06-16,15.6908,23.4654,4.1294 
2011-06-17,16.9571,24.6796,0.6472 
2011-06-18,19.2885,26.1226,0.0106 
2011-06-19,17.2069,25.5939,0.0026 
2011-06-20,17.5958,26.2405,1.7772 
2011-06-21,19.5004,28.8294,3.4511 
2011-06-22,19.7192,27.7059,13.8134 
2011-06-23,18.2555,22.9381,4.5409 
2011-06-24,16.9387,20.9269,2.8979 
2011-06-25,13.4715,24.0093,0.0467 
2011-06-26,17.7313,24.3248,0.0038 
2011-06-27,17.5186,24.6057,0.0063 
2011-06-28,19.0358,22.8590,0.0012 
2011-06-29,13.8292,24.1546,3.6619e-06 
2011-06-30,17.5499,28.2649,1.0495e-07 
2011-07-01,19.5971,30.0285,2.6210e-05 
2011-07-02,20.6592,34.0479,0.2362 
2011-07-03,21.5429,32.6412,13.5225 
2011-07-04,20.7139,27.6522,0.0093 
2011-07-05,21.3619,29.6947,0.0000 
2011-07-06,24.7301,29.7220,0.0054 
2011-07-07,19.1087,27.9711,1.3884e-04 
2011-07-08,19.3407,28.4949,0.1031 
2011-07-09,19.7498,29.2253,0.0091 
2011-07-10,23.0400,31.2326,0.0000 
2011-07-11,25.8529,33.0525,11.9524 
2011-07-12,21.2897,32.0681,0.2196 
2011-07-13,16.3156,27.5374,0.0044 
2011-07-14,15.0268,24.4096,0.0015 
2011-07-15,19.4637,27.4637,0.0524 
2011-07-16,21.8355,29.4093,0.0074 
2011-07-17,24.5733,31.3605,5.6369e-06 
2011-07-18,24.7842,34.3279,3.0647 
2011-07-19,21.7077,31.9088,7.3860 
2011-07-20,24.3214,34.0261,0.0103 
2011-07-21,27.9702,34.8625,0.0124 
2011-07-22,25.4725,34.1302,1.5772 
2011-07-23,22.2056,33.5486,1.0343 
2011-07-24,21.3850,29.3814,0.8657 
2011-07-25,21.8491,29.4336,0.9138 
2011-07-26,21.7062,27.5171,0.0023 
2011-07-27,19.0356,26.7934,0.9766 
2011-07-28,22.4948,30.5721,68.6840 
2011-07-29,21.4524,30.0386,22.1804 
2011-07-30,21.8666,28.6632,0.0323 
2011-07-31,25.3866,30.9173,0.0101 
2011-08-01,22.7254,30.7504,0.0250 
2011-08-02,23.9955,29.9681,0.4420 
2011-08-03,21.8733,29.6096,10.8128 
2011-08-04,17.8874,26.4295,0.1017 
2011-08-05,20.5524,27.1962,0.0165 
2011-08-06,22.2108,27.7591,5.0083 
2011-08-07,19.9529,27.6204,1.3692 
2011-08-08,18.9746,24.5501,1.5210 
2011-08-09,19.2789,25.6939,25.3686 
2011-08-10,17.5065,23.6841,0.1689 
2011-08-11,14.9998,24.8576,3.5270e-04 
2011-08-12,20.0001,25.9078,2.4055e-04 
2011-08-13,21.5412,27.1340,3.3761 
2011-08-14,16.9614,23.4259,5.7592 
2011-08-15,16.3011,24.8531,0.2747 
2011-08-16,18.7490,26.4927,0.0000 
2011-08-17,20.4971,26.0844,3.7814e-04 
2011-08-18,21.8522,26.5114,0.9285 
2011-08-19,19.4757,27.4836,0.2001 
2011-08-20,18.8933,28.7023,2.1429 
2011-08-21,17.6600,23.4179,4.9080 
2011-08-22,13.0673,21.8543,0.0452 
2011-08-23,17.8083,26.0058,0.1203 
2011-08-24,18.4572,30.5762,7.3933 
2011-08-25,17.1244,23.6097,7.1612 
2011-08-26,16.8409,24.5338,2.4019e-04 
2011-08-27,18.8046,26.1183,0.0345 
2011-08-28,16.0620,24.0274,0.0078 
2011-08-29,16.5158,23.0637,1.8589e-04 
2011-08-30,18.7134,23.8434,9.3259e-04 
2011-08-31,19.8461,26.0266,0.0203 
2011-09-01,21.1358,30.2341,0.0216 
2011-09-02,24.9821,32.1389,0.0356 
2011-09-03,25.0711,32.3701,0.3089 
2011-09-04,18.8485,31.1408,7.8410 
2011-09-05,13.7140,21.3708,0.0399 
2011-09-06,11.3410,16.8103,0.0052 
2011-09-07,13.3122,16.9317,15.2348 
2011-09-08,14.6431,19.5427,17.6421 
2011-09-09,16.2561,21.4089,5.8844 
2011-09-10,17.8496,22.5536,24.7153 
2011-09-11,17.0958,23.3738,1.7526 
2011-09-12,16.5810,26.4761,0.1909 
2011-09-13,20.2468,25.4734,0.0350 
2011-09-14,12.0215,21.4671,2.8657 
2011-09-15,6.2769,13.6523,3.0766 
2011-09-16,7.6908,13.5289,1.7951e-05 
2011-09-17,11.1449,16.3654,0.0000 
2011-09-18,11.4070,18.5986,0.0164 
2011-09-19,15.4696,17.9753,24.8587 
2011-09-20,13.6670,18.3182,0.3069 
2011-09-21,14.1868,22.2539,0.0838 
2011-09-22,14.1883,20.6707,0.0304 
2011-09-23,12.2354,18.7832,14.0568 
2011-09-24,10.2900,16.9210,0.1274 
2011-09-25,13.2222,20.5923,0.0915 
2011-09-26,16.5583,19.6217,23.9615 
2011-09-27,13.6153,17.5423,0.3937 
2011-09-28,13.1332,15.7234,5.1099 
2011-09-29,10.5723,16.7892,2.3976 
2011-09-30,7.0730,14.6409,5.5994 
2011-10-01,6.1402,10.8904,1.8952 
2011-10-02,4.2380,13.6164,0.0264 
2011-10-03,7.3262,16.8535,0.1924 
2011-10-04,9.6864,20.1844,8.5676e-04 
2011-10-05,15.1710,21.5697,0.0158 
2011-10-06,12.7899,21.4690,0.0140 
2011-10-07,14.2161,22.4381,0.0107 
2011-10-08,16.0547,23.5551,0.0160 
2011-10-09,17.2447,23.7423,9.9541e-06 
2011-10-10,16.7747,22.5522,1.7591e-05 
2011-10-11,15.8999,22.1839,0.0147 
2011-10-12,14.3030,19.4921,1.5457 
2011-10-13,13.0929,17.4809,0.6049 
2011-10-14,11.2535,16.2022,5.7498 
2011-10-15,7.7464,11.1327,3.1105 
2011-10-16,8.8204,14.9141,0.3196 
2011-10-17,6.7856,13.0178,0.0168 
2011-10-18,5.9928,12.8106,0.6676 
2011-10-19,7.5414,11.9074,15.0995 
2011-10-20,5.2540,11.4137,23.3268 
2011-10-21,4.8044,9.8803,0.5569 
2011-10-22,3.8440,11.4794,0.0415 
2011-10-23,6.9330,14.6501,4.5157e-05 
2011-10-24,10.1435,13.7709,5.1328 
2011-10-25,7.1173,16.4727,0.7035 
2011-10-26,9.8132,16.6086,1.8716 
2011-10-27,4.1294,9.1494,4.2848 
2011-10-28,2.5940,8.5527,0.0330 
2011-10-29,5.0918,8.2384,0.9797 
2011-10-30,2.7245,8.8128,0.1240 
2011-10-31,6.7976,9.2204,0.9492 
2011-11-01,5.7141,12.4986,0.0108 
2011-11-02,7.0407,15.8451,2.2947e-05 
2011-11-03,7.6410,14.9726,0.0035 
2011-11-04,2.4235,9.2465,0.0011 
2011-11-05,2.4105,8.8491,3.8634e-04 
2011-11-06,4.6478,14.6501,0.0000 
2011-11-07,9.6913,14.6799,0.2559 
2011-11-08,10.9573,17.9619,2.1755 
2011-11-09,11.1685,16.8427,8.3534 
2011-11-10,3.2841,9.3058,0.8090 
2011-11-11,-1.0181,4.4200,0.0491 
2011-11-12,1.8247,13.2132,2.3828e-05 
2011-11-13,9.9401,16.1110,0.0013 
2011-11-14,8.1466,16.8251,14.1363 
2011-11-15,6.3274,11.7511,0.0373 
2011-11-16,3.4367,10.4086,0.0138 
2011-11-17,-1.9211,2.5272,0.1516 
2011-11-18,-4.2006,5.4897,0.0370 
2011-11-19,3.0271,9.8812,0.0033 
2011-11-20,6.7442,13.7100,0.0278 
2011-11-21,-0.4082,5.5746,0.0057 
2011-11-22,-0.4004,4.8233,13.6272 
2011-11-23,2.3279,7.3491,26.2515 
2011-11-24,1.3776,8.4372,7.6248e-06 
2011-11-25,4.7117,11.0781,8.5454e-06 
2011-11-26,7.8842,14.0125,0.0280 
2011-11-27,6.1309,13.7687,17.7659 
2011-11-28,-0.6086,5.3255,2.6689 
2011-11-29,3.3149,4.3884,58.6584 
2011-11-30,-2.3090,3.2078,5.8009 
2011-12-01,-3.5945,1.1760,0.0584 
2011-12-02,-2.3792,1.3211,2.3251 
2011-12-03,0.0675,7.4869,0.2829 
2011-12-04,6.2770,9.8785,10.3993 
2011-12-05,0.6999,9.5723,9.0735 
2011-12-06,-0.4437,1.2001,3.3828 
2011-12-07,-6.2003,0.5908,0.1398 
2011-12-08,-5.9115,0.7762,0.0033 
2011-12-09,-3.1613,-0.5401,1.0864 
2011-12-10,-9.3179,-3.7000,0.0086 
2011-12-11,-9.6912,-0.4183,0.0011 
2011-12-12,-4.5543,2.0315,0.0011 
2011-12-13,-1.0822,4.1161,0.1407 
2011-12-14,2.2626,9.6942,11.7575 
2011-12-15,5.5300,14.1809,11.4574 
2011-12-16,-1.4715,4.7735,0.2989 
2011-12-17,-4.4330,-0.6899,0.9946 
2011-12-18,-2.6094,1.6410,0.5539 
2011-12-19,0.7228,8.0635,0.0634 
2011-12-20,-1.6391,5.9176,0.0304 
2011-12-21,0.9493,8.4034,2.5269 
2011-12-22,1.7825,5.9638,0.3837 
2011-12-23,-4.8871,3.8373,1.5911 
2011-12-24,-2.8899,0.6158,0.4483 
2011-12-25,-1.7268,5.3810,0.0067 
2011-12-26,-3.3133,4.6267,6.6753e-04 
2011-12-27,0.0900,3.3731,10.1077 
2011-12-28,-6.7565,0.6793,0.6903 
2011-12-29,-6.2845,2.2609,1.5153 
2011-12-30,-1.1833,5.2402,6.6655 
2011-12-31,1.9271,7.0771,2.3768 
2012-01-01,0.6899,6.4487,0.5395 
2012-01-02,-3.6967,0.1415,0.9970 
2012-01-03,-9.4903,-4.0833,0.2194 
2012-01-04,-8.4985,1.1517,0.0062 
2012-01-05,-3.7039,2.5179,0.0038 
2012-01-06,1.1181,9.6204,8.5057e-04 
2012-01-07,0.8178,6.8682,0.0010 
2012-01-08,-1.9607,3.4269,0.0032 
2012-01-09,-2.2899,4.4024,3.5938e-05 
2012-01-10,-0.5307,6.2923,0.0011 
2012-01-11,1.1583,7.4446,0.0265 
2012-01-12,2.8822,4.7015,9.5746 
2012-01-13,-5.2879,2.4434,4.7297 
2012-01-14,-8.1130,-5.0067,1.1406 
2012-01-15,-10.4123,-6.3111,0.2201 
2012-01-16,-8.4362,3.0126,0.1099 
2012-01-17,0.0859,8.9493,23.1627 
2012-01-18,-9.3202,-0.9358,0.4534 
2012-01-19,-9.2647,-3.8937,0.8359 
2012-01-20,-15.4323,-9.3028,0.5774 
2012-01-21,-11.9499,-5.6825,4.4418 
2012-01-22,-7.7690,1.2069,0.1169 
2012-01-23,1.7992,11.2532,16.9069 
2012-01-24,-2.4670,2.8624,0.3976 
2012-01-25,-4.9250,-0.1234,0.0511 
2012-01-26,-2.6176,1.6153,0.9640 
2012-01-27,-0.6305,2.9495,9.2353 
2012-01-28,-2.4721,1.6358,1.8064 
2012-01-29,-4.3170,-1.0001,2.4546 
2012-01-30,-7.5662,1.4702,0.0908 
2012-01-31,2.6513,10.7072,0.0079 
2012-02-01,1.4766,11.0767,0.0527 
2012-02-02,-0.0316,5.3119,0.0367 
2012-02-03,1.0002,6.5511,1.9264e-04 
2012-02-04,-0.5089,5.8911,0.0011 
2012-02-05,-0.7830,5.6662,0.0035 
2012-02-06,-3.6102,7.4320,0.0028 
2012-02-07,-4.2651,5.4740,0.1686 
2012-02-08,-6.5331,1.0208,0.0042 
2012-02-09,-6.0658,2.8572,0.0012 
2012-02-10,-6.4027,0.8847,1.0956 
2012-02-11,-11.6471,0.1325,10.4673 
2012-02-12,-9.3134,-1.9147,0.1784 
2012-02-13,-7.6331,-0.1599,0.0520 
2012-02-14,-3.4732,0.1953,2.0955 
2012-02-15,-4.4100,2.4647,0.1007 
2012-02-16,1.3613,5.6512,6.9962 
2012-02-17,-1.6970,4.4437,0.0244 
2012-02-18,-0.4278,2.9084,0.1858 
2012-02-19,-6.8597,0.7075,8.8367e-04 
2012-02-20,-6.0650,1.5393,0.0017 
2012-02-21,-4.0838,6.5981,3.7783 
2012-02-22,0.0522,6.3975,1.2405 
2012-02-23,-0.4524,4.7421,0.5706 
2012-02-24,-0.4157,2.8465,7.6249 
2012-02-25,-4.1697,-0.4180,0.1522 
2012-02-26,-6.7411,2.1180,0.0781 
2012-02-27,0.2713,3.2454,0.0047 
2012-02-28,-3.7307,2.0238,6.6694e-04 
2012-02-29,-0.4145,8.7225,17.2673 
2012-03-01,0.5926,8.4790,1.1755 
2012-03-02,0.7782,8.4038,8.0130 
2012-03-03,-1.0607,11.9051,5.7643 
2012-03-04,-6.5297,0.0454,0.3634 
2012-03-05,-9.6545,-1.8216,0.3597 
2012-03-06,-4.4204,10.7031,0.0157 
2012-03-07,8.6543,17.1301,5.6592e-04 
2012-03-08,4.4141,17.3099,3.1380 
2012-03-09,-1.6352,3.2708,0.1894 
2012-03-10,-7.6488,7.5953,0.0041 
2012-03-11,2.6994,15.9707,9.3551e-05 
2012-03-12,8.1662,16.4391,9.9740 
2012-03-13,8.8972,16.5263,6.2175 
2012-03-14,8.2729,22.7062,0.0019 
2012-03-15,14.5948,25.0404,0.9905 
2012-03-16,15.2591,21.8910,4.8121 
2012-03-17,12.8826,22.1210,0.0140 
2012-03-18,13.0483,21.8521,0.0385 
2012-03-19,12.2283,23.2160,0.0117 
2012-03-20,16.0867,23.9304,0.0014 
2012-03-21,15.6465,25.8674,0.0030 
2012-03-22,14.0521,27.1081,0.1626 
2012-03-23,14.1881,24.4517,0.4225 
2012-03-24,12.0786,18.6425,3.2915 
2012-03-25,10.9290,19.9390,0.2440 
2012-03-26,-0.6824,18.7317,0.0024 
2012-03-27,-3.5234,10.7832,0.0070 
2012-03-28,11.3131,15.2877,0.0590 
2012-03-29,0.3068,11.3680,0.0023 
2012-03-30,-2.2714,8.8169,24.7014 
2012-03-31,-1.7596,7.4243,0.2976 
2012-04-01,2.2928,13.4407,0.0287 
2012-04-02,1.3263,12.9047,0.0167 
2012-04-03,2.8228,17.4975,3.0109 
2012-04-04,4.5606,17.5205,0.0107 
2012-04-05,0.3260,9.8157,0.0031 
2012-04-06,0.4506,11.6057,2.6945e-05 
2012-04-07,3.4147,14.9718,0.0000 
2012-04-08,7.7504,13.8930,0.1719 
2012-04-09,6.3152,13.6525,0.0191 
2012-04-10,1.3797,9.6105,0.0692 
2012-04-11,1.5293,9.6653,0.0369 
2012-04-12,3.8386,12.1665,5.4967e-04 
2012-04-13,4.2368,15.0001,0.0011 
2012-04-14,8.3133,16.5142,1.7237 
2012-04-15,13.9236,23.0470,20.8686 
2012-04-16,13.7846,22.2709,0.2011 
2012-04-17,2.7431,12.3277,1.6234e-04 
2012-04-18,2.9101,12.4585,2.2660e-04 
2012-04-19,9.0141,20.1991,0.0658 
2012-04-20,11.6783,19.9270,3.9172 
2012-04-21,1.2425,9.1519,5.8436 
2012-04-22,0.9028,7.5480,2.2731e-04 
2012-04-23,3.2044,9.7050,3.9522e-04 
2012-04-24,5.0103,13.4887,2.1342e-04 
2012-04-25,5.2081,16.1956,0.0336 
2012-04-26,8.2687,14.2860,0.9249 
2012-04-27,0.5162,10.3790,1.4597e-05 
2012-04-28,2.6872,10.2819,0.1263 
2012-04-29,1.8596,13.8390,0.0046 
2012-04-30,5.4428,12.7327,14.7097 
2012-05-01,10.0184,17.8154,4.2322 
2012-05-02,10.6993,26.1407,0.2661 
2012-05-03,18.7130,29.3023,0.0962 
2012-05-04,17.9169,28.8240,8.7578 
2012-05-05,11.7874,19.7011,0.0052 
2012-05-06,8.6948,20.0376,4.1099e-05 
2012-05-07,11.2075,21.4001,14.2140 
2012-05-08,13.2258,20.6940,1.6284 
2012-05-09,12.3906,18.7501,1.3004 
2012-05-10,5.6759,15.3815,0.4463 
2012-05-11,9.9480,20.9960,0.0000 
2012-05-12,14.0781,22.7877,0.3284 
2012-05-13,12.7226,19.3196,2.6228 
2012-05-14,13.7496,21.6632,3.1544e-04 
2012-05-15,16.9202,25.0059,9.3310e-04 
2012-05-16,12.8992,24.2890,0.8503 
2012-05-17,9.5286,18.5421,0.0020 
2012-05-18,11.4775,20.8736,1.3145e-05 
2012-05-19,16.1133,26.0402,0.0000 
2012-05-20,19.8914,27.6486,2.3058e-05 
2012-05-21,19.3044,26.5868,1.8997 
2012-05-22,11.9399,21.8738,0.3204 
2012-05-23,11.9742,22.4283,2.8441e-04 
2012-05-24,16.5079,26.6093,8.5728e-08 
2012-05-25,21.7417,28.7404,3.0136e-04 
2012-05-26,17.5708,26.1008,7.4724 
2012-05-27,16.8687,28.4238,0.2745 
2012-05-28,22.3198,30.7800,0.0048 
2012-05-29,21.6454,30.4151,2.5005 
2012-05-30,15.7869,25.1989,3.5521e-04 
2012-05-31,9.1645,17.5688,0.1029 
2012-06-01,10.2952,16.2912,13.1612 
2012-06-02,7.1047,19.8951,0.4603 
2012-06-03,16.3782,23.1100,0.1163 
2012-06-04,11.9627,22.4138,0.0258 
2012-06-05,11.0738,18.3917,1.1242 
2012-06-06,13.5091,22.2756,0.0395 
2012-06-07,14.8305,24.3293,0.2015 
2012-06-08,16.7182,28.1467,3.6681e-04 
2012-06-09,21.2547,29.8211,0.0012 
2012-06-10,23.1059,29.7864,0.0000 
2012-06-11,22.0974,29.3685,0.5197 
2012-06-12,20.2828,24.5919,0.1549 
2012-06-13,10.7424,21.5188,0.0000 
2012-06-14,12.9599,23.6363,0.0000 
2012-06-15,16.4548,27.5688,1.5408e-05 
2012-06-16,21.1040,28.2854,6.1385e-04 
2012-06-17,20.1235,28.1336,5.4940 
2012-06-18,20.1493,30.8266,8.1828 
2012-06-19,23.4329,33.2173,0.1625 
2012-06-20,24.7944,33.0878,0.0500 
2012-06-21,24.1528,31.4067,0.7889 
2012-06-22,19.7824,24.8450,0.6907 
2012-06-23,17.2606,25.5148,0.0108 
2012-06-24,20.0584,28.1090,0.0559 
2012-06-25,16.1051,26.6605,0.0396 
2012-06-26,14.5703,25.2970,8.0232e-05 
2012-06-27,20.3483,30.2713,1.6046e-05 
2012-06-28,21.4258,35.0922,0.0167 
2012-06-29,25.6287,33.4823,0.0432 
2012-06-30,21.9795,31.9884,0.0169 
2012-07-01,22.3653,30.0609,0.0130 
2012-07-02,21.7216,30.5150,0.0096 
2012-07-03,24.2174,32.7165,16.5325 
2012-07-04,24.5565,34.4366,6.9889 
2012-07-05,24.8361,34.1879,20.3015 
2012-07-06,27.0713,34.1352,0.0702 
2012-07-07,28.2185,33.8613,0.2674 
2012-07-08,20.8830,29.0755,0.4709 
2012-07-09,18.1769,25.1865,0.0133 
2012-07-10,18.0891,25.4531,0.0099 
2012-07-11,18.1824,26.5037,4.9717e-06 
2012-07-12,21.4336,29.4679,1.5174e-04 
2012-07-13,24.1240,30.1904,0.0465 
2012-07-14,21.4310,29.6976,0.0071 
2012-07-15,21.5793,30.0461,0.1120 
2012-07-16,24.0546,31.9859,0.0174 
2012-07-17,26.7860,35.2869,0.0023 
2012-07-18,24.4276,34.9065,2.4887 
2012-07-19,19.7024,29.0588,6.4006 
2012-07-20,16.7601,23.0786,0.8842 
2012-07-21,17.5548,28.9664,0.0016 
2012-07-22,23.7951,30.7926,0.1049 
2012-07-23,24.2288,32.9852,0.2091 
2012-07-24,23.7161,32.2291,0.0018 
2012-07-25,18.2213,30.2324,4.3287e-04 
2012-07-26,24.4893,30.7712,4.9898 
2012-07-27,19.7587,25.6961,8.2540 
2012-07-28,17.3770,25.9861,1.8521 
2012-07-29,18.6961,26.2862,0.0907 
2012-07-30,22.1428,28.6460,0.7771 
2012-07-31,21.8020,28.4287,2.1488 
2012-08-01,20.2294,27.9410,6.1821e-04 
2012-08-02,22.0951,30.6860,0.0331 
2012-08-03,21.8624,31.4559,0.0109 
2012-08-04,24.3920,30.9008,0.6787 
2012-08-05,21.0828,28.4061,4.0021 
2012-08-06,16.6002,26.1961,0.0012 
2012-08-07,20.8332,30.2693,0.0043 
2012-08-08,22.2126,29.0232,0.0855 
2012-08-09,19.4864,28.1360,14.2443 
2012-08-10,16.3479,20.6704,15.9282 
2012-08-11,15.1418,19.6642,2.4236 
2012-08-12,13.4792,24.1188,0.0300 
2012-08-13,19.2754,24.6415,0.3426 
2012-08-14,16.7145,23.1830,11.9441 
2012-08-15,18.1795,23.3862,0.1558 
2012-08-16,19.1848,27.1498,0.1854 
2012-08-17,16.6222,21.8417,0.6620 
2012-08-18,13.0328,22.1519,0.0012 
2012-08-19,17.5369,22.7014,0.0179 
2012-08-20,16.0642,22.3756,0.0746 
2012-08-21,17.2632,23.0166,0.7957 
2012-08-22,18.3314,24.6705,0.0649 
2012-08-23,20.2718,27.0589,1.0091e-04 
2012-08-24,21.5945,28.4193,0.0396 
2012-08-25,22.7268,30.0232,0.0000 
2012-08-26,21.2378,28.8162,1.1142e-04 
2012-08-27,20.4125,27.5119,13.3353 
2012-08-28,16.2409,25.9492,0.0183 
2012-08-29,15.8642,25.6224,0.0342 
2012-08-30,17.5585,27.7371,0.0312 
2012-08-31,20.6703,31.7304,2.7332e-07 
2012-09-01,20.3292,30.5073,0.0578 
2012-09-02,20.3269,25.6364,0.1038 
2012-09-03,20.5685,28.5811,0.1072 
2012-09-04,21.4166,26.8263,23.1885 
2012-09-05,20.0628,26.6378,0.2875 
2012-09-06,17.7475,26.0689,0.5689 
2012-09-07,19.7881,25.9304,0.0770 
2012-09-08,13.8688,19.4735,13.1261 
2012-09-09,12.7199,18.8048,0.0405 
2012-09-10,12.7587,21.1376,0.0029 
2012-09-11,14.4649,23.6318,0.0271 
2012-09-12,16.5645,26.3700,0.0000 
2012-09-13,17.8143,26.5905,0.0052 
2012-09-14,12.0802,25.4614,12.0806 
2012-09-15,12.5317,19.9858,0.0033 
2012-09-16,14.8310,23.3634,0.0370 
2012-09-17,15.7645,23.2323,6.3863e-04 
2012-09-18,13.6600,22.6231,4.3656 
2012-09-19,6.5266,16.2055,0.2010 
2012-09-20,12.2936,20.4643,2.9155 
2012-09-21,13.5371,19.0673,0.0527 
2012-09-22,9.6637,13.6857,4.7547 
2012-09-23,5.7688,11.9964,0.1873 
2012-09-24,4.9522,14.7919,0.0095 
2012-09-25,9.6454,19.3053,0.0106 
2012-09-26,13.0225,19.9133,0.1870 
2012-09-27,10.4410,18.5123,0.0302 
2012-09-28,10.9254,18.3042,0.0031 
2012-09-29,12.1248,18.9820,0.0269 
2012-09-30,9.6927,17.4352,0.0038 
2012-10-01,10.0925,16.4606,0.0337 
2012-10-02,12.7056,19.0780,2.3229 
2012-10-03,15.0453,18.5170,1.1838 
2012-10-04,11.6840,22.2923,0.0174 
2012-10-05,7.6690,21.2584,1.9164 
2012-10-06,3.7462,9.2787,3.0877 
2012-10-07,2.6882,8.8072,0.1812 
2012-10-08,2.2218,9.4473,0.1371 
2012-10-09,3.6780,13.5442,0.0496 
2012-10-10,5.6165,12.8133,2.7743 
2012-10-11,0.9801,13.2715,5.9268e-04 
2012-10-12,2.7258,12.3021,0.2078 
2012-10-13,4.7250,15.8878,4.5111 
2012-10-14,15.2193,19.6165,16.1994 
2012-10-15,7.9097,16.2326,1.4488 
2012-10-16,4.1339,11.4234,0.0021 
2012-10-17,10.6358,19.9434,0.7473 
2012-10-18,11.3451,19.1417,10.0748 
2012-10-19,8.4565,11.6247,1.4618 
2012-10-20,6.9403,11.2974,3.8188 
2012-10-21,5.7323,13.3403,0.1016 
2012-10-22,10.1710,19.2315,0.0019 
2012-10-23,15.9856,18.7740,9.2183 
2012-10-24,14.0163,21.4340,0.8111 
2012-10-25,15.0022,21.7722,7.9465e-04 
2012-10-26,7.3201,20.9844,1.4750 
2012-10-27,6.0694,10.0194,0.0120 
2012-10-28,3.7045,8.3123,0.0055 
2012-10-29,4.8601,6.2873,0.3813 
2012-10-30,3.4441,6.9599,5.2091 
2012-10-31,3.7507,6.2368,1.2811 
2012-11-01,3.4586,7.9531,0.2658 
2012-11-02,-0.2296,6.0766,0.1757 
2012-11-03,-2.1511,6.0671,0.0190 
2012-11-04,-1.5229,5.2708,1.7432e-04 
2012-11-05,-2.5296,4.1369,2.5322e-04 
2012-11-06,0.0237,4.9161,0.0138 
2012-11-07,-1.6877,7.0383,0.0257 
2012-11-08,0.8841,7.9478,1.3251e-04 
2012-11-09,1.2418,11.1811,0.0442 
2012-11-10,6.7557,15.9762,0.3070 
2012-11-11,11.9485,17.0166,0.0293 
2012-11-12,1.2423,16.4798,8.9359 
2012-11-13,-1.6524,2.2063,0.1344 
2012-11-14,-1.6609,3.2819,0.0016 
2012-11-15,0.1982,5.6931,6.7208e-04 
2012-11-16,3.0190,9.3570,5.3798e-06 
2012-11-17,3.6135,9.3661,7.1919e-04 
2012-11-18,4.0656,9.8539,0.0556 
2012-11-19,5.0047,9.9592,0.0217 
2012-11-20,6.1562,11.0734,0.2212 
2012-11-21,6.1910,13.3023,0.1524 
2012-11-22,5.7915,14.7886,0.0316 
2012-11-23,1.3977,13.7563,4.9274 
2012-11-24,-2.0887,1.5770,0.1290 
2012-11-25,-5.1208,3.4466,0.6530 
2012-11-26,-2.5414,2.2595,0.0230 
2012-11-27,-6.2112,0.4783,0.0013 
2012-11-28,-3.0922,3.3752,0.0054 
2012-11-29,-1.8777,7.1241,0.0018 
2012-11-30,1.5263,5.3906,0.0979 
2012-12-01,1.4330,12.6333,0.0517 
2012-12-02,11.9593,14.6756,4.7070 
2012-12-03,7.6752,15.9989,0.2121 
2012-12-04,7.7392,16.8497,4.9498 
2012-12-05,-2.5648,7.8416,0.0035 
2012-12-06,-2.4880,3.2183,6.9368e-05 
2012-12-07,2.7887,7.3605,1.6346 
2012-12-08,1.6402,6.0666,4.9952 
2012-12-09,-1.0888,3.2349,2.7415 
2012-12-10,-0.2033,6.1358,0.7021 
2012-12-11,-5.0226,0.0672,0.1393 
2012-12-12,-4.8789,3.7960,0.0218 
2012-12-13,-2.5196,5.2543,0.0000 
2012-12-14,-0.5956,6.6409,2.0989e-04 
2012-12-15,1.3475,5.3367,0.2578 
2012-12-16,5.2928,11.0009,8.3047 
2012-12-17,3.3985,8.5849,0.2077 
2012-12-18,0.2147,4.7362,0.1415 
2012-12-19,0.7002,5.3291,0.6481 
2012-12-20,1.7729,8.8407,9.4970 
2012-12-21,-2.2969,9.1686,5.7486 
2012-12-22,-3.6053,-0.2744,0.0910 
2012-12-23,-8.0760,0.2676,3.3975e-04 
2012-12-24,-6.2709,-0.7828,1.2406 
2012-12-25,-5.3868,-0.0824,0.3841 
2012-12-26,-3.9526,-1.4591,6.6041 
2012-12-27,-3.6220,-1.1017,5.3680 
2012-12-28,-6.5596,-3.6737,0.2110 
2012-12-29,-4.5485,-1.4963,3.0691 
2012-12-30,-7.7474,-2.5673,0.2955 
2012-12-31,-6.7459,0.6027,0.0279 
2013-01-01,-8.1197,0.0190,0.0317 
2013-01-02,-12.1998,-5.2933,0.0243 
2013-01-03,-12.6513,-1.2471,0.1509 
2013-01-04,-6.4246,-1.6470,0.1769 
2013-01-05,-8.1528,-1.4887,6.3919e-04 
2013-01-06,-3.3293,0.7957,1.3475 
2013-01-07,-6.3379,0.2317,0.1085 
2013-01-08,-5.0898,-0.0491,6.3181e-05 
2013-01-09,-1.1248,3.2482,0.1791 
2013-01-10,-1.1057,1.5682,0.0034 
2013-01-11,0.4039,13.3885,17.8881 
2013-01-12,8.0993,12.8066,0.0250 
2013-01-13,2.5854,11.2740,20.1882 
2013-01-14,-6.9847,3.1575,0.9760 
2013-01-15,-7.4773,-2.4797,4.3051e-05 
2013-01-16,-6.2169,0.3376,4.0922e-04 
2013-01-17,-3.2299,0.5383,0.0199 
2013-01-18,-10.5058,0.1746,0.0666 
2013-01-19,0.8093,6.0684,0.0334 
2013-01-20,-7.2294,7.0641,0.1368 
2013-01-21,-12.4991,-7.4244,2.3498 
2013-01-22,-16.8493,-12.0123,0.1031 
2013-01-23,-17.0415,-9.6006,0.3274 
2013-01-24,-14.4632,-7.8571,0.8627 
2013-01-25,-12.7463,-7.3285,1.6006 
2013-01-26,-9.7771,-3.6995,1.1949 
2013-01-27,-7.6644,-3.8765,0.1969 
2013-01-28,-3.6990,5.8799,13.8129 
2013-01-29,1.3371,13.9796,13.8896 
2013-01-30,10.2250,15.7173,10.4568 
2013-01-31,-6.2222,10.2300,7.1193 
2013-02-01,-10.4419,-6.6823,0.1965 
2013-02-02,-13.7428,-5.7068,4.6064 
2013-02-03,-11.7193,-6.9760,0.5620 
2013-02-04,-13.2156,-6.7680,1.6201 
2013-02-05,-10.5128,-4.8603,0.3005 
2013-02-06,-10.8350,-3.4043,0.2590 
2013-02-07,-7.9321,-1.1426,0.0661 
2013-02-08,-4.5089,-0.1969,4.4452 
2013-02-09,-8.9944,-4.7478,0.0943 
2013-02-10,-8.9798,3.4112,0.0815 
2013-02-11,0.9614,7.6910,2.6375 
2013-02-12,-2.4528,0.8200,0.1329 
2013-02-13,-6.3186,2.6124,0.0188 
2013-02-14,-3.0910,5.4745,0.8168 
2013-02-15,-4.5033,3.6882,0.0955 
2013-02-16,-8.3619,-3.6326,1.5370 
2013-02-17,-13.1575,-5.8774,0.2877 
2013-02-18,-9.9013,4.0600,0.0075 
2013-02-19,-4.6984,6.3582,3.0310 
2013-02-20,-9.3166,-4.6579,0.1258 
2013-02-21,-11.3096,-3.5980,0.2892 
2013-02-22,-7.9634,1.9051,7.9854 
2013-02-23,-4.5240,1.6234,0.2697 
2013-02-24,-6.3124,1.2810,0.3449 
2013-02-25,-3.6301,1.6994,0.0067 
2013-02-26,-3.8778,1.0621,8.1036 
2013-02-27,0.2180,2.0664,25.3883 
2013-02-28,-1.0964,1.0110,3.7873 
2013-03-01,-3.9450,-0.3784,0.2195 
2013-03-02,-7.1648,-2.7775,0.3220 
2013-03-03,-11.5749,-3.2200,0.1991 
2013-03-04,-12.5526,-0.7627,0.0504 
2013-03-05,-8.4625,-0.0839,0.0054 
2013-03-06,-2.4551,3.3960,0.0049 
2013-03-07,-2.0596,2.7862,0.2528 
2013-03-08,-5.3718,3.7153,0.0090 
2013-03-09,-0.0510,4.6780,0.0021 
2013-03-10,2.9263,14.4423,0.3599 
2013-03-11,8.9007,13.3648,7.6698 
2013-03-12,0.3802,7.9033,0.6488 
2013-03-13,-3.8528,1.3127,1.1891 
2013-03-14,-7.3403,3.1110,0.0074 
2013-03-15,-3.4533,4.5496,0.7441 
2013-03-16,-3.7294,2.9874,5.6153 
2013-03-17,-7.3789,-1.2755,0.0589 
2013-03-18,-7.0122,2.5545,0.8693 
2013-03-19,-6.4068,2.7206,0.2805 
2013-03-20,-6.8784,-3.0332,0.1708 
2013-03-21,-10.3157,0.1346,0.2231 
2013-03-22,-6.8159,2.7597,0.0744 
2013-03-23,-4.8592,3.8575,0.0163 
2013-03-24,-3.5098,3.2340,6.3589e-04 
2013-03-25,-1.0225,2.5144,0.4123 
2013-03-26,-1.1048,5.1909,0.1341 
2013-03-27,-2.5208,6.4732,0.0377 
2013-03-28,-0.9850,9.2208,2.5430e-04 
2013-03-29,-1.6874,9.3406,7.9655e-04 
2013-03-30,2.1138,11.9127,0.0033 
2013-03-31,4.6153,13.7244,0.8915 
2013-04-01,-2.5818,11.7683,0.0907 
2013-04-02,-6.2712,3.2274,0.0494 
2013-04-03,-6.0667,4.6239,0.0018 
2013-04-04,-3.1366,11.4104,1.2489e-04 
2013-04-05,0.7259,11.0117,0.0075 
2013-04-06,-2.2802,10.8051,0.0118 
2013-04-07,11.3370,15.8039,0.0662 
2013-04-08,1.7062,14.9443,3.1404 
2013-04-09,2.7491,15.3293,0.4874 
2013-04-10,4.9198,12.9662,10.5566 
2013-04-11,2.5613,5.8281,24.8066 
2013-04-12,3.4256,7.3529,17.8792 
2013-04-13,0.8343,5.2114,0.6405 
2013-04-14,0.9995,8.2523,0.3007 
2013-04-15,6.4749,19.1698,0.0069 
2013-04-16,7.6883,18.9528,6.6706 
2013-04-17,4.5362,12.4566,1.2538 
2013-04-18,9.9588,23.5077,35.3519 
2013-04-19,3.1638,22.5737,8.7185 
2013-04-20,-1.2038,4.1366,1.4326 
2013-04-21,-2.3097,6.1946,0.0422 
2013-04-22,1.0476,14.1777,3.4971e-04 
2013-04-23,6.8463,20.4823,0.4644 
2013-04-24,0.8812,16.5273,20.3219 
2013-04-25,-0.2542,8.6727,4.2306 
2013-04-26,3.9696,12.5715,0.0154 
2013-04-27,6.5424,17.8062,4.9384e-04 
2013-04-28,9.8978,17.3098,6.2214 
2013-04-29,11.6141,19.0523,1.0641 
2013-04-30,12.0567,23.3189,0.6459 
2013-05-01,14.0315,24.6239,0.0013 
2013-05-02,14.1483,23.7823,0.0000 
2013-05-03,16.4607,21.6775,1.6686e-04 
2013-05-04,13.9109,21.2455,1.2147e-04 
2013-05-05,12.6010,20.0545,0.0000 
2013-05-06,11.7711,20.9849,0.0000 
2013-05-07,14.1678,21.8487,6.2115e-05 
2013-05-08,15.3250,22.3122,0.0614 
2013-05-09,17.7998,23.9894,0.1850 
2013-05-10,14.1980,23.3207,6.1908 
2013-05-11,4.2881,16.3832,0.6142 
2013-05-12,3.2098,8.0007,0.2528 
2013-05-13,-1.0883,10.2858,4.1459e-04 
2013-05-14,7.1539,23.2896,0.0716 
2013-05-15,16.9227,24.7161,0.1296 
2013-05-16,15.4589,25.5225,3.8214e-04 
2013-05-17,10.7010,24.6324,0.0058 
2013-05-18,13.5930,23.5548,0.0117 
2013-05-19,15.1173,26.8291,0.1091 
2013-05-20,18.1665,30.0840,0.1149 
2013-05-21,20.3672,26.6294,0.6393 
2013-05-22,18.8338,25.5975,1.9042 
2013-05-23,4.8842,24.7325,5.5883 
2013-05-24,3.4540,10.9966,0.7293 
2013-05-25,5.1300,15.4168,1.0430e-04 
2013-05-26,8.2503,17.7720,9.4688e-04 
2013-05-27,9.7363,17.0080,4.0368 
2013-05-28,11.0173,23.3733,25.6030 
2013-05-29,18.4578,26.6636,0.3367 
2013-05-30,20.0232,27.9015,6.0197 
2013-05-31,20.2655,26.9599,6.9786 
2013-06-01,19.4465,24.1544,5.3332 
2013-06-02,17.1268,20.8307,0.2301 
2013-06-03,7.0154,17.9773,0.0030 
2013-06-04,9.9892,19.5709,6.6089e-05 
2013-06-05,11.1957,20.0534,1.3864e-04 
2013-06-06,12.5489,19.4683,0.0110 
2013-06-07,11.3617,19.9461,0.0057 
2013-06-08,11.1065,20.1883,0.0028 
2013-06-09,15.4974,22.6611,0.1602 
2013-06-10,17.6727,20.6142,25.1678 
2013-06-11,16.9650,25.5980,1.1034 
2013-06-12,19.5549,25.3488,0.4787 
2013-06-13,15.1263,24.9103,38.9818 
2013-06-14,12.5732,20.9198,0.0194 
2013-06-15,14.5534,24.3245,0.2528 
2013-06-16,16.9693,26.0706,6.0069 
2013-06-17,18.9465,27.1715,0.1116 
2013-06-18,14.8242,20.4305,0.9849 
2013-06-19,9.8689,21.2966,0.0020 
2013-06-20,15.2904,24.4709,2.4707e-04 
2013-06-21,18.7987,28.1622,0.0025 
2013-06-22,21.0918,30.2415,4.5056 
2013-06-23,22.3511,29.7619,0.1545 
2013-06-24,22.1522,29.4421,0.0433 
2013-06-25,19.7213,29.2391,4.2557 
2013-06-26,18.8012,27.8261,8.0421 
2013-06-27,19.9592,27.6579,27.6465 
2013-06-28,17.5769,25.3239,8.5651 
2013-06-29,16.3016,20.1654,6.3779 
2013-06-30,14.3122,21.7577,0.7099 
2013-07-01,17.1404,23.2423,8.1309 
2013-07-02,16.6457,23.7690,6.1628 
2013-07-03,16.8503,26.2132,0.0309 
2013-07-04,19.0435,26.2261,0.1124 
2013-07-05,19.9922,26.0279,0.8505 
2013-07-06,21.7490,27.2017,1.0217 
2013-07-07,19.5401,26.3988,5.0205 
2013-07-08,21.2447,28.7200,7.8229 
2013-07-09,20.1812,28.9824,21.9449 
2013-07-10,20.4833,28.2526,8.4398 
2013-07-11,16.9550,25.0558,0.0046 
2013-07-12,14.1969,25.3810,4.1710e-05 
2013-07-13,18.8807,26.8274,0.0101 
2013-07-14,21.4912,28.6028,0.0396 
2013-07-15,24.0322,28.4840,2.3390 
2013-07-16,25.0496,31.0459,4.0474 
2013-07-17,26.3241,32.0525,0.1553 
2013-07-18,24.7613,32.7377,1.1388 
2013-07-19,24.9906,32.2365,0.5195 
2013-07-20,22.2800,28.4167,16.0000 
2013-07-21,18.6468,26.1849,0.1659 
2013-07-22,21.0176,26.9641,0.3592 
2013-07-23,19.7830,24.4423,8.7657 
2013-07-24,13.1854,22.7725,0.0120 
2013-07-25,13.8059,23.1083,0.0213 
2013-07-26,18.4827,24.2232,0.0383 
2013-07-27,16.4183,24.4032,8.9402 
2013-07-28,10.7894,16.9006,0.6576 
2013-07-29,12.9104,20.9198,0.1836 
2013-07-30,15.5380,23.9662,0.0012 
2013-07-31,19.7234,23.3210,2.0389 
2013-08-01,16.5298,23.0360,3.9653 
2013-08-02,16.8136,22.2668,0.1163 
2013-08-03,16.3253,23.2459,0.0132 
2013-08-04,13.5693,22.4465,8.7113e-04 
2013-08-05,15.4043,21.9557,0.0959 
2013-08-06,18.3538,25.0796,1.5457 
2013-08-07,19.8869,27.6239,0.4870 
2013-08-08,17.3121,25.8683,0.6887 
2013-08-09,16.9363,25.1335,0.0015 
2013-08-10,17.4644,24.8001,0.0022 
2013-08-11,18.0519,23.8648,5.5685e-04 
2013-08-12,17.4998,23.6613,19.2899 
2013-08-13,13.3964,18.4828,18.1656 
2013-08-14,9.7698,19.2580,1.4284e-04 
2013-08-15,14.3742,20.6073,0.0033 
2013-08-16,17.9537,23.2214,0.0199 
2013-08-17,18.3076,24.3394,0.0433 
2013-08-18,18.9073,25.1715,0.0156 
2013-08-19,19.7785,26.3046,0.0540 
2013-08-20,21.5512,28.0530,5.2281e-05 
2013-08-21,21.7350,28.4521,0.0060 
2013-08-22,20.9529,27.9337,0.3814 
2013-08-23,17.3582,27.3002,0.1629 
2013-08-24,17.4767,24.7385,0.0000 
2013-08-25,19.5943,28.7620,0.0087 
2013-08-26,21.6645,30.8505,0.1883 
2013-08-27,22.4101,30.1308,12.9329 
2013-08-28,21.2551,29.0874,10.0752 
2013-08-29,19.0893,28.4734,0.2023 
2013-08-30,22.5205,28.9132,0.0942 
2013-08-31,20.1767,28.4623,31.5329 
2013-09-01,18.9046,25.6797,0.2607 
2013-09-02,19.7607,25.5759,1.3418 
2013-09-03,12.2540,22.2415,0.0288 
2013-09-04,13.8605,25.1163,0.0051 
2013-09-05,12.6524,24.1603,0.0285 
2013-09-06,12.2257,21.5017,0.0042 
2013-09-07,16.6047,26.2271,0.6643 
2013-09-08,17.0798,26.0922,0.2110 
2013-09-09,16.1455,27.0804,2.4898 
2013-09-10,24.0504,31.2475,0.1108 
2013-09-11,24.3675,30.7509,3.2109 
2013-09-12,19.0500,26.3338,5.3316 
2013-09-13,10.9657,16.8806,0.8025 
2013-09-14,8.9445,18.1020,3.1758e-04 
2013-09-15,12.8862,17.1138,0.5274 
2013-09-16,10.2702,15.2857,0.5990 
2013-09-17,8.0398,17.6700,0.0215 
2013-09-18,13.5139,21.8233,3.9539e-04 
2013-09-19,17.0736,26.9962,0.0046 
2013-09-20,20.6235,26.5162,7.1409 
2013-09-21,14.7734,20.8928,10.8806 
2013-09-22,7.2906,15.3799,0.0094 
2013-09-23,7.5592,15.1029,7.1942e-05 
2013-09-24,10.3818,17.5941,0.0013 
2013-09-25,10.7923,19.1344,0.0212 
2013-09-26,13.0320,21.1324,0.0264 
2013-09-27,14.5825,20.5514,0.0248 
2013-09-28,14.4463,21.7670,0.0416 
2013-09-29,15.8910,21.0464,2.4886 
2013-09-30,15.0369,19.1431,1.0571 
2013-10-01,13.6790,22.9636,0.0510 
2013-10-02,16.2157,21.9752,0.0453 
2013-10-03,17.6551,23.4517,0.0839 
2013-10-04,18.8141,25.8340,0.3827 
2013-10-05,18.6018,24.7245,7.4589 
2013-10-06,15.4631,22.8672,10.1821 
2013-10-07,6.1886,15.0290,1.8568 
2013-10-08,10.3444,16.3595,0.1114 
2013-10-09,12.9801,17.7362,0.0709 
2013-10-10,12.4887,18.6168,0.0454 
2013-10-11,11.3182,19.7266,0.0093 
2013-10-12,13.9079,20.6982,0.0255 
2013-10-13,13.0422,18.5964,0.0103 
2013-10-14,8.0323,15.5449,0.0163 
2013-10-15,10.2233,18.6513,0.0281 
2013-10-16,13.3191,18.7751,1.8149 
2013-10-17,7.9474,12.9775,1.9531 
2013-10-18,7.0383,14.3028,0.6103 
2013-10-19,5.9364,12.2769,3.5238 
2013-10-20,2.5447,12.4913,0.8896 
2013-10-21,9.8660,11.9714,0.7463 
2013-10-22,2.0581,9.3719,0.1743 
2013-10-23,0.7655,6.7407,0.0305 
2013-10-24,-1.1049,6.6364,0.2101 
2013-10-25,-0.3781,7.3279,0.0191 
2013-10-26,3.3808,9.1193,0.3632 
2013-10-27,1.2687,9.4107,0.0412 
2013-10-28,2.4724,8.8176,0.0035 
2013-10-29,2.1457,8.8447,8.4271e-04 
2013-10-30,7.0837,14.1853,0.0093 
2013-10-31,10.9123,16.1450,35.0416 
2013-11-01,6.7766,16.7980,11.0201 
2013-11-02,4.9327,7.6648,3.9423 
2013-11-03,0.0920,4.9718,0.0918 
2013-11-04,1.5840,7.2329,0.0058 
2013-11-05,6.7805,14.3287,7.5449e-04 
2013-11-06,9.7533,13.1997,3.0715 
2013-11-07,2.3627,12.9845,0.6763 
2013-11-08,-1.2087,5.7010,0.7410 
2013-11-09,2.1688,12.0261,0.0658 
2013-11-10,4.1950,11.3192,0.2530 
2013-11-11,-0.3286,6.2401,4.2765 
2013-11-12,-4.9766,-0.3634,0.8652 
2013-11-13,-7.7322,0.9367,0.0024 
2013-11-14,-1.6092,6.1905,0.0000 
2013-11-15,3.8941,8.3601,2.5210e-05 
2013-11-16,2.3584,12.5907,0.0686 
2013-11-17,12.5687,16.6068,10.5733 
2013-11-18,1.2006,14.9931,11.9786 
2013-11-19,-2.6454,3.1205,0.0023 
2013-11-20,-1.1087,4.9516,2.6869e-04 
2013-11-21,4.0547,8.8465,1.4179 
2013-11-22,0.9482,7.7204,8.1637 
2013-11-23,-5.6141,0.4772,0.2145 
2013-11-24,-9.8715,-5.0633,0.0353 
2013-11-25,-9.0244,-1.1362,0.0502 
2013-11-26,-2.0465,1.2375,0.1689 
2013-11-27,-7.4775,0.4590,0.3104 
2013-11-28,-8.7800,-2.6712,0.9245 
2013-11-29,-5.5014,-0.5721,0.0369 
2013-11-30,-3.7711,4.9893,8.1280e-04 
2013-12-01,0.2103,6.8089,0.0117 
2013-12-02,-3.7663,3.8654,0.0221 
2013-12-03,-1.6650,4.8775,1.2953 
2013-12-04,4.5159,10.9416,0.5757 
2013-12-05,0.2490,14.8316,0.1004 
2013-12-06,-4.8464,-0.5917,5.1068e-04 
2013-12-07,-10.1473,-4.9245,0.0725 
2013-12-08,-10.7108,-3.1082,0.5101 
2013-12-09,-3.9721,-0.7450,2.1531 
2013-12-10,-10.0355,-4.6263,0.1852 
2013-12-11,-8.4754,-5.7066,0.5740 
2013-12-12,-16.0611,-9.2963,0.1342 
2013-12-13,-9.4723,-3.5735,0.0921 
2013-12-14,-7.2354,-4.0208,14.5015 
2013-12-15,-8.5845,-4.1562,4.0741 
2013-12-16,-13.5433,-7.8630,0.3872 
2013-12-17,-11.5610,-4.3303,2.5081 
2013-12-18,-7.5676,-2.0707,0.4220 
2013-12-19,-6.6642,3.4342,0.0125 
2013-12-20,0.1368,2.7339,4.7251 
2013-12-21,-0.0506,1.7785,10.5825 
2013-12-22,-0.1125,2.7435,26.2991 
2013-12-23,-5.0773,1.0703,0.6719 
2013-12-24,-10.7501,-3.5581,0.3272 
2013-12-25,-11.7005,-5.1975,2.0925 
2013-12-26,-5.1497,-3.0946,2.8964 
2013-12-27,-6.0194,0.3404,0.4609 
2013-12-28,0.5341,3.8954,0.0038 
2013-12-29,-0.5128,3.9793,0.1328 
2013-12-30,-13.3908,-1.8747,0.2083 
2013-12-31,-10.0311,-8.0810,2.2539 
2014-01-01,-11.8716,-8.5239,10.1042 
2014-01-02,-12.0936,-9.4024,8.0645 
2014-01-03,-19.8522,-10.9840,0.0784 
2014-01-04,-16.7427,-2.5490,0.0288 
2014-01-05,-3.5134,-1.3115,14.3073 
2014-01-06,-16.4943,-1.8609,9.0564 
2014-01-07,-21.8305,-16.9551,0.0476 
2014-01-08,-21.2395,-12.7670,0.0825 
2014-01-09,-14.8251,-10.3559,0.0226 
2014-01-10,-9.9885,2.2416,0.9782 
2014-01-11,0.6906,4.0558,13.4901 
2014-01-12,-2.1364,0.5170,0.0460 
2014-01-13,1.1093,5.3879,2.7974e-04 
2014-01-14,-4.4712,2.9595,0.0281 
2014-01-15,-5.0953,1.0884,0.4814 
2014-01-16,-11.1317,-3.3641,4.5936 
2014-01-17,-5.0173,-0.7927,4.9082 
2014-01-18,-11.6413,-4.7066,0.3461 
2014-01-19,-12.5590,-4.7552,0.2301 
2014-01-20,-8.4258,-0.0367,0.9166 
2014-01-21,-14.9078,-9.5238,1.1018 
2014-01-22,-18.8561,-13.6628,0.6693 
2014-01-23,-14.4889,-10.5235,1.2759 
2014-01-24,-20.7715,-13.1622,0.0362 
2014-01-25,-12.3944,-2.6299,7.0619 
2014-01-26,-16.1965,-6.0850,4.5672 
2014-01-27,-15.1123,-4.0191,2.5750 
2014-01-28,-21.0893,-15.9540,0.0367 
2014-01-29,-22.6332,-11.0581,0.0493 
2014-01-30,-14.2040,-6.2221,0.0325 
2014-01-31,-5.7737,-1.7529,1.7478 
2014-02-01,-5.0500,0.7366,14.8875 
2014-02-02,-6.8919,0.5973,3.0151 
2014-02-03,-9.9537,-6.2246,0.0037 
2014-02-04,-9.4303,-6.6880,0.0051 
2014-02-05,-9.1065,-6.0883,12.4476 
2014-02-06,-14.6897,-8.6326,0.1855 
2014-02-07,-16.7971,-12.0623,0.0454 
2014-02-08,-20.1378,-10.7466,0.2462 
2014-02-09,-12.6377,-7.0368,2.2413 
2014-02-10,-11.4283,-7.6182,0.1888 
2014-02-11,-15.7064,-10.1216,0.3378 
2014-02-12,-15.8662,-9.0519,0.0328 
2014-02-13,-11.5228,-4.7526,0.0024 
2014-02-14,-9.8037,-3.5354,0.8166 
2014-02-15,-13.1294,-4.8012,0.1603 
2014-02-16,-10.5778,-6.3385,1.7841 
2014-02-17,-16.5932,-7.0279,0.2240 
2014-02-18,-6.4031,-0.3225,10.5267 
2014-02-19,-0.3083,3.4291,0.2290 
2014-02-20,-2.7213,1.9806,19.3174 
2014-02-21,-2.0860,7.0273,5.5038 
2014-02-22,-4.7225,-0.5422,0.0031 
2014-02-23,-9.0561,-2.1419,0.0058 
2014-02-24,-10.3882,-6.1629,0.2165 
2014-02-25,-11.7826,-5.9524,0.1690 
2014-02-26,-15.3079,-6.9946,0.2946 
2014-02-27,-14.7769,-10.0871,0.3835 
2014-02-28,-20.1034,-9.4068,0.0438 
2014-03-01,-9.7569,-1.5379,0.9429 
2014-03-02,-14.2189,-5.8192,9.8105 
2014-03-03,-20.4273,-11.8248,0.0036 
2014-03-04,-15.7030,-8.8455,0.0025 
2014-03-05,-11.7238,-6.8804,0.0560 
2014-03-06,-12.8505,-5.7896,0.0880 
2014-03-07,-8.2490,2.4759,0.0198 
2014-03-08,-3.3520,1.2291,4.4506 
2014-03-09,-8.9058,-1.3052,1.3844e-04 
2014-03-10,-0.9093,4.1823,0.0056 
2014-03-11,2.7612,7.0853,0.0870 
2014-03-12,-11.0031,3.9232,20.0193 
2014-03-13,-18.0576,-7.2492,0.0079 
2014-03-14,-7.8698,4.6060,0.1115 
2014-03-15,-1.4814,4.3933,0.0349 
2014-03-16,-13.6529,-1.5141,0.0604 
2014-03-17,-15.4649,-4.1935,0.0681 
2014-03-18,-7.2745,7.3942,0.0036 
2014-03-19,3.6780,7.4319,2.8593 
2014-03-20,-1.1449,3.4612,0.2436 
2014-03-21,-2.5485,4.6681,0.0151 
2014-03-22,0.3157,5.9423,2.5521 
2014-03-23,-10.8880,2.0255,0.0998 
2014-03-24,-9.9876,-1.9964,0.2015 
2014-03-25,-7.1934,-1.3733,0.6079 
2014-03-26,-10.0306,-1.1083,0.2235 
2014-03-27,-5.3483,5.1787,2.7844 
2014-03-28,4.7612,11.8163,1.5414 
2014-03-29,-3.4048,6.6328,0.0357 
2014-03-30,-4.7670,8.1364,8.5879e-04 
2014-03-31,0.9058,10.2798,0.0000 
2014-04-01,6.0087,14.2089,0.2924 
2014-04-02,0.3045,11.1094,0.0013 
2014-04-03,-1.4692,10.3895,6.9413 
2014-04-04,3.1169,13.5023,4.7448 
2014-04-05,-2.4082,7.1802,0.8966 
2014-04-06,2.0236,10.8379,0.0042 
2014-04-07,2.4580,10.5998,4.7385 
2014-04-08,2.5749,13.6244,6.3013 
2014-04-09,1.6192,12.2833,0.0053 
2014-04-10,7.1434,18.0776,0.1063 
2014-04-11,8.4968,16.7029,0.2060 
2014-04-12,11.0201,20.3300,0.0161 
2014-04-13,17.0406,24.1454,0.3924 
2014-04-14,10.5183,22.9053,0.2438 
2014-04-15,-5.0941,9.2651,8.4521 
2014-04-16,-4.9991,2.4039,0.2016 
2014-04-17,-1.7468,15.6959,8.6601e-05 
2014-04-18,8.4515,15.7557,0.1049 
2014-04-19,0.2671,14.4959,5.1052e-04 
2014-04-20,4.4747,19.3933,5.2941e-05 
2014-04-21,12.1358,22.9184,0.0021 
2014-04-22,9.1484,22.5757,1.0654 
2014-04-23,3.2559,10.7629,0.0038 
2014-04-24,2.1463,10.7549,0.0028 
2014-04-25,7.9818,14.0005,5.1414 
2014-04-26,5.7515,14.5585,0.0035 
2014-04-27,0.5513,10.9599,1.1752e-04 
2014-04-28,6.4460,11.7674,0.4360 
2014-04-29,9.7139,19.4240,18.7641 
2014-04-30,10.8906,16.7550,5.8943 
2014-05-01,6.7061,13.6726,0.8834 
2014-05-02,6.4754,13.7710,0.4137 
2014-05-03,7.7558,14.2826,1.4561 
2014-05-04,8.7039,12.9785,0.0702 
2014-05-05,5.1763,12.1545,0.4196 
2014-05-06,3.9657,14.4713,0.0051 
2014-05-07,8.3376,17.1251,11.3875 
2014-05-08,11.5051,27.4978,0.6163 
2014-05-09,19.1842,27.3023,1.1439 
2014-05-10,11.9181,21.7929,0.2239 
2014-05-11,14.0432,24.3142,3.1408e-04 
2014-05-12,19.2282,25.6534,24.3480 
2014-05-13,19.6339,25.8139,10.0928 
2014-05-14,11.4469,22.6853,8.9053 
2014-05-15,7.1824,15.5233,15.8564 
2014-05-16,-0.5601,11.4957,0.0219 
2014-05-17,3.1218,11.3822,0.1523 
2014-05-18,5.9024,16.3415,6.0017e-04 
2014-05-19,10.0964,18.9331,2.5943e-06 
2014-05-20,13.1517,23.1324,1.7620 
2014-05-21,17.2744,26.7913,2.6037 
2014-05-22,13.9615,26.3822,0.0011 
2014-05-23,9.2677,20.8443,1.5546e-04 
2014-05-24,13.7163,22.9022,2.4014e-05 
2014-05-25,17.9026,25.6427,1.8205e-05 
2014-05-26,19.1023,27.9883,6.5933e-05 
2014-05-27,20.9694,27.9656,6.0105 
2014-05-28,16.2962,22.2740,13.9616 
2014-05-29,11.4618,21.0445,0.2129 
2014-05-30,13.4544,24.4613,5.6446e-05 
2014-05-31,15.7970,24.2174,4.0460e-07 
2014-06-01,15.8420,25.6906,0.0000 
2014-06-02,21.5653,28.9393,2.6449 
2014-06-03,20.4724,24.1543,3.4480 
2014-06-04,15.8685,23.8359,5.4637 
2014-06-05,10.9036,22.0838,0.0188 
2014-06-06,12.9292,24.0759,2.0456e-04 
2014-06-07,18.9186,25.3522,7.8198e-05 
2014-06-08,15.3087,23.4556,4.3492 
2014-06-09,14.3976,24.0482,0.0075 
2014-06-10,17.1486,23.6415,0.0031 
2014-06-11,17.5081,23.4625,9.3846 
2014-06-12,18.2373,24.9568,2.0462 
2014-06-13,14.8670,25.3276,0.2078 
2014-06-14,9.7254,20.9258,3.4732e-04 
2014-06-15,14.0231,24.6436,0.0098 
2014-06-16,21.6319,29.0130,0.0078 
2014-06-17,22.6329,30.1394,0.6331 
2014-06-18,21.1780,30.2934,21.3951 
2014-06-19,18.3973,22.2606,20.9546 
2014-06-20,13.1532,22.3907,1.2047 
2014-06-21,15.0108,25.1606,1.9586 
2014-06-22,18.0739,25.8118,0.1435 
2014-06-23,19.3219,28.9890,0.3889 
2014-06-24,20.0360,25.2073,10.9272 
2014-06-25,16.9173,23.1032,2.8516 
2014-06-26,15.1761,22.7482,0.0281 
2014-06-27,18.6211,25.9678,0.0192 
2014-06-28,20.8597,29.3996,0.1132 
2014-06-29,21.8269,28.3105,1.1934 
2014-06-30,22.4286,29.3203,0.1645 
2014-07-01,23.8083,29.1749,12.1115 
2014-07-02,18.4003,26.0611,0.3066 
2014-07-03,13.8402,22.0336,1.2611 
2014-07-04,13.1755,22.1917,0.0266 
2014-07-05,18.1474,23.4411,0.0073 
2014-07-06,18.7475,27.1865,4.2993e-04 
2014-07-07,22.3342,27.4033,8.6169 
2014-07-08,20.1626,26.6823,11.6798 
2014-07-09,14.3928,22.0725,0.0456 
2014-07-10,16.6039,22.4451,0.0011 
2014-07-11,16.8655,25.3016,4.4226e-04 
2014-07-12,20.1683,28.3862,0.0347 
2014-07-13,21.9337,27.4495,2.5053 
2014-07-14,19.9338,26.3267,3.6012 
2014-07-15,14.2566,19.2100,1.0878 
2014-07-16,11.5877,19.3213,0.0656 
2014-07-17,13.8316,22.3572,0.0025 
2014-07-18,18.3338,23.4336,6.2063e-05 
2014-07-19,18.5593,22.3103,0.2069 
2014-07-20,17.1242,24.7879,0.0378 
2014-07-21,20.0022,27.9217,0.0074 
2014-07-22,21.7670,31.6033,1.8122e-04 
2014-07-23,19.9541,31.0026,0.4802 
2014-07-24,14.4298,21.8267,0.0013 
2014-07-25,17.2450,25.0586,0.0051 
2014-07-26,18.8253,27.1501,0.0581 
2014-07-27,19.2959,25.6561,19.7706 
2014-07-28,15.1285,19.8433,1.9092 
2014-07-29,11.0936,20.1723,2.7088 
2014-07-30,14.7499,21.6595,3.4080 
2014-07-31,13.3131,23.3957,1.7220 
2014-08-01,19.3752,25.4702,0.1314 
2014-08-02,18.3046,24.9917,0.1369 
2014-08-03,19.3592,25.8503,0.1147 
2014-08-04,20.7975,26.7434,1.7069 
2014-08-05,19.4706,25.2859,4.1797 
2014-08-06,16.0652,23.8651,0.9402 
2014-08-07,19.1179,25.6334,0.0012 
2014-08-08,16.5991,24.9413,5.2529e-05 
2014-08-09,17.0390,24.4244,0.0000 
2014-08-10,18.1178,26.8846,1.4008e-04 
2014-08-11,18.9697,26.0456,65.8599 
2014-08-12,18.4766,21.1584,9.9690 
2014-08-13,13.3941,21.7472,0.4169 
2014-08-14,11.9173,21.0003,0.0029 
2014-08-15,10.6502,22.8952,2.1203e-04 
2014-08-16,14.4608,27.4701,0.0298 
2014-08-17,18.3832,26.8101,7.8543 
2014-08-18,15.3706,23.9957,0.0400 
2014-08-19,18.3558,27.0162,7.7145 
2014-08-20,18.7331,26.2673,2.8758 
2014-08-21,19.2682,28.2389,2.4412 
2014-08-22,19.6768,27.8422,4.1422 
2014-08-23,19.6990,26.3920,0.0142 
2014-08-24,18.3215,25.4978,0.0067 
2014-08-25,20.1797,27.6073,0.0022 
2014-08-26,22.0239,30.9763,8.2049 
2014-08-27,15.9814,30.2168,1.6441 
2014-08-28,14.5312,21.8309,0.0016 
2014-08-29,15.5891,23.2151,0.0025 
2014-08-30,22.1032,28.8078,0.0527 
2014-08-31,19.7417,27.7927,1.0916 
2014-09-01,21.5462,26.4539,17.4636 
2014-09-02,19.9829,24.3317,4.6237 
2014-09-03,18.9884,24.7604,0.0112 
2014-09-04,19.9968,28.8679,2.3985 
2014-09-05,20.9146,30.4545,0.5979 
2014-09-06,15.5871,24.9574,12.1860 
2014-09-07,15.2072,21.3022,0.0013 
2014-09-08,17.2795,21.8759,2.6567e-04 
2014-09-09,17.6377,25.0791,0.0021 
2014-09-10,19.3562,24.0624,36.2606 
2014-09-11,11.7952,23.1684,1.6495 
2014-09-12,9.0074,16.0753,0.6838 
2014-09-13,10.2252,13.7532,9.7663 
2014-09-14,9.5452,15.5770,0.0087 
2014-09-15,11.9941,17.9646,0.2464 
2014-09-16,8.6041,17.0753,0.4473 
2014-09-17,10.8050,18.2157,9.3201e-04 
2014-09-18,11.4422,17.6270,0.0014 
2014-09-19,9.6356,16.8865,1.0523e-04 
2014-09-20,14.0304,23.9350,4.4910 
2014-09-21,13.0318,20.9556,16.1839 
2014-09-22,4.9394,14.7859,0.6282 
2014-09-23,10.4440,19.1704,1.4842e-05 
2014-09-24,14.1771,20.2963,2.7725e-06 
2014-09-25,14.1184,21.0424,0.0438 
2014-09-26,14.0948,21.8749,4.9192e-05 
2014-09-27,15.8341,21.8198,5.8796e-04 
2014-09-28,16.4585,21.1678,6.3028e-04 
2014-09-29,17.0859,23.4792,0.0090 
2014-09-30,10.2719,22.9038,6.9142 
2014-10-01,10.8579,17.9340,0.0357 
2014-10-02,14.0084,22.4345,1.3852 
2014-10-03,14.0506,22.4398,10.8472 
2014-10-04,5.1243,13.3469,4.0276 
2014-10-05,4.4862,10.1780,0.6607 
2014-10-06,7.1683,16.1910,1.6653 
2014-10-07,7.6775,14.6796,0.6231 
2014-10-08,8.4287,14.3092,0.1332 
2014-10-09,7.2212,13.4811,0.0041 
2014-10-10,4.6393,12.9975,5.3055e-05 
2014-10-11,5.4678,12.5495,5.2468e-05 
2014-10-12,7.5112,14.1618,0.0000 
2014-10-13,12.3276,20.6671,7.5163 
2014-10-14,17.6250,20.5689,10.6284 
2014-10-15,12.6807,17.5381,5.2648 
2014-10-16,11.9879,16.7477,0.4883 
2014-10-17,9.8262,16.8222,0.3391 
2014-10-18,6.8125,14.1784,1.2911 
2014-10-19,1.1009,8.4333,0.0622 
2014-10-20,7.6943,14.1404,1.4290 
2014-10-21,7.7620,13.6820,1.1915 
2014-10-22,4.6478,11.8105,0.0184 
2014-10-23,4.2061,12.6430,0.0014 
2014-10-24,7.8672,15.1404,0.0073 
2014-10-25,9.0673,17.7970,3.7102e-04 
2014-10-26,6.2376,13.1230,1.2761e-04 
2014-10-27,8.2416,21.6792,0.0645 
2014-10-28,14.0968,21.5979,6.4860 
2014-10-29,6.4649,13.2696,0.0283 
2014-10-30,2.9261,8.6187,0.0017 
2014-10-31,3.5299,8.2734,4.2792 
2014-11-01,2.1969,4.0434,1.2890 
2014-11-02,-3.2359,6.9150,3.6044e-04 
2014-11-03,0.9770,13.1852,3.5221e-04 
2014-11-04,11.4579,14.6374,1.3096 
2014-11-05,5.5287,12.1721,0.1592 
2014-11-06,5.7881,10.5960,2.2378 
2014-11-07,-1.1199,7.4841,1.0306 
2014-11-08,0.8176,6.6915,1.0312 
2014-11-09,0.2511,6.7597,0.0445 
2014-11-10,4.8968,13.1113,0.0145 
2014-11-11,10.4349,16.6621,0.3497 
2014-11-12,-1.4551,8.5025,0.1118 
2014-11-13,-3.7043,0.2352,0.3878 
2014-11-14,-7.4489,-0.0406,0.2387 
2014-11-15,-7.4155,-1.2673,0.4430 
2014-11-16,-4.0426,-0.3332,0.2745 
2014-11-17,-5.7031,-1.3396,2.0377 
2014-11-18,-9.6035,-6.3250,0.5554 
2014-11-19,-12.6052,-0.9725,2.6542 
2014-11-20,-5.6511,-1.5759,0.7671 
2014-11-21,-13.0222,-6.0382,0.0509 
2014-11-22,-8.8577,4.0690,2.0436 
2014-11-23,4.6200,10.0704,3.6888 
2014-11-24,2.5200,12.8954,25.6644 
2014-11-25,-2.8196,1.8785,0.0723 
2014-11-26,-5.9261,0.4401,0.0706 
2014-11-27,-4.0412,-0.1456,0.2111 
2014-11-28,-8.1845,-1.8280,0.5181 
2014-11-29,-3.4283,6.6284,0.4320 
2014-11-30,7.4712,14.3035,1.0072 
2014-12-01,-4.3834,10.5873,0.3683 
2014-12-02,-7.2274,0.4802,0.0119 
2014-12-03,-4.3049,2.1354,0.2387 
2014-12-04,-5.2211,-0.0275,0.0175 
2014-12-05,-2.6716,3.7454,0.0618 
2014-12-06,0.6163,4.1175,0.0267 
2014-12-07,-4.6592,0.8811,0.0016 
2014-12-08,-0.6619,4.5421,0.0027 
2014-12-09,0.9527,4.4362,3.9873 
2014-12-10,-1.7972,2.5085,0.0922 
2014-12-11,-7.7220,2.6739,0.0232 
2014-12-12,-3.9522,4.2732,0.0039 
2014-12-13,-3.1602,7.7265,0.0054 
2014-12-14,4.5157,10.0889,0.0185 
2014-12-15,6.3539,9.8330,0.0729 
2014-12-16,5.3363,8.2887,6.8135 
2014-12-17,-1.7411,7.3969,0.5039 
2014-12-18,-5.1413,0.3867,0.2885 
2014-12-19,-5.9825,-0.4172,0.1655 
2014-12-20,-5.1544,-0.8122,8.1247e-05 
2014-12-21,-3.3822,0.6211,0.0076 
2014-12-22,-2.6480,3.6081,0.0014 
2014-12-23,2.3697,9.6414,2.4662 
2014-12-24,5.0909,9.1972,15.9315 
2014-12-25,1.5079,4.1378,1.6809 
2014-12-26,-0.4434,6.5838,0.0050 
2014-12-27,3.1982,10.0137,0.8182 
2014-12-28,-1.8277,8.8782,0.1779 
2014-12-29,-5.2655,-0.7467,1.6941e-04 
2014-12-30,-9.4577,-4.1186,1.5529e-04 
2014-12-31,-11.7696,-7.5348,0.2204 
2015-01-01,-8.9004,-7.7858,0.0369 
