Meteorological forcing data for the Large Basin Runoff Model.      
eri, 11,   <- lake basin, subbasin            
yyyy-mm-dd, Tmin(C), Tmax(C), Prec(mm)                             
2010-01-01,-6.9284,-4.3393,0.6785 
2010-01-02,-10.6379,-5.9256,1.0298 
2010-01-03,-11.6935,-7.6964,1.7507 
2010-01-04,-7.4543,-5.8923,2.7751 
2010-01-05,-6.5738,-5.1823,2.5243 
2010-01-06,-5.7309,-3.2789,2.0178 
2010-01-07,-5.5688,-3.7181,2.5528 
2010-01-08,-8.2765,-4.8887,5.7861 
2010-01-09,-8.0717,-5.3915,0.6082 
2010-01-10,-9.7892,-6.0930,0.3542 
2010-01-11,-10.3439,-6.1065,1.8116 
2010-01-12,-7.1674,-4.4255,1.2518 
2010-01-13,-9.4870,-0.6956,0.2082 
2010-01-14,-5.2544,3.3903,9.8431e-06 
2010-01-15,0.3329,1.6820,0.1469 
2010-01-16,-0.1299,2.8492,0.0539 
2010-01-17,1.0741,3.8197,0.4481 
2010-01-18,-3.4511,2.8662,0.0636 
2010-01-19,-2.8318,-0.8884,0.2361 
2010-01-20,-3.9036,-0.8630,0.1274 
2010-01-21,-6.6977,3.5779,0.0029 
2010-01-22,0.4750,3.5331,1.9110 
2010-01-23,-2.1524,6.1380,0.0538 
2010-01-24,2.8248,7.6115,10.4556 
2010-01-25,1.0197,8.3567,12.2979 
2010-01-26,-4.9811,1.0956,7.3669 
2010-01-27,-9.0046,-3.2276,0.7013 
2010-01-28,-10.4792,-2.1234,3.1542 
2010-01-29,-13.3948,-9.7721,0.2079 
2010-01-30,-12.2222,-8.0782,0.0361 
2010-01-31,-11.9834,-4.5897,0.0022 
2010-02-01,-9.0229,-4.2159,0.1167 
2010-02-02,-6.2681,-0.0711,0.1148 
2010-02-03,-3.0181,-0.7209,1.5464 
2010-02-04,-5.4404,1.0887,0.1534 
2010-02-05,-3.0747,0.7775,0.5437 
2010-02-06,-6.1049,0.0101,4.4618 
2010-02-07,-8.2788,-4.8148,0.2835 
2010-02-08,-7.4869,-3.3346,0.0190 
2010-02-09,-6.5304,-0.3864,6.7182 
2010-02-10,-9.1428,0.6171,10.4128 
2010-02-11,-5.6696,-3.5347,2.2786 
2010-02-12,-6.4245,-3.7949,1.0528 
2010-02-13,-7.5250,-4.0653,1.2379 
2010-02-14,-5.3468,-2.9548,1.6522 
2010-02-15,-8.8044,-0.8710,0.5645 
2010-02-16,-6.8517,-3.0407,6.2579 
2010-02-17,-5.0247,-1.8368,1.6396 
2010-02-18,-2.2383,-1.1810,0.5539 
2010-02-19,-5.4873,-0.2595,0.0886 
2010-02-20,-5.9520,0.3717,8.9691e-04 
2010-02-21,-2.6325,2.8862,0.0033 
2010-02-22,0.0440,2.9609,6.6138 
2010-02-23,-2.3428,1.7013,0.4657 
2010-02-24,-4.2779,0.2943,1.0536 
2010-02-25,-6.0447,-1.2052,2.3574 
2010-02-26,-6.9067,-4.1207,5.5093 
2010-02-27,-4.0503,-0.0772,6.2102 
2010-02-28,-1.6400,0.6340,2.3491 
2010-03-01,-1.8121,0.4932,0.4274 
2010-03-02,-5.7450,0.1659,0.1335 
2010-03-03,-7.1456,-0.3954,0.0914 
2010-03-04,-7.3000,-0.4798,0.0470 
2010-03-05,-8.1549,-0.2436,0.0021 
2010-03-06,-8.9153,0.4415,0.0141 
2010-03-07,-2.2012,4.1956,0.0026 
2010-03-08,0.4587,5.3210,1.5280e-05 
2010-03-09,2.9019,9.2353,0.0010 
2010-03-10,3.5791,13.0237,0.4134 
2010-03-11,8.3685,14.5281,0.0012 
2010-03-12,7.9760,14.4548,0.4755 
2010-03-13,3.5593,9.8945,5.1382 
2010-03-14,1.8769,6.0083,9.4684 
2010-03-15,1.0274,3.7931,0.3843 
2010-03-16,2.2159,9.1884,0.0254 
2010-03-17,5.6509,11.4601,0.0000 
2010-03-18,6.0499,14.6295,1.6193e-05 
2010-03-19,5.7172,16.0964,4.4624e-06 
2010-03-20,6.9857,14.9995,0.0043 
2010-03-21,0.0165,11.1592,0.0579 
2010-03-22,4.0965,8.3611,11.2626 
2010-03-23,1.9277,6.3190,10.1456 
2010-03-24,1.7851,10.5354,1.6076e-05 
2010-03-25,1.2865,9.0656,11.4755 
2010-03-26,-4.0861,0.4505,3.6810 
2010-03-27,-6.3911,9.7720,7.0335e-04 
2010-03-28,4.8166,9.9832,6.4453 
2010-03-29,4.0830,10.2087,1.8062 
2010-03-30,0.0364,8.4112,0.0050 
2010-03-31,5.6682,18.6507,0.0011 
2010-04-01,11.4327,24.3836,2.1502e-06 
2010-04-02,15.2944,27.1121,0.0000 
2010-04-03,14.7985,25.3162,3.2914e-05 
2010-04-04,9.8902,20.3890,6.4524e-06 
2010-04-05,14.8346,22.9377,0.1486 
2010-04-06,15.2154,25.7357,0.0500 
2010-04-07,19.7128,24.9836,0.0103 
2010-04-08,8.0415,24.3060,4.2266 
2010-04-09,-0.1905,6.9615,0.3452 
2010-04-10,1.5168,16.4425,0.0196 
2010-04-11,9.4075,16.0159,0.0041 
2010-04-12,6.1035,14.4552,2.3705e-04 
2010-04-13,5.8056,12.6741,7.3546 
2010-04-14,5.3096,17.7909,6.8841e-05 
2010-04-15,13.7280,25.6872,7.2345e-04 
2010-04-16,15.8583,24.6354,2.6780 
2010-04-17,3.4062,15.7577,0.0553 
2010-04-18,2.8272,8.2022,0.1266 
2010-04-19,3.5257,11.7891,0.0039 
2010-04-20,6.9796,14.9974,0.0000 
2010-04-21,8.8262,15.9698,8.6666e-06 
2010-04-22,4.8354,15.0832,0.0064 
2010-04-23,5.8005,16.4494,1.2503e-04 
2010-04-24,8.7450,19.4675,2.1232 
2010-04-25,13.8308,19.0296,18.5563 
2010-04-26,8.7451,13.7189,12.1068 
2010-04-27,2.4374,10.5563,0.0055 
2010-04-28,1.1622,10.2626,3.4037e-05 
2010-04-29,6.9303,17.0115,6.6343e-04 
2010-04-30,11.6682,25.1473,9.5923e-04 
2010-05-01,16.9704,25.9189,0.0284 
2010-05-02,18.0163,23.8957,0.6723 
2010-05-03,16.8328,21.3503,1.7326 
2010-05-04,12.7757,20.7303,0.4740 
2010-05-05,14.4970,25.2008,0.3302 
2010-05-06,11.3127,16.8771,9.6124 
2010-05-07,9.0542,25.7221,0.0489 
2010-05-08,6.7577,18.8275,12.5008 
2010-05-09,2.3711,7.1850,4.3896 
2010-05-10,4.5371,11.8960,0.0030 
2010-05-11,5.9654,12.1913,12.0471 
2010-05-12,8.9759,15.2737,4.6276 
2010-05-13,5.7350,22.3448,0.5849 
2010-05-14,16.5309,20.6782,8.9263 
2010-05-15,10.3952,17.9911,3.2375e-04 
2010-05-16,9.3534,18.3504,0.0019 
2010-05-17,12.2063,17.3846,4.9045 
2010-05-18,10.8868,17.5639,10.9621 
2010-05-19,7.7894,19.3890,0.1199 
2010-05-20,13.8898,23.3210,6.7311e-05 
2010-05-21,15.5426,22.8160,0.5107 
2010-05-22,15.6866,22.2959,7.6934 
2010-05-23,16.1410,25.0537,0.7706 
2010-05-24,16.2397,25.9754,0.0152 
2010-05-25,17.2363,26.5307,2.1749e-04 
2010-05-26,21.0806,27.0863,0.0085 
2010-05-27,21.0346,27.3005,0.0021 
2010-05-28,18.3656,25.3988,2.0722e-05 
2010-05-29,18.9772,24.9366,1.0048e-05 
2010-05-30,18.9513,27.0680,8.4894e-06 
2010-05-31,22.4167,27.2541,11.3874 
2010-06-01,18.8526,23.6216,16.3851 
2010-06-02,18.6115,26.6338,1.3917 
2010-06-03,17.6846,25.0954,0.2924 
2010-06-04,16.4507,25.7968,0.3874 
2010-06-05,18.7402,25.7452,1.7815 
2010-06-06,15.8855,23.0038,16.7876 
2010-06-07,11.3927,16.5940,3.7323 
2010-06-08,11.8342,19.7260,0.0249 
2010-06-09,13.5305,23.2839,12.4128 
2010-06-10,15.9767,22.9009,0.1105 
2010-06-11,16.6105,25.8124,0.0510 
2010-06-12,21.8372,27.3780,0.1077 
2010-06-13,21.4702,27.3688,1.7684 
2010-06-14,18.5408,25.2929,1.7476 
2010-06-15,18.4490,24.6053,2.3569 
2010-06-16,20.0300,24.3293,0.1014 
2010-06-17,15.7860,23.4961,4.6152e-04 
2010-06-18,17.4811,26.5529,2.5724e-04 
2010-06-19,21.4622,29.3219,0.0015 
2010-06-20,18.8315,25.5404,0.0097 
2010-06-21,19.0578,27.0341,7.5820e-04 
2010-06-22,19.3637,27.8074,7.3715 
2010-06-23,23.0464,30.0821,3.6281 
2010-06-24,21.2476,28.8953,5.3495 
2010-06-25,18.7607,24.6261,0.0595 
2010-06-26,20.2378,27.0446,0.0036 
2010-06-27,21.5395,30.0854,1.6352 
2010-06-28,19.9048,26.4785,17.9565 
2010-06-29,15.9560,22.9952,0.0912 
2010-06-30,14.6768,17.6250,8.2140e-07 
2010-07-01,14.5962,19.3401,4.8986e-04 
2010-07-02,14.6334,22.5101,7.5180e-05 
2010-07-03,19.2189,26.9399,2.6447e-05 
2010-07-04,21.6719,29.9110,0.0000 
2010-07-05,23.7762,30.8440,0.0020 
2010-07-06,26.6276,31.4616,0.0021 
2010-07-07,26.2961,31.4543,6.6999e-06 
2010-07-08,26.1905,31.2399,1.0997e-04 
2010-07-09,20.6096,29.9430,5.3298 
2010-07-10,19.6890,25.0617,0.2601 
2010-07-11,22.0357,27.5605,0.0093 
2010-07-12,19.7970,26.4140,1.4579 
2010-07-13,19.4219,25.0589,5.5407 
2010-07-14,20.5622,27.1921,0.0088 
2010-07-15,22.2741,29.3866,0.0997 
2010-07-16,20.7447,28.8272,0.4442 
2010-07-17,22.4652,29.8543,0.0180 
2010-07-18,21.1070,29.6693,0.2104 
2010-07-19,21.4635,28.8477,1.4852 
2010-07-20,18.6224,25.4203,1.4781 
2010-07-21,20.5662,27.4710,0.7315 
2010-07-22,21.1476,28.6644,0.3477 
2010-07-23,23.8649,31.8305,4.7199 
2010-07-24,26.5027,31.2297,21.8151 
2010-07-25,21.3466,28.7637,9.7447 
2010-07-26,18.9371,25.5476,0.0198 
2010-07-27,20.3212,28.4040,0.0032 
2010-07-28,22.3739,30.1285,0.1871 
2010-07-29,19.1113,26.7807,14.0459 
2010-07-30,18.8994,23.8291,7.3005e-05 
2010-07-31,19.7886,25.5194,0.0252 
2010-08-01,19.9589,26.6875,0.0045 
2010-08-02,19.2598,28.1256,0.0010 
2010-08-03,23.6453,29.2282,1.0802 
2010-08-04,21.7634,29.3617,0.7243 
2010-08-05,21.6202,27.3483,6.6694 
2010-08-06,20.1619,25.7392,0.8059 
2010-08-07,17.6770,23.9502,0.0224 
2010-08-08,20.2425,27.4455,4.1258e-04 
2010-08-09,23.2169,29.2605,8.1575e-04 
2010-08-10,24.7132,28.7758,0.0193 
2010-08-11,22.9992,29.4046,0.0928 
2010-08-12,20.0139,28.9096,3.6475 
2010-08-13,20.0226,28.6341,0.0084 
2010-08-14,22.4505,30.3587,3.1690 
2010-08-15,20.8267,28.8335,1.9690 
2010-08-16,20.4630,28.6089,0.1736 
2010-08-17,19.8166,25.0347,3.0089e-04 
2010-08-18,20.7010,25.3759,0.0090 
2010-08-19,19.8203,26.7431,0.0094 
2010-08-20,21.1901,28.3033,0.0078 
2010-08-21,23.5089,29.3423,4.1854 
2010-08-22,19.9241,22.2143,18.3603 
2010-08-23,18.7945,21.0447,0.5375 
2010-08-24,16.9538,23.8266,0.0625 
2010-08-25,18.9799,23.3280,0.0488 
2010-08-26,16.7609,21.7687,0.0679 
2010-08-27,14.9467,22.3201,1.1569e-04 
2010-08-28,17.9184,25.2880,2.9141e-04 
2010-08-29,21.6895,28.6930,1.7517e-04 
2010-08-30,25.1139,30.3359,1.5424e-07 
2010-08-31,23.9433,30.3433,0.0035 
2010-09-01,23.7129,29.2837,0.0017 
2010-09-02,24.7138,29.2268,1.6026e-05 
2010-09-03,17.7840,28.1559,4.2288 
2010-09-04,14.0499,20.2684,3.2774 
2010-09-05,12.7204,18.7234,0.0983 
2010-09-06,13.9098,24.1776,0.0088 
2010-09-07,18.7380,28.9153,1.2733 
2010-09-08,16.0024,21.0362,1.1095 
2010-09-09,13.4103,17.3956,0.0030 
2010-09-10,12.5127,18.9727,0.0078 
2010-09-11,12.1337,21.9570,2.9492 
2010-09-12,13.9444,19.1530,2.8044 
2010-09-13,14.8682,23.8236,0.2845 
2010-09-14,13.8226,22.3979,0.0014 
2010-09-15,12.8954,21.3556,0.0020 
2010-09-16,16.3280,22.0014,16.7615 
2010-09-17,12.3006,17.9174,3.3943 
2010-09-18,12.4023,23.4292,0.0042 
2010-09-19,15.0170,22.9418,0.0656 
2010-09-20,11.6015,19.1262,6.7354e-04 
2010-09-21,13.6022,26.8502,0.0142 
2010-09-22,21.4312,25.5324,1.5720 
2010-09-23,17.9774,28.8025,0.8052 
2010-09-24,23.5698,29.0905,0.0039 
2010-09-25,14.9117,24.6319,0.0012 
2010-09-26,9.8958,15.9382,0.0016 
2010-09-27,11.4341,16.1915,1.1496 
2010-09-28,12.9841,15.0064,25.1380 
2010-09-29,10.4851,17.8923,1.0564 
2010-09-30,14.3303,17.4931,0.0105 
2010-10-01,11.4683,16.2838,0.0056 
2010-10-02,9.3078,14.2508,3.1138 
2010-10-03,7.2014,10.5968,10.3294 
2010-10-04,6.0442,10.6312,1.2485 
2010-10-05,7.7929,9.8195,5.9165 
2010-10-06,9.1525,13.7293,5.2376 
2010-10-07,10.3989,15.7324,0.0301 
2010-10-08,11.1215,19.8100,0.0545 
2010-10-09,15.3071,21.1654,0.0012 
2010-10-10,13.4645,24.2763,0.0186 
2010-10-11,17.5206,24.1348,0.0761 
2010-10-12,11.0038,20.5914,0.0352 
2010-10-13,7.1896,17.5596,2.9035e-04 
2010-10-14,9.8536,16.3114,4.8052 
2010-10-15,8.0537,11.8113,3.1023 
2010-10-16,7.8550,13.6446,0.0124 
2010-10-17,8.8314,14.7905,8.0370e-05 
2010-10-18,7.5044,11.1125,1.0125 
2010-10-19,6.0869,11.1706,0.0454 
2010-10-20,5.8072,15.3798,9.4360e-04 
2010-10-21,8.1361,14.4728,1.0128 
2010-10-22,4.3905,10.8508,0.5225 
2010-10-23,7.5793,18.1872,0.0094 
2010-10-24,14.0679,21.4091,0.0036 
2010-10-25,16.0678,20.1431,1.3926 
2010-10-26,13.5551,23.4668,15.7708 
2010-10-27,9.0509,17.1963,1.4041 
2010-10-28,6.1474,15.3440,0.1493 
2010-10-29,5.1008,7.7208,3.1368 
2010-10-30,2.2408,11.6429,0.0035 
2010-10-31,4.9459,10.6319,0.0376 
2010-11-01,1.5087,6.1180,0.0727 
2010-11-02,0.3810,7.6084,8.2859e-04 
2010-11-03,2.7865,10.3900,0.0189 
2010-11-04,4.1863,8.9927,1.6233 
2010-11-05,2.7127,5.9033,9.6002 
2010-11-06,0.4856,3.0117,3.1626 
2010-11-07,-1.1842,6.6189,0.0848 
2010-11-08,0.5763,10.4713,0.0000 
2010-11-09,5.0609,12.5015,1.2564e-04 
2010-11-10,4.3757,13.1304,0.0114 
2010-11-11,5.9139,14.5114,6.6969e-05 
2010-11-12,8.6820,15.8958,1.9666e-04 
2010-11-13,9.4063,16.3448,7.4379e-04 
2010-11-14,7.6082,13.9167,2.1264 
2010-11-15,1.7443,9.3976,5.8130e-04 
2010-11-16,2.9641,9.6726,15.1545 
2010-11-17,5.5644,13.0715,9.2242 
2010-11-18,3.1731,6.7143,1.3144 
2010-11-19,0.4845,7.2428,0.3805 
2010-11-20,2.7179,7.2737,0.0035 
2010-11-21,1.4023,13.7128,0.0148 
2010-11-22,13.0972,16.5392,5.2424 
2010-11-23,2.7817,17.9997,3.3662 
2010-11-24,-1.1545,4.0793,0.0276 
2010-11-25,2.6314,13.5935,25.6235 
2010-11-26,-5.9649,13.7905,15.2065 
2010-11-27,-3.8606,-0.1536,0.5804 
2010-11-28,-4.7746,2.7237,0.0856 
2010-11-29,-1.8718,6.2215,0.0018 
2010-11-30,5.0819,12.7182,30.8534 
2010-12-01,-5.0732,9.5970,42.0044 
2010-12-02,-5.2563,-1.9680,0.6227 
2010-12-03,-6.0423,-1.6276,0.7857 
2010-12-04,-4.9548,-0.8369,0.9789 
2010-12-05,-4.2965,-1.7537,1.7713 
2010-12-06,-4.5829,-3.0716,2.3204 
2010-12-07,-5.7211,-4.1030,1.2637 
2010-12-08,-5.8944,-4.2668,1.8572 
2010-12-09,-7.6710,-3.7654,1.9226 
2010-12-10,-6.3435,2.9145,1.3322 
2010-12-11,-2.3119,3.9310,3.8341e-04 
2010-12-12,-3.3848,2.5922,12.6301 
2010-12-13,-7.6246,-2.5129,5.1979 
2010-12-14,-9.1107,-7.3971,2.0813 
2010-12-15,-8.0619,-5.5897,0.4911 
2010-12-16,-12.1297,-6.1557,0.2329 
2010-12-17,-8.6363,-3.3953,0.2327 
2010-12-18,-12.7108,-4.6028,0.0360 
2010-12-19,-11.7677,-5.1643,0.2964 
2010-12-20,-9.6321,-2.9205,0.7703 
2010-12-21,-5.3726,-2.0671,0.3445 
2010-12-22,-6.0764,-2.5258,0.2890 
2010-12-23,-3.0211,-2.0695,0.6838 
2010-12-24,-4.1187,-2.6134,0.4912 
2010-12-25,-4.6744,-3.0005,0.7778 
2010-12-26,-5.9675,-4.3342,1.3168 
2010-12-27,-7.1383,-4.0210,0.5703 
2010-12-28,-9.5307,-3.2761,0.0370 
2010-12-29,-8.1604,1.2231,0.0095 
2010-12-30,-3.0960,4.3306,0.7086 
2010-12-31,3.0641,9.4473,0.5323 
2011-01-01,4.2959,11.5948,10.3806 
2011-01-02,-9.5598,2.7267,0.2050 
2011-01-03,-9.9084,0.2588,0.0712 
2011-01-04,-3.0754,1.5924,0.0369 
2011-01-05,-6.2190,-1.7758,0.7380 
2011-01-06,-6.7870,-1.6351,2.5588 
2011-01-07,-8.6679,-2.5292,2.5292 
2011-01-08,-9.0263,-7.1950,2.9469 
2011-01-09,-9.1085,-5.8309,1.9624 
2011-01-10,-7.7411,-4.3870,0.3832 
2011-01-11,-7.3329,-3.4055,3.6970 
2011-01-12,-6.3711,-3.8791,4.0383 
2011-01-13,-7.7363,-5.8291,1.1975 
2011-01-14,-10.7490,-4.5711,1.2950 
2011-01-15,-5.5718,-0.9995,1.0368 
2011-01-16,-11.0403,-4.2512,0.2315 
2011-01-17,-13.1892,-0.7396,0.0053 
2011-01-18,-0.6583,3.2572,2.2424 
2011-01-19,-5.1012,2.2405,1.7145 
2011-01-20,-9.2852,-5.3508,2.6718 
2011-01-21,-12.5250,-6.0853,3.2944 
2011-01-22,-16.5949,-9.3957,0.1623 
2011-01-23,-13.4144,-9.6842,0.7298 
2011-01-24,-15.8139,-3.8724,0.8394 
2011-01-25,-3.5648,0.0878,0.4617 
2011-01-26,-5.6600,-1.1164,0.0093 
2011-01-27,-5.6225,-2.7694,0.8766 
2011-01-28,-5.1323,-2.7047,3.4999 
2011-01-29,-7.6632,-0.6732,2.2617 
2011-01-30,-5.6230,-3.0277,0.6347 
2011-01-31,-12.3648,-3.9171,0.0272 
2011-02-01,-4.6110,-1.3780,11.3558 
2011-02-02,-6.2910,8.5520,11.3482 
2011-02-03,-12.3012,-4.8487,1.0315 
2011-02-04,-11.1545,-1.3152,4.4403e-05 
2011-02-05,-4.0802,-0.3288,4.6874 
2011-02-06,-6.9567,-0.1984,0.8970 
2011-02-07,-1.4824,0.6421,2.2174 
2011-02-08,-11.6913,-1.5345,2.9340 
2011-02-09,-14.4335,-7.4814,0.0100 
2011-02-10,-16.3462,-9.6489,0.0668 
2011-02-11,-12.6069,-3.5958,0.0313 
2011-02-12,-3.9060,-2.3897,3.6470 
2011-02-13,-3.8693,5.3327,0.1465 
2011-02-14,-1.0508,5.7420,0.7830 
2011-02-15,-8.7716,1.0434,0.2564 
2011-02-16,-0.9661,5.9660,0.0071 
2011-02-17,6.1154,13.1786,0.0035 
2011-02-18,6.3618,14.1937,0.0215 
2011-02-19,-3.4327,5.4409,0.0078 
2011-02-20,-7.8733,2.7197,2.7148 
2011-02-21,-3.4394,0.0413,19.9240 
2011-02-22,-8.0757,-1.0864,2.7087 
2011-02-23,-6.2904,1.9730,0.0096 
2011-02-24,-1.9768,3.9774,0.7314 
2011-02-25,-3.7182,-0.9017,11.7619 
2011-02-26,-6.6819,0.5122,0.1179 
2011-02-27,-2.7379,5.4932,0.1590 
2011-02-28,-2.0737,8.9959,30.4274 
2011-03-01,-7.1999,2.8073,1.9608e-04 
2011-03-02,-5.4853,2.0511,0.0068 
2011-03-03,-11.2166,1.5225,0.0121 
2011-03-04,0.6837,6.5784,6.3634 
2011-03-05,6.6856,10.8857,20.1457 
2011-03-06,-3.8431,9.6305,12.3296 
2011-03-07,-10.2536,0.2601,0.0272 
2011-03-08,-4.0215,6.9731,0.0063 
2011-03-09,1.3393,7.9979,17.3648 
2011-03-10,3.8112,10.0543,13.9361 
2011-03-11,-2.1612,2.8864,11.5993 
2011-03-12,-1.9513,6.7703,0.1313 
2011-03-13,-1.5284,2.5086,0.2318 
2011-03-14,-6.1006,3.0509,0.1503 
2011-03-15,-1.5444,6.5356,4.2066 
2011-03-16,3.9981,8.8067,2.0050 
2011-03-17,3.9241,15.7253,0.0018 
2011-03-18,10.7719,16.8731,0.0031 
2011-03-19,0.9379,10.8687,0.0013 
2011-03-20,-2.4759,13.4774,0.4544 
2011-03-21,11.7599,15.2373,17.1242 
2011-03-22,0.5262,12.1152,0.2073 
2011-03-23,3.7543,9.6470,5.9105 
2011-03-24,-2.9894,5.7694,1.2435 
2011-03-25,-7.5039,-2.1332,0.1120 
2011-03-26,-10.0621,-1.7449,0.0312 
2011-03-27,-8.0858,-1.1311,9.3523e-05 
2011-03-28,-8.2731,-0.6244,0.0112 
2011-03-29,-4.6304,2.7391,9.2712e-04 
2011-03-30,-2.8722,3.2296,5.5757 
2011-03-31,-1.6380,1.8892,2.1935 
2011-04-01,-1.6565,4.8508,0.7182 
2011-04-02,0.0837,5.6641,0.6771 
2011-04-03,0.1594,7.8664,0.4091 
2011-04-04,6.0870,20.7868,22.3983 
2011-04-05,0.0259,10.9944,5.2528 
2011-04-06,0.0515,8.6718,0.8434 
2011-04-07,2.5821,12.0754,1.1566 
2011-04-08,5.3321,9.9298,12.4926 
2011-04-09,3.0755,17.5194,0.0494 
2011-04-10,10.0760,24.9048,0.0149 
2011-04-11,12.2015,24.2537,3.3464 
2011-04-12,5.8146,11.2419,0.4663 
2011-04-13,5.3454,11.8091,0.1900 
2011-04-14,9.6829,15.8325,0.0010 
2011-04-15,5.1541,20.1687,0.0096 
2011-04-16,9.8463,18.8829,14.6241 
2011-04-17,1.9752,10.1540,1.0767 
2011-04-18,1.9610,9.8325,1.5947 
2011-04-19,2.4651,11.5765,12.8628 
2011-04-20,8.4714,19.0074,15.8032 
2011-04-21,-0.0398,7.6706,0.1365 
2011-04-22,2.4135,9.4296,4.7719 
2011-04-23,10.2652,21.5846,10.1589 
2011-04-24,9.7266,17.1292,5.1187 
2011-04-25,11.5695,16.2453,14.1638 
2011-04-26,14.6631,22.6587,1.8691 
2011-04-27,16.7693,24.8194,0.3271 
2011-04-28,9.4216,20.0866,1.2774 
2011-04-29,3.7628,10.9829,4.1020 
2011-04-30,4.0014,16.7154,0.0055 
2011-05-01,13.7785,17.6253,4.0646 
2011-05-02,7.6520,17.3011,5.6803 
2011-05-03,4.9959,8.7364,19.8543 
2011-05-04,2.5564,8.6534,0.6202 
2011-05-05,4.9560,13.7147,9.6659e-05 
2011-05-06,8.7804,14.4826,2.4960 
2011-05-07,8.4769,16.9027,3.4025 
2011-05-08,10.6937,17.2330,0.0142 
2011-05-09,11.0654,18.7810,0.0000 
2011-05-10,10.6618,23.7176,0.0348 
2011-05-11,17.0437,27.1969,0.1455 
2011-05-12,17.7336,26.9689,9.9953 
2011-05-13,17.4860,23.1760,10.3945 
2011-05-14,15.7345,19.4689,12.0273 
2011-05-15,8.5383,19.3694,8.3488 
2011-05-16,6.1169,8.6251,1.4577 
2011-05-17,6.5755,15.2982,4.8972 
2011-05-18,13.1215,19.3332,14.4491 
2011-05-19,9.2917,18.0364,0.1685 
2011-05-20,13.0082,20.4555,0.0079 
2011-05-21,15.0958,24.4173,5.3294e-04 
2011-05-22,17.8205,28.1826,1.1450 
2011-05-23,17.4655,27.3422,3.9980 
2011-05-24,18.7044,22.2118,6.7262 
2011-05-25,13.6741,26.6749,1.5439 
2011-05-26,17.4972,22.7569,36.8804 
2011-05-27,15.3474,22.2914,3.9432 
2011-05-28,13.1687,23.7583,0.7251 
2011-05-29,18.9679,28.5185,2.7040 
2011-05-30,23.8543,29.9807,1.1462 
2011-05-31,25.2930,32.2857,7.6128e-04 
2011-06-01,24.2906,31.3850,8.8840e-04 
2011-06-02,15.0268,23.3103,6.4706e-05 
2011-06-03,11.1827,21.8506,3.9228e-04 
2011-06-04,17.0677,30.4986,0.0510 
2011-06-05,18.3000,29.0059,0.0699 
2011-06-06,19.2910,27.5092,0.0038 
2011-06-07,21.9616,31.1020,21.5008 
2011-06-08,23.5595,31.4133,1.4824e-04 
2011-06-09,23.8528,30.1093,0.0389 
2011-06-10,15.8837,27.5644,2.4313 
2011-06-11,17.9637,26.2730,1.7301 
2011-06-12,14.3905,20.2833,1.6207 
2011-06-13,12.8533,19.1123,5.5089e-04 
2011-06-14,11.9964,18.6063,0.0019 
2011-06-15,12.3520,23.7850,0.0017 
2011-06-16,16.8954,23.2196,3.0449 
2011-06-17,14.9467,24.4696,1.8125 
2011-06-18,17.4399,25.8364,0.9212 
2011-06-19,19.9184,25.8032,5.0536 
2011-06-20,18.7623,26.3653,6.2324 
2011-06-21,18.8552,29.4263,3.6395 
2011-06-22,21.0718,28.8530,5.6012 
2011-06-23,18.9114,25.9111,6.8697 
2011-06-24,16.7113,22.3517,4.4948 
2011-06-25,14.1396,20.1905,0.3569 
2011-06-26,18.2202,23.8691,0.0018 
2011-06-27,17.3546,25.7815,7.0392e-04 
2011-06-28,20.5642,24.6394,0.0017 
2011-06-29,15.9712,22.0408,0.0046 
2011-06-30,17.0858,25.1365,0.0000 
2011-07-01,19.4791,28.3136,9.5457e-04 
2011-07-02,20.2797,27.6826,1.6790 
2011-07-03,20.9697,26.8241,9.8615 
2011-07-04,20.8918,25.3740,0.0096 
2011-07-05,20.5484,28.4695,0.0068 
2011-07-06,22.9907,30.3309,0.0354 
2011-07-07,20.5859,28.5495,0.0043 
2011-07-08,18.3987,26.2126,0.8187 
2011-07-09,20.4162,28.1104,0.0078 
2011-07-10,23.1077,31.4008,1.2067e-05 
2011-07-11,24.4438,32.6966,3.5599 
2011-07-12,21.3590,29.2065,1.5404 
2011-07-13,18.9567,26.8622,0.0501 
2011-07-14,16.9799,25.1353,0.0204 
2011-07-15,20.6317,27.3014,0.0220 
2011-07-16,20.2881,27.9101,0.0022 
2011-07-17,21.3225,29.5078,9.3961e-04 
2011-07-18,22.1158,31.7703,21.4764 
2011-07-19,21.4356,31.2151,20.7222 
2011-07-20,22.3618,31.6364,0.0497 
2011-07-21,26.5156,33.8361,6.2320e-04 
2011-07-22,25.2102,33.6203,5.5751 
2011-07-23,25.3526,32.9849,8.1009 
2011-07-24,20.6034,30.1217,6.4668 
2011-07-25,24.0960,28.8095,0.7411 
2011-07-26,22.1401,27.2984,0.0227 
2011-07-27,18.5016,26.2259,0.0012 
2011-07-28,23.6237,31.0540,7.3070 
2011-07-29,24.9416,30.7255,1.3319 
2011-07-30,22.7021,27.7015,0.1153 
2011-07-31,23.4306,29.2361,1.3221e-05 
2011-08-01,24.4301,28.9005,0.1293 
2011-08-02,22.2308,28.2355,0.0717 
2011-08-03,20.6010,27.8579,5.8234 
2011-08-04,20.4993,24.7330,0.3972 
2011-08-05,21.5665,26.5183,0.0081 
2011-08-06,22.7478,28.8203,0.1187 
2011-08-07,21.0673,27.7450,2.0077 
2011-08-08,19.9472,27.0995,0.6192 
2011-08-09,17.6716,25.4788,13.8830 
2011-08-10,18.0094,24.6104,4.6806 
2011-08-11,16.9580,22.0759,0.0452 
2011-08-12,18.6858,25.4313,2.9937e-06 
2011-08-13,20.4787,27.0590,6.3355e-04 
2011-08-14,18.2261,26.7463,14.4266 
2011-08-15,18.1271,22.3682,16.9372 
2011-08-16,17.1916,23.8293,0.0750 
2011-08-17,20.0339,26.0456,0.0022 
2011-08-18,22.0282,27.1467,0.0973 
2011-08-19,18.4642,26.4723,0.6883 
2011-08-20,20.2381,27.6673,0.0317 
2011-08-21,17.6649,26.1911,4.9611 
2011-08-22,15.6537,21.6225,0.2628 
2011-08-23,17.3550,24.3185,0.0018 
2011-08-24,17.5165,27.7704,4.3764 
2011-08-25,19.1912,27.9040,14.4752 
2011-08-26,16.6608,23.9920,3.1901e-04 
2011-08-27,17.5403,24.3699,0.0154 
2011-08-28,17.7925,22.0611,0.0984 
2011-08-29,16.0393,21.6565,0.0161 
2011-08-30,17.4826,24.8482,0.0058 
2011-08-31,19.2949,27.4516,0.0111 
2011-09-01,19.1469,28.1197,1.6386 
2011-09-02,23.3359,31.3812,0.2357 
2011-09-03,25.0708,32.0177,0.1793 
2011-09-04,21.6225,30.1841,9.7424 
2011-09-05,15.6320,19.2931,6.6815 
2011-09-06,13.4677,16.8385,0.0297 
2011-09-07,13.1956,18.1521,4.8056 
2011-09-08,16.5771,21.0888,7.8943 
2011-09-09,16.4656,21.7899,0.8413 
2011-09-10,16.8887,20.0708,10.1560 
2011-09-11,16.8337,21.5369,3.1705 
2011-09-12,16.4617,24.5744,0.0609 
2011-09-13,18.2745,26.4445,0.0796 
2011-09-14,15.5069,20.5770,0.0783 
2011-09-15,10.3389,16.5600,8.7661 
2011-09-16,9.7387,13.2782,0.0396 
2011-09-17,10.3614,17.0559,0.0119 
2011-09-18,8.2219,18.7886,0.0507 
2011-09-19,12.6848,18.7970,6.2113 
2011-09-20,15.2145,20.1916,6.5450 
2011-09-21,16.0816,23.0002,2.6243 
2011-09-22,16.7402,21.6094,1.1759 
2011-09-23,13.4075,21.1395,2.3753 
2011-09-24,10.3400,18.6323,0.0834 
2011-09-25,14.8867,22.2610,0.1601 
2011-09-26,16.2750,23.5740,11.8227 
2011-09-27,13.0092,19.6915,3.0462 
2011-09-28,14.1048,18.5907,0.0345 
2011-09-29,12.0615,16.8864,0.2150 
2011-09-30,8.6916,15.4437,6.4046 
2011-10-01,7.6835,9.5802,7.8068 
2011-10-02,5.3341,9.3624,4.9899 
2011-10-03,7.0123,11.4520,3.9690 
2011-10-04,10.6594,16.1112,0.3701 
2011-10-05,13.1269,19.7188,0.0082 
2011-10-06,10.4037,21.4298,0.0226 
2011-10-07,14.5659,23.3919,0.0155 
2011-10-08,14.5643,23.8675,0.0136 
2011-10-09,16.5358,24.5206,0.0080 
2011-10-10,18.7109,23.1010,0.0864 
2011-10-11,16.4839,23.1574,0.0131 
2011-10-12,13.8084,21.1644,9.1533 
2011-10-13,12.2222,19.9592,1.4517 
2011-10-14,11.3976,15.6634,16.1458 
2011-10-15,8.1093,11.1147,2.6977 
2011-10-16,9.7708,13.4023,4.6515 
2011-10-17,6.4557,12.7901,0.5969 
2011-10-18,7.7808,12.3491,1.3347 
2011-10-19,10.1773,17.6710,24.3884 
2011-10-20,4.5529,15.4141,15.1086 
2011-10-21,4.6927,7.9476,5.3423 
2011-10-22,5.9746,10.5230,0.0146 
2011-10-23,7.5272,14.8429,3.6021e-06 
2011-10-24,9.0163,12.8706,3.9070 
2011-10-25,6.5620,15.8808,0.0140 
2011-10-26,11.8997,15.6775,6.6349 
2011-10-27,4.0256,11.8578,9.1938 
2011-10-28,1.4668,7.5423,0.1677 
2011-10-29,0.6609,6.4298,0.1873 
2011-10-30,2.4818,9.3237,0.1355 
2011-10-31,5.3316,9.0620,0.2102 
2011-11-01,3.6152,12.3781,0.0289 
2011-11-02,6.4061,15.3088,2.9181e-04 
2011-11-03,9.2442,13.3877,0.0000 
2011-11-04,5.5849,11.3739,8.5111e-04 
2011-11-05,-0.5038,10.6243,2.1150e-04 
2011-11-06,3.2473,13.5212,2.5290e-05 
2011-11-07,7.4715,15.9099,0.0036 
2011-11-08,10.3936,18.0045,9.4646e-05 
2011-11-09,11.2545,17.0168,0.9632 
2011-11-10,3.5291,14.5140,0.4516 
2011-11-11,0.3746,4.3651,3.5102 
2011-11-12,0.9624,13.8406,0.0035 
2011-11-13,9.4765,15.6691,0.0095 
2011-11-14,13.9179,17.4724,15.0199 
2011-11-15,10.9408,16.8272,18.1497 
2011-11-16,4.9692,10.8974,0.1844 
2011-11-17,-0.0969,4.4496,0.0630 
2011-11-18,-3.8054,5.0313,0.4719 
2011-11-19,2.2924,9.6940,0.0031 
2011-11-20,9.3374,13.6514,0.0430 
2011-11-21,3.9870,8.6870,2.0678 
2011-11-22,2.1990,8.5282,17.6530 
2011-11-23,3.2950,13.6472,7.4966 
2011-11-24,0.2966,9.8093,4.5656e-04 
2011-11-25,3.9435,12.2119,1.1996e-04 
2011-11-26,6.7961,13.4953,5.3224e-05 
2011-11-27,11.2015,13.5460,6.4284 
2011-11-28,4.5809,12.3555,11.9987 
2011-11-29,5.4831,14.7519,13.6263 
2011-11-30,0.1756,4.8065,1.5391 
2011-12-01,-2.5569,4.2649,2.8506e-04 
2011-12-02,-2.2088,3.0978,0.0238 
2011-12-03,-1.7562,8.5593,0.0026 
2011-12-04,6.0281,9.6369,1.3628 
2011-12-05,6.9228,9.9485,26.1874 
2011-12-06,2.3417,6.5276,17.5988 
2011-12-07,-1.3766,2.8560,0.8256 
2011-12-08,-4.5096,2.1273,0.1573 
2011-12-09,-1.3574,1.5506,0.5166 
2011-12-10,-5.9561,-0.1858,0.2360 
2011-12-11,-8.3283,1.4571,0.0138 
2011-12-12,-2.1153,4.9395,3.8272e-04 
2011-12-13,0.6818,6.7796,0.0230 
2011-12-14,3.5387,8.6539,3.2818 
2011-12-15,8.8736,13.8519,20.8868 
2011-12-16,-0.5529,8.6627,0.3527 
2011-12-17,-2.6182,-0.7104,5.3460 
2011-12-18,-4.6533,0.3356,0.6797 
2011-12-19,-0.6715,6.5028,0.2071 
2011-12-20,-0.3928,6.5928,4.0696 
2011-12-21,3.5736,13.5374,19.4440 
2011-12-22,5.0349,7.7816,0.5741 
2011-12-23,-2.5625,5.0764,8.2673 
2011-12-24,-4.5413,2.4663,0.1823 
2011-12-25,-1.6331,4.7989,0.0231 
2011-12-26,-1.3804,4.5191,0.2006 
2011-12-27,0.2822,2.4112,10.0237 
2011-12-28,-5.3315,0.2393,3.0772 
2011-12-29,-6.7143,1.9221,0.3731 
2011-12-30,2.1400,7.0311,1.4355 
2011-12-31,2.8686,8.1219,3.2306 
2012-01-01,0.7721,8.3111,1.3602 
2012-01-02,-4.0962,1.3945,5.4275 
2012-01-03,-8.2402,-3.9247,2.1446 
2012-01-04,-9.7380,-0.3618,0.0121 
2012-01-05,-2.1807,2.8390,0.0905 
2012-01-06,1.3081,9.3554,2.0990e-04 
2012-01-07,2.5068,7.2182,0.0064 
2012-01-08,-2.5235,1.9926,0.0092 
2012-01-09,-2.5311,4.9053,0.0011 
2012-01-10,-0.5727,5.7984,0.0199 
2012-01-11,0.3345,7.9621,3.4226 
2012-01-12,4.8335,7.1096,7.9629 
2012-01-13,-8.8465,5.1534,6.9899 
2012-01-14,-8.4008,-6.1972,4.0173 
2012-01-15,-9.3187,-5.3303,1.5025 
2012-01-16,-7.4595,5.4001,0.8201 
2012-01-17,5.4836,12.4756,30.0044 
2012-01-18,-6.3896,3.8085,1.3185 
2012-01-19,-8.5976,-2.1140,5.0641 
2012-01-20,-11.4332,-5.2131,0.8918 
2012-01-21,-6.8478,-3.2559,6.6020 
2012-01-22,-8.6863,4.4452,0.0015 
2012-01-23,3.9744,9.7709,5.9537 
2012-01-24,-2.2583,6.2029,0.0977 
2012-01-25,-4.6325,0.1442,0.0507 
2012-01-26,-1.7488,3.1964,9.9570 
2012-01-27,-0.0660,7.1714,20.5021 
2012-01-28,-3.4677,0.8938,3.2375 
2012-01-29,-3.2692,1.3930,1.4073 
2012-01-30,-6.8928,3.1392,0.7439 
2012-01-31,4.3871,11.7060,2.9505e-04 
2012-02-01,4.6805,11.2799,2.5825 
2012-02-02,0.2561,3.2563,0.0743 
2012-02-03,-0.9720,7.0231,3.9875e-05 
2012-02-04,-0.4032,5.5798,1.4478 
2012-02-05,-1.6067,3.7951,0.0087 
2012-02-06,-1.6684,6.8245,0.0048 
2012-02-07,-3.3638,4.7666,0.0334 
2012-02-08,-3.4977,0.4000,1.0861 
2012-02-09,-7.0491,2.3017,0.0221 
2012-02-10,-6.8476,0.4477,1.2196 
2012-02-11,-8.1001,-1.0364,3.8533 
2012-02-12,-8.5814,-4.3661,2.3075 
2012-02-13,-8.8966,-0.4264,0.0937 
2012-02-14,-3.4562,1.4931,1.7579 
2012-02-15,-2.0118,4.0540,0.3205 
2012-02-16,1.2424,6.9104,5.7453 
2012-02-17,-1.4355,5.1381,0.4529 
2012-02-18,-0.4099,2.5914,0.0978 
2012-02-19,-4.2702,-0.1982,0.0546 
2012-02-20,-5.2703,3.2967,0.0216 
2012-02-21,-1.0953,6.9141,0.6348 
2012-02-22,3.2395,8.8037,0.7673 
2012-02-23,0.9584,6.6660,2.9360 
2012-02-24,0.3365,9.5367,10.3259 
2012-02-25,-3.0569,0.1190,4.3726 
2012-02-26,-6.2325,2.2658,0.4523 
2012-02-27,-0.0099,7.7079,0.0146 
2012-02-28,-4.2677,5.3733,0.0022 
2012-02-29,1.7863,15.4739,19.2491 
2012-03-01,1.4617,12.8675,2.0236 
2012-03-02,0.9633,14.2989,5.7522 
2012-03-03,0.7137,13.3216,4.4525 
2012-03-04,-3.1302,1.0165,1.1323 
2012-03-05,-7.0161,-2.0370,5.0545 
2012-03-06,-6.8949,7.1491,0.2408 
2012-03-07,5.7066,15.4270,1.5875e-04 
2012-03-08,6.3383,15.3599,13.4260 
2012-03-09,-1.4767,4.6049,1.9022 
2012-03-10,-6.2578,6.3859,0.0089 
2012-03-11,2.4759,16.2957,3.0925e-04 
2012-03-12,8.4903,14.5472,9.3408 
2012-03-13,12.8114,16.9678,5.9221 
2012-03-14,9.2876,21.7724,0.0484 
2012-03-15,14.6380,23.7369,3.4562 
2012-03-16,15.4010,20.6967,3.5858 
2012-03-17,14.5503,23.6482,0.0204 
2012-03-18,15.4062,22.6532,6.9978 
2012-03-19,14.2279,22.3184,2.1345 
2012-03-20,16.7140,24.5592,2.8841e-04 
2012-03-21,16.1327,25.9000,1.5192e-06 
2012-03-22,15.3835,26.5349,0.0032 
2012-03-23,18.4010,25.8369,0.3577 
2012-03-24,14.9602,23.0443,7.6609 
2012-03-25,11.6593,16.3198,0.0820 
2012-03-26,0.7515,14.0148,0.0016 
2012-03-27,-3.4136,11.9808,8.3217e-04 
2012-03-28,10.6085,18.9265,0.0912 
2012-03-29,1.9129,14.1153,0.0044 
2012-03-30,-1.2802,12.7350,1.2509 
2012-03-31,1.6113,11.2879,3.1110 
2012-04-01,1.8781,15.4296,0.5308 
2012-04-02,2.2883,11.6648,0.7398 
2012-04-03,4.4899,19.3138,0.3450 
2012-04-04,5.8045,19.2649,0.0142 
2012-04-05,0.7721,7.2307,2.8273e-04 
2012-04-06,0.6990,8.9833,5.3000e-06 
2012-04-07,1.7444,11.2978,2.5086e-05 
2012-04-08,8.0002,11.7901,0.0015 
2012-04-09,5.9194,12.2723,0.0236 
2012-04-10,3.3751,10.8035,0.6700 
2012-04-11,0.4496,6.2579,1.4641 
2012-04-12,0.9687,10.1743,0.0062 
2012-04-13,6.0660,14.7970,0.0029 
2012-04-14,10.0030,17.0426,1.5090 
2012-04-15,13.1111,23.9434,1.1346 
2012-04-16,17.8385,23.4248,0.0027 
2012-04-17,6.5532,19.3500,0.0010 
2012-04-18,4.1499,16.1142,0.0012 
2012-04-19,11.6116,19.7820,2.2999e-04 
2012-04-20,14.3094,21.9764,0.1749 
2012-04-21,3.8006,19.9661,9.5012 
2012-04-22,3.3438,7.7397,0.1698 
2012-04-23,4.1777,6.0845,0.0047 
2012-04-24,4.2995,11.3509,0.0017 
2012-04-25,5.6534,16.0695,0.0026 
2012-04-26,8.1766,15.6381,2.6058 
2012-04-27,2.1298,7.5258,0.4439 
2012-04-28,1.6988,6.2092,2.2176 
2012-04-29,3.2256,13.9112,0.0222 
2012-04-30,6.5611,25.3553,2.2088 
2012-05-01,12.8578,19.4741,13.9327 
2012-05-02,15.4373,26.2406,0.0732 
2012-05-03,20.2798,29.6521,0.3534 
2012-05-04,20.0539,28.5581,3.0611 
2012-05-05,15.0876,22.9686,0.3825 
2012-05-06,11.9859,23.0326,1.0649e-04 
2012-05-07,15.0492,24.5735,3.5210 
2012-05-08,15.1910,19.9169,34.1655 
2012-05-09,12.4667,17.5050,0.7793 
2012-05-10,6.9485,14.1205,0.1615 
2012-05-11,9.5831,18.7758,1.2368e-06 
2012-05-12,13.7731,21.1957,1.3344e-04 
2012-05-13,15.8505,20.1914,1.8260e-04 
2012-05-14,12.4670,20.2827,7.0767e-04 
2012-05-15,15.4525,23.7645,2.5726e-04 
2012-05-16,14.3882,23.0986,0.0402 
2012-05-17,8.0591,16.9919,0.0017 
2012-05-18,11.2896,23.5643,3.6424e-05 
2012-05-19,17.8402,26.8643,0.0000 
2012-05-20,22.2758,28.5669,2.4414e-04 
2012-05-21,18.3002,27.1091,0.0012 
2012-05-22,13.6191,23.0144,0.0156 
2012-05-23,14.3671,25.0345,0.0237 
2012-05-24,16.8829,26.7055,7.2140e-04 
2012-05-25,20.8373,28.6079,0.4761 
2012-05-26,19.3714,28.0917,1.7661 
2012-05-27,20.5501,30.9553,0.4928 
2012-05-28,22.1131,30.3399,0.0902 
2012-05-29,22.0711,28.5960,6.4439 
2012-05-30,16.9139,23.7120,0.0297 
2012-05-31,11.7837,20.8548,7.6418e-04 
2012-06-01,14.6139,22.7640,15.5653 
2012-06-02,8.0621,18.4600,0.2459 
2012-06-03,13.7920,22.0928,0.1150 
2012-06-04,12.4100,21.3891,0.0261 
2012-06-05,9.8392,17.3931,0.0938 
2012-06-06,13.0138,20.0448,0.0299 
2012-06-07,15.1413,22.0838,0.0016 
2012-06-08,17.7066,25.0066,0.0013 
2012-06-09,19.8957,28.4735,5.2818e-05 
2012-06-10,22.4814,30.3096,0.0000 
2012-06-11,21.1745,29.7757,0.0236 
2012-06-12,19.5394,25.4411,0.2043 
2012-06-13,12.5457,23.1833,7.5732e-04 
2012-06-14,14.0798,25.7566,0.0000 
2012-06-15,17.4007,28.8802,8.3401e-06 
2012-06-16,19.2524,28.5499,2.0651e-05 
2012-06-17,18.4700,27.0323,9.7500 
2012-06-18,18.4590,27.5241,8.8460 
2012-06-19,20.3852,31.0687,0.8551 
2012-06-20,25.0226,31.4515,0.0000 
2012-06-21,25.6216,31.0880,4.0407e-04 
2012-06-22,21.0920,29.6655,0.0479 
2012-06-23,17.5040,24.7095,2.7063e-04 
2012-06-24,19.4393,26.9303,2.2200e-05 
2012-06-25,17.0670,26.7426,0.2032 
2012-06-26,14.4443,21.9065,7.2957e-05 
2012-06-27,18.2823,26.8630,6.8024e-05 
2012-06-28,20.6306,33.8265,0.0041 
2012-06-29,24.6695,33.1560,0.0405 
2012-06-30,19.2726,30.1273,0.0351 
2012-07-01,20.6998,29.3444,0.0343 
2012-07-02,19.7458,29.7372,0.8854 
2012-07-03,24.1308,32.0670,15.9028 
2012-07-04,23.5325,32.0745,2.5448 
2012-07-05,26.3571,32.5006,5.5673 
2012-07-06,26.8882,32.7787,0.0879 
2012-07-07,27.3968,34.2078,0.0235 
2012-07-08,21.1412,32.1339,0.0343 
2012-07-09,17.9971,26.2605,3.0387e-04 
2012-07-10,19.7340,25.6405,0.0536 
2012-07-11,18.5943,27.9379,0.0140 
2012-07-12,21.2019,28.4914,0.3034 
2012-07-13,20.8912,28.3051,0.1297 
2012-07-14,19.7469,26.3638,0.0108 
2012-07-15,22.1169,27.8222,0.9885 
2012-07-16,22.4056,29.8907,1.0087 
2012-07-17,24.5654,33.7694,0.0041 
2012-07-18,25.7777,33.4247,0.8016 
2012-07-19,23.4983,30.3244,19.9858 
2012-07-20,18.4381,22.9328,1.2824 
2012-07-21,16.8102,26.0129,0.0025 
2012-07-22,21.0384,29.1652,0.0143 
2012-07-23,23.4794,31.0742,0.0088 
2012-07-24,21.5309,30.6683,0.0258 
2012-07-25,18.3869,27.2366,2.1991e-04 
2012-07-26,25.3682,30.8004,1.7711 
2012-07-27,21.0582,26.8253,13.6169 
2012-07-28,17.7209,23.2924,18.5047 
2012-07-29,19.0976,24.6701,0.0232 
2012-07-30,21.1141,27.4661,1.7808e-04 
2012-07-31,22.4549,29.3216,0.0029 
2012-08-01,18.6713,28.4293,0.0612 
2012-08-02,20.7642,29.0482,1.4341e-06 
2012-08-03,24.9240,31.7558,1.0491e-04 
2012-08-04,24.0347,31.1677,0.2370 
2012-08-05,21.6998,28.7850,8.2714 
2012-08-06,17.9560,25.1300,0.0012 
2012-08-07,19.7622,27.9204,0.0000 
2012-08-08,23.8215,29.3812,0.0571 
2012-08-09,19.0003,27.1554,5.2947 
2012-08-10,17.3340,19.8411,23.6089 
2012-08-11,14.5479,19.5646,1.4658 
2012-08-12,15.6153,22.1485,0.3456 
2012-08-13,19.1858,25.0402,0.0203 
2012-08-14,17.8158,23.6153,2.8595 
2012-08-15,16.3798,24.0933,0.1606 
2012-08-16,17.8276,27.3817,0.0268 
2012-08-17,17.9451,26.8229,0.1935 
2012-08-18,16.8324,21.1031,0.0033 
2012-08-19,16.4194,22.7866,0.0535 
2012-08-20,17.3290,21.2024,1.7321 
2012-08-21,16.3267,21.5155,1.0930 
2012-08-22,16.1185,23.6005,0.1878 
2012-08-23,19.4584,26.0311,0.0066 
2012-08-24,21.7812,28.4588,1.4080e-05 
2012-08-25,20.0487,28.8156,0.0011 
2012-08-26,19.1467,28.0452,0.0098 
2012-08-27,19.7665,26.7784,24.1873 
2012-08-28,19.1539,22.2804,1.1182 
2012-08-29,16.6547,21.9414,7.7607e-05 
2012-08-30,16.5117,26.5264,0.0039 
2012-08-31,20.5873,30.5736,3.4454e-04 
2012-09-01,22.0850,29.2991,1.9213 
2012-09-02,20.1303,26.1247,4.6671 
2012-09-03,20.7848,27.6122,2.4335 
2012-09-04,20.8481,26.5510,12.9883 
2012-09-05,18.7193,25.9398,4.9895 
2012-09-06,20.7318,26.4515,0.1991 
2012-09-07,18.3069,27.3067,2.5183 
2012-09-08,15.5140,25.1515,32.2752 
2012-09-09,13.3383,17.4964,2.1489 
2012-09-10,13.7558,17.7903,0.3423 
2012-09-11,14.4730,21.5162,1.8525e-04 
2012-09-12,17.0285,24.3204,6.2532e-05 
2012-09-13,19.7543,25.8901,3.8621e-05 
2012-09-14,14.6753,24.9137,3.4216 
2012-09-15,13.4829,18.1033,0.1161 
2012-09-16,13.2628,20.7915,8.5561e-05 
2012-09-17,14.4368,22.3225,0.0023 
2012-09-18,13.7579,20.4588,11.2837 
2012-09-19,7.8723,14.5438,0.7916 
2012-09-20,9.4316,18.4297,0.0088 
2012-09-21,14.2363,18.8076,0.3227 
2012-09-22,10.9579,17.5578,32.5801 
2012-09-23,6.8933,11.5781,2.0708 
2012-09-24,5.5164,13.7307,2.0516 
2012-09-25,8.5930,19.5954,0.5139 
2012-09-26,15.1381,18.9511,16.3062 
2012-09-27,12.6226,17.6679,1.5268 
2012-09-28,11.7932,15.1238,0.0759 
2012-09-29,11.4031,16.3549,0.0058 
2012-09-30,10.9141,15.0975,0.1070 
2012-10-01,10.1348,15.9944,0.0250 
2012-10-02,12.0997,19.5284,9.4684 
2012-10-03,16.2210,19.0384,2.3057 
2012-10-04,14.4115,21.0737,4.6314e-05 
2012-10-05,14.0611,19.3780,1.1919 
2012-10-06,6.2127,11.4931,19.2153 
2012-10-07,5.0749,7.7176,3.8802 
2012-10-08,2.6493,8.8910,0.0883 
2012-10-09,3.0611,12.8577,1.8546e-06 
2012-10-10,6.4617,10.7861,3.4470 
2012-10-11,2.0180,12.2626,0.2900 
2012-10-12,5.3067,10.6209,0.1244 
2012-10-13,1.9316,17.0368,0.0097 
2012-10-14,15.5605,20.8153,3.0033 
2012-10-15,8.9360,17.9823,3.2607 
2012-10-16,6.3919,12.4873,0.1152 
2012-10-17,8.7074,18.9214,0.0147 
2012-10-18,12.6975,17.0954,1.9984 
2012-10-19,8.0929,13.5553,0.3437 
2012-10-20,7.2982,10.2007,2.9794 
2012-10-21,4.6495,13.3364,0.0525 
2012-10-22,9.5843,20.4112,0.0024 
2012-10-23,15.2648,19.1652,4.0922 
2012-10-24,14.6084,22.9039,1.6002 
2012-10-25,16.9974,23.7344,0.0106 
2012-10-26,8.7832,21.4421,1.2930 
2012-10-27,6.5338,8.4651,23.7824 
2012-10-28,4.7110,7.4095,18.5141 
2012-10-29,3.9014,5.0924,25.7981 
2012-10-30,4.0374,11.2956,49.3398 
2012-10-31,4.1520,7.9160,18.1034 
2012-11-01,3.8638,4.9190,6.4834 
2012-11-02,1.8519,5.0246,1.0443 
2012-11-03,2.0919,3.9997,1.0827 
2012-11-04,0.8959,2.9415,0.4916 
2012-11-05,0.7439,2.8090,0.2678 
2012-11-06,-2.4226,6.7451,0.0205 
2012-11-07,-0.5656,6.5745,3.1214e-05 
2012-11-08,1.2076,5.3574,0.0056 
2012-11-09,2.1571,11.0649,0.0085 
2012-11-10,5.5378,14.6078,3.7549 
2012-11-11,10.5514,17.2017,7.3512e-06 
2012-11-12,2.5310,17.7104,15.8114 
2012-11-13,-3.1222,1.7414,1.6873 
2012-11-14,-0.5002,4.8676,0.0120 
2012-11-15,0.3952,6.3723,1.4727e-04 
2012-11-16,2.5324,7.5727,0.0017 
2012-11-17,3.1117,10.4712,7.0725e-04 
2012-11-18,2.7480,10.6532,2.5264e-05 
2012-11-19,1.8618,10.3881,3.4457e-05 
2012-11-20,5.9914,10.5539,5.2636e-04 
2012-11-21,5.4919,12.9346,0.0017 
2012-11-22,6.4476,14.4079,3.6016e-06 
2012-11-23,1.4516,11.6993,1.1598 
2012-11-24,-1.2836,1.0743,3.2489 
2012-11-25,-5.1209,2.3255,0.4654 
2012-11-26,-1.7192,2.8312,0.0135 
2012-11-27,-2.2183,0.9951,0.3766 
2012-11-28,-4.1978,2.0200,0.0051 
2012-11-29,-2.5429,6.3787,0.0252 
2012-11-30,0.8356,8.9269,0.0124 
2012-12-01,4.2092,12.7017,0.0030 
2012-12-02,9.3006,13.5503,9.9721 
2012-12-03,11.2566,15.8347,0.3695 
2012-12-04,7.9781,16.1239,9.0470 
2012-12-05,0.2003,7.5863,1.6447 
2012-12-06,-4.7375,5.2574,0.0018 
2012-12-07,3.3712,7.6168,3.9811 
2012-12-08,4.5473,10.4429,6.8401 
2012-12-09,1.2611,11.1622,1.9233 
2012-12-10,0.5354,13.4032,10.0457 
2012-12-11,-2.6003,0.5682,3.8059 
2012-12-12,-5.3497,3.2239,0.0350 
2012-12-13,-0.7851,5.4121,0.0080 
2012-12-14,-0.4814,6.9770,2.0562e-05 
2012-12-15,1.8216,8.0675,0.2295 
2012-12-16,5.8841,12.2331,0.8378 
2012-12-17,7.2109,11.6616,0.1991 
2012-12-18,1.1733,7.1489,12.8263 
2012-12-19,0.8312,4.3226,1.5377 
2012-12-20,0.7544,8.4828,11.8410 
2012-12-21,-1.6181,9.4110,14.3174 
2012-12-22,-2.2625,-1.4419,2.4641 
2012-12-23,-7.3761,0.1216,0.0334 
2012-12-24,-5.1935,1.1602,1.2956 
2012-12-25,-1.5114,0.6820,0.5906 
2012-12-26,-4.4097,-0.4082,16.9073 
2012-12-27,-2.4191,-0.7018,3.8855 
2012-12-28,-4.2077,-1.7875,0.1333 
2012-12-29,-4.2463,-0.2477,4.4615 
2012-12-30,-5.5471,-1.8887,1.0402 
2012-12-31,-7.5649,0.2448,0.7974 
2013-01-01,-5.8412,-0.4538,1.5364 
2013-01-02,-9.5131,-5.7559,0.1829 
2013-01-03,-11.1841,-3.8308,0.0821 
2013-01-04,-6.8318,-3.3329,0.4541 
2013-01-05,-7.8899,-0.0092,0.0601 
2013-01-06,-0.9907,1.1417,0.8306 
2013-01-07,-2.0514,1.1652,0.4201 
2013-01-08,-3.3255,3.7754,0.0021 
2013-01-09,0.5629,4.2656,1.1849 
2013-01-10,-1.3836,2.1584,0.0023 
2013-01-11,0.7584,12.6795,13.4750 
2013-01-12,8.7762,15.0243,0.0490 
2013-01-13,12.1413,16.5493,3.1227 
2013-01-14,-4.0176,10.7846,8.1910 
2013-01-15,-5.6981,0.1474,0.0174 
2013-01-16,-2.2098,2.7058,0.0139 
2013-01-17,-1.9841,0.9734,0.1016 
2013-01-18,-9.1006,-0.4040,0.5031 
2013-01-19,-0.3356,8.2713,0.0049 
2013-01-20,-6.3583,8.1641,0.0705 
2013-01-21,-9.6342,-6.2337,0.9749 
2013-01-22,-14.1555,-9.7364,0.4731 
2013-01-23,-15.7008,-10.0442,0.5096 
2013-01-24,-11.0568,-7.2102,1.0737 
2013-01-25,-11.7414,-7.2396,3.2018 
2013-01-26,-8.5907,-4.9231,1.0823 
2013-01-27,-8.2511,-1.5316,0.2488 
2013-01-28,-2.0527,8.2327,9.3078 
2013-01-29,5.7252,12.6301,5.3615 
2013-01-30,11.4316,16.1508,8.3039 
2013-01-31,-6.6007,10.7823,6.3715 
2013-02-01,-10.9412,-6.1555,2.0729 
2013-02-02,-13.9730,-5.1808,3.5212 
2013-02-03,-9.0439,-5.2167,1.0649 
2013-02-04,-11.2563,-5.1031,2.6765 
2013-02-05,-6.9587,-2.2238,0.6225 
2013-02-06,-7.6906,-2.3203,1.2568 
2013-02-07,-5.7706,3.4978,0.0307 
2013-02-08,-4.7265,1.8912,7.3236 
2013-02-09,-8.5934,-2.0754,0.9212 
2013-02-10,-6.1180,7.1834,0.0072 
2013-02-11,1.6836,8.4924,0.4703 
2013-02-12,-2.7733,2.7952,0.3499 
2013-02-13,-5.1641,3.1176,0.0058 
2013-02-14,-3.7698,4.0690,0.1195 
2013-02-15,-1.7280,4.1248,0.7533 
2013-02-16,-8.0972,-2.4932,1.7936 
2013-02-17,-8.9849,-4.6242,5.0329 
2013-02-18,-10.7646,4.8370,0.0360 
2013-02-19,-4.9349,5.9333,8.1132 
2013-02-20,-9.5162,-5.7365,0.9396 
2013-02-21,-11.2689,-5.1425,0.7225 
2013-02-22,-9.0179,4.0682,0.9861 
2013-02-23,-1.3546,4.2180,0.0549 
2013-02-24,-7.1898,-0.6310,0.1691 
2013-02-25,-3.4588,3.4287,0.0289 
2013-02-26,-2.2779,2.8533,16.0596 
2013-02-27,2.5387,6.6227,9.7653 
2013-02-28,-1.0871,1.8739,2.7219 
2013-03-01,-3.8700,-0.2788,0.6627 
2013-03-02,-7.4747,-3.5419,0.8913 
2013-03-03,-6.5205,-4.1930,1.6002 
2013-03-04,-8.6664,-1.7016,1.2853 
2013-03-05,-7.3710,3.1358,0.0061 
2013-03-06,-0.1098,4.3658,0.5170 
2013-03-07,-4.5513,1.6683,0.1827 
2013-03-08,-5.5565,1.8715,0.6228 
2013-03-09,-1.3553,7.8051,0.0051 
2013-03-10,5.8042,16.1060,0.5391 
2013-03-11,9.6210,15.0965,11.1807 
2013-03-12,0.4685,11.2230,9.1862 
2013-03-13,-3.1410,2.6012,1.0365 
2013-03-14,-6.5295,-0.4135,0.0676 
2013-03-15,-4.1397,4.6746,0.2026 
2013-03-16,-1.3674,2.9676,7.1635 
2013-03-17,-5.8544,-0.7030,0.1000 
2013-03-18,-3.9778,6.7772,7.2066 
2013-03-19,-4.8244,8.4680,2.5922 
2013-03-20,-5.7259,-1.9521,0.8168 
2013-03-21,-10.1530,-2.0454,1.2204 
2013-03-22,-5.6993,-0.2132,0.8941 
2013-03-23,-3.2051,1.6924,0.0896 
2013-03-24,-5.4599,2.0401,0.0017 
2013-03-25,-0.1150,1.5961,5.0648 
2013-03-26,-1.8077,2.8643,0.8450 
2013-03-27,-1.8933,3.8721,3.8975 
2013-03-28,-0.3020,4.6052,0.5807 
2013-03-29,0.0599,6.9565,0.0016 
2013-03-30,3.0732,11.3354,0.0025 
2013-03-31,6.5952,11.5643,0.2914 
2013-04-01,-0.0120,11.4847,0.3987 
2013-04-02,-4.8326,1.9034,0.2985 
2013-04-03,-4.0293,1.6073,0.0146 
2013-04-04,-4.2741,10.1338,0.0054 
2013-04-05,0.1607,8.8993,0.0036 
2013-04-06,-2.9219,11.3158,1.3510e-04 
2013-04-07,11.1571,18.9636,0.0719 
2013-04-08,6.1590,21.5636,0.0216 
2013-04-09,9.0374,23.9163,0.5220 
2013-04-10,14.3837,21.8100,10.5315 
2013-04-11,8.1886,19.5863,13.2904 
2013-04-12,6.7940,20.3856,8.3401 
2013-04-13,0.7207,6.2294,0.8478 
2013-04-14,1.9845,14.2679,0.0724 
2013-04-15,10.0905,19.0431,0.0069 
2013-04-16,13.0056,18.0600,1.9889 
2013-04-17,7.1236,18.9644,1.9231 
2013-04-18,15.5812,26.5811,0.0013 
2013-04-19,6.7016,25.3664,5.1453 
2013-04-20,1.5889,6.6351,0.9280 
2013-04-21,-1.7151,9.3524,0.0262 
2013-04-22,4.5339,15.8880,1.5960e-05 
2013-04-23,5.8730,19.9805,1.3586e-04 
2013-04-24,2.4624,19.1727,15.4778 
2013-04-25,0.0406,9.1680,1.6140 
2013-04-26,2.9698,13.3802,0.0881 
2013-04-27,8.9755,20.4997,0.0000 
2013-04-28,11.2768,19.7788,7.4005 
2013-04-29,12.7860,17.0945,3.6311 
2013-04-30,11.5668,22.8342,0.0915 
2013-05-01,12.9719,24.3787,6.5579e-05 
2013-05-02,12.0016,23.3869,4.3450e-05 
2013-05-03,14.0615,22.7164,0.0000 
2013-05-04,11.6559,21.6871,0.0000 
2013-05-05,11.6909,20.6110,0.0000 
2013-05-06,10.1317,22.3337,2.9151e-05 
2013-05-07,13.3027,22.0309,0.0048 
2013-05-08,15.1270,21.1026,0.6680 
2013-05-09,14.2371,22.6268,0.4362 
2013-05-10,14.6725,21.8763,8.8354 
2013-05-11,7.2901,15.6290,6.3766 
2013-05-12,3.1122,14.4326,1.5173 
2013-05-13,1.8533,7.1805,0.1391 
2013-05-14,4.0398,18.6291,0.0069 
2013-05-15,14.4959,26.1302,0.0658 
2013-05-16,14.8788,24.0770,0.0090 
2013-05-17,12.3891,23.7169,2.3610e-04 
2013-05-18,15.1802,25.6367,0.0021 
2013-05-19,17.9825,25.5022,0.0057 
2013-05-20,17.6101,27.6821,0.0018 
2013-05-21,20.7055,28.1360,0.0014 
2013-05-22,19.3921,26.9998,0.0496 
2013-05-23,11.3525,25.5681,6.7692 
2013-05-24,4.2330,9.2041,1.2042 
2013-05-25,3.5269,12.0352,0.0250 
2013-05-26,5.2127,14.8956,0.0016 
2013-05-27,10.4708,15.9264,0.5279 
2013-05-28,11.2118,25.4454,14.8458 
2013-05-29,19.9766,27.5323,0.5705 
2013-05-30,21.4402,28.4523,0.0132 
2013-05-31,20.8395,28.3415,0.3544 
2013-06-01,21.6139,27.0887,12.2794 
2013-06-02,18.4165,23.7798,20.4490 
2013-06-03,9.8288,18.3897,0.0175 
2013-06-04,10.9687,18.3644,3.2418e-04 
2013-06-05,12.1067,23.4636,0.0079 
2013-06-06,16.4535,23.2431,30.4701 
2013-06-07,11.6284,16.9986,0.9826 
2013-06-08,11.1310,19.5320,0.0743 
2013-06-09,16.0711,24.6586,0.0098 
2013-06-10,18.1544,24.3177,13.8888 
2013-06-11,17.2732,22.7481,1.1709 
2013-06-12,17.5391,26.0226,0.2897 
2013-06-13,15.9001,24.8338,12.1862 
2013-06-14,12.5940,19.0167,0.0252 
2013-06-15,13.0448,23.0401,0.1178 
2013-06-16,18.7519,23.8702,4.5893 
2013-06-17,17.1805,26.1612,3.0676 
2013-06-18,16.9770,25.6139,0.5850 
2013-06-19,12.9653,21.3379,2.7820e-04 
2013-06-20,15.9941,23.4697,0.0000 
2013-06-21,18.8887,27.2206,8.7279e-05 
2013-06-22,21.4362,29.7812,1.2289e-04 
2013-06-23,21.3544,29.0582,0.0048 
2013-06-24,21.1994,28.7920,0.0619 
2013-06-25,21.5163,29.4312,1.4591 
2013-06-26,18.2335,28.0162,37.1188 
2013-06-27,19.6822,26.9641,10.8098 
2013-06-28,18.6853,23.8094,1.7601 
2013-06-29,16.8982,20.9239,5.5062 
2013-06-30,16.5424,21.2902,0.5188 
2013-07-01,18.1106,21.5500,2.7559 
2013-07-02,17.6390,26.2623,0.5064 
2013-07-03,18.6441,26.7214,0.6641 
2013-07-04,18.8648,26.1747,2.3396 
2013-07-05,20.1169,23.1607,6.0804 
2013-07-06,20.6320,26.7512,0.7047 
2013-07-07,19.7462,24.2286,3.0908 
2013-07-08,18.8555,29.1951,0.9249 
2013-07-09,19.4858,27.0372,22.2190 
2013-07-10,20.7292,27.4616,44.9771 
2013-07-11,17.3564,20.9214,11.9995 
2013-07-12,16.2559,23.9282,2.9158e-04 
2013-07-13,18.1544,26.3690,7.9309e-05 
2013-07-14,20.3532,28.7806,9.5334e-04 
2013-07-15,24.8510,29.4538,0.0095 
2013-07-16,24.6253,30.8337,0.2557 
2013-07-17,24.3010,30.6220,0.0369 
2013-07-18,25.5481,31.0285,0.0020 
2013-07-19,24.2617,31.3618,0.0795 
2013-07-20,21.3737,30.6822,21.5580 
2013-07-21,19.8610,25.7231,0.3636 
2013-07-22,18.4377,25.2115,4.0420 
2013-07-23,18.8405,26.2877,3.4918 
2013-07-24,14.6216,20.1273,7.7070 
2013-07-25,14.4093,21.8376,1.1853e-04 
2013-07-26,16.5540,24.0838,2.1751e-05 
2013-07-27,17.6317,23.7053,4.6374 
2013-07-28,12.8472,19.6470,1.8377 
2013-07-29,13.5597,19.9778,0.5837 
2013-07-30,15.2492,23.0719,6.3208e-04 
2013-07-31,19.0307,24.4841,0.3392 
2013-08-01,17.6896,23.8095,1.1915 
2013-08-02,15.5751,22.5327,0.2235 
2013-08-03,17.4797,21.9100,3.8770 
2013-08-04,16.1844,20.7349,1.1881 
2013-08-05,14.7536,20.4190,0.0062 
2013-08-06,16.9911,25.0123,0.0063 
2013-08-07,20.6186,27.7349,13.1731 
2013-08-08,20.3712,27.1443,3.3039 
2013-08-09,18.4033,22.0815,2.1155 
2013-08-10,18.6181,22.8880,0.0172 
2013-08-11,17.8524,24.7733,0.0498 
2013-08-12,19.4236,25.8693,0.0429 
2013-08-13,16.7168,23.3911,1.2724 
2013-08-14,13.1072,17.3539,0.0311 
2013-08-15,14.5928,20.0468,0.0029 
2013-08-16,15.9661,21.9854,1.1900e-04 
2013-08-17,17.5362,23.4170,0.0000 
2013-08-18,18.7375,24.1704,0.0025 
2013-08-19,17.7781,24.1723,0.0030 
2013-08-20,20.3918,26.6876,0.0075 
2013-08-21,21.8913,28.0487,7.2311e-04 
2013-08-22,19.4610,27.6022,2.3956 
2013-08-23,19.5667,25.8360,0.6471 
2013-08-24,16.8766,24.9123,0.0067 
2013-08-25,19.3250,26.7157,0.0020 
2013-08-26,19.2847,29.9042,0.1273 
2013-08-27,21.4151,29.2071,15.3838 
2013-08-28,20.2929,28.5177,9.7076 
2013-08-29,19.6065,27.6777,0.0053 
2013-08-30,22.7791,27.9207,4.9016e-04 
2013-08-31,22.6173,26.8889,0.0391 
2013-09-01,20.4688,26.4985,1.1565 
2013-09-02,21.6401,25.8454,1.0744 
2013-09-03,14.9254,20.9582,0.0224 
2013-09-04,13.7991,22.6505,0.0061 
2013-09-05,16.0015,21.8237,0.0000 
2013-09-06,12.0823,20.3597,2.8084e-05 
2013-09-07,16.1022,25.2273,5.0941e-04 
2013-09-08,18.9066,22.8411,0.0209 
2013-09-09,13.9081,27.0665,0.1531 
2013-09-10,22.8531,31.0265,0.0687 
2013-09-11,23.5526,30.3974,3.4646e-04 
2013-09-12,18.1392,28.9621,12.0032 
2013-09-13,13.0846,19.0540,9.9821 
2013-09-14,9.7247,15.8166,0.2135 
2013-09-15,11.6971,17.1799,0.0401 
2013-09-16,12.4152,16.4571,1.1609 
2013-09-17,8.8631,18.3981,0.0062 
2013-09-18,11.4169,19.6190,0.0026 
2013-09-19,13.7535,24.9656,0.0545 
2013-09-20,17.6739,26.6862,0.9985 
2013-09-21,15.6220,20.9462,38.9236 
2013-09-22,11.3939,15.2268,0.3980 
2013-09-23,9.0714,14.7990,0.0285 
2013-09-24,9.4677,17.7789,4.6565e-04 
2013-09-25,11.6114,19.1703,0.0074 
2013-09-26,13.6751,20.5476,0.0282 
2013-09-27,12.9457,20.4911,0.0084 
2013-09-28,13.5336,22.1401,6.9643e-05 
2013-09-29,13.4847,21.3307,0.0048 
2013-09-30,15.8567,19.7802,0.2275 
2013-10-01,15.3906,22.4547,0.0219 
2013-10-02,15.6499,22.7764,0.0011 
2013-10-03,18.0423,23.5773,2.8516 
2013-10-04,18.8059,25.1195,0.4998 
2013-10-05,18.5972,24.6010,3.7009 
2013-10-06,19.6719,23.7589,0.6781 
2013-10-07,8.5821,22.6873,24.3566 
2013-10-08,10.5380,16.7217,0.0100 
2013-10-09,10.4682,18.0035,1.2995e-05 
2013-10-10,10.2094,17.3647,7.0635e-05 
2013-10-11,13.3850,20.3655,0.0529 
2013-10-12,12.8200,21.7044,0.0319 
2013-10-13,15.7290,20.4307,0.0588 
2013-10-14,11.0650,16.7400,0.0078 
2013-10-15,10.6871,19.9340,0.0041 
2013-10-16,15.7603,18.6743,14.9559 
2013-10-17,8.4998,14.9602,3.1338 
2013-10-18,5.9999,14.4482,0.1998 
2013-10-19,5.5850,12.5815,5.8642 
2013-10-20,3.4834,12.3442,0.3669 
2013-10-21,7.9109,14.7641,0.0035 
2013-10-22,2.5695,13.2329,3.7902 
2013-10-23,2.9445,6.1174,4.9590 
2013-10-24,-0.5167,5.0498,4.9007 
2013-10-25,2.0513,6.1987,3.6497 
2013-10-26,0.1804,6.6664,0.1169 
2013-10-27,3.5522,8.2118,0.4139 
2013-10-28,4.7142,11.4835,0.0133 
2013-10-29,3.6895,11.6684,0.0024 
2013-10-30,7.1782,16.4277,0.0095 
2013-10-31,13.1103,17.1207,8.5670 
2013-11-01,10.1045,17.3564,10.9628 
2013-11-02,4.7046,10.1528,3.5141 
2013-11-03,2.0329,6.2001,1.8109 
2013-11-04,-2.1101,6.0452,2.1317e-04 
2013-11-05,5.2753,12.3572,0.0017 
2013-11-06,8.5978,15.9566,1.7387 
2013-11-07,3.4459,14.4531,13.5840 
2013-11-08,0.9143,3.9155,5.0996 
2013-11-09,0.5240,10.6302,0.0038 
2013-11-10,4.3111,10.4105,0.0747 
2013-11-11,0.3188,8.2703,1.8059 
2013-11-12,-1.7924,3.6008,8.5314 
2013-11-13,-5.6734,0.0823,1.0523 
2013-11-14,-3.0284,6.5793,3.5377e-04 
2013-11-15,1.7795,8.2693,1.1723e-06 
2013-11-16,3.4844,13.4482,0.0026 
2013-11-17,12.5730,16.9856,5.5676 
2013-11-18,2.8816,16.3559,7.4536 
2013-11-19,-0.1207,2.5648,0.1020 
2013-11-20,-3.5256,6.1496,0.0015 
2013-11-21,2.6673,6.9827,2.0183 
2013-11-22,3.3734,9.0466,3.7369 
2013-11-23,-4.1111,2.4886,0.9688 
2013-11-24,-7.0732,-4.5356,0.7829 
2013-11-25,-10.3262,-0.7431,0.1432 
2013-11-26,-1.0232,0.1790,1.8560 
2013-11-27,-4.3846,-0.8573,3.0463 
2013-11-28,-7.3909,-2.9352,0.5690 
2013-11-29,-5.7868,-0.8823,1.1596 
2013-11-30,-5.1876,1.9632,0.0578 
2013-12-01,-0.1577,4.5214,0.0095 
2013-12-02,1.2913,3.5345,0.0187 
2013-12-03,-0.1036,8.0806,0.1285 
2013-12-04,5.8596,11.7049,0.0082 
2013-12-05,4.1169,15.1948,0.1564 
2013-12-06,-3.7807,3.0094,6.6327 
2013-12-07,-6.2103,-3.8503,2.5452 
2013-12-08,-7.9409,-3.1156,0.3563 
2013-12-09,-3.4532,1.8388,0.9000 
2013-12-10,-9.2855,-3.9265,0.3410 
2013-12-11,-10.9857,-6.1582,0.7355 
2013-12-12,-13.2757,-6.7748,0.8636 
2013-12-13,-11.0459,-2.9835,0.0312 
2013-12-14,-5.1578,0.7164,9.2538 
2013-12-15,-7.4868,1.1417,6.3457 
2013-12-16,-11.3754,-6.5905,0.3512 
2013-12-17,-8.0734,-2.4665,2.8838 
2013-12-18,-5.6846,-3.4609,1.6595 
2013-12-19,-4.6683,5.7911,0.5280 
2013-12-20,3.4382,9.8642,3.4879 
2013-12-21,5.3857,13.4655,28.1016 
2013-12-22,6.2097,16.2078,23.0074 
2013-12-23,-2.1597,8.5974,0.6097 
2013-12-24,-12.1206,-2.1636,1.1944 
2013-12-25,-11.3218,-4.6476,0.2080 
2013-12-26,-4.5521,-2.5743,1.2024 
2013-12-27,-5.4223,2.7670,0.2447 
2013-12-28,0.8903,7.2260,0.0019 
2013-12-29,2.3674,5.4753,2.0313 
2013-12-30,-9.0645,2.8976,2.0398 
2013-12-31,-8.9877,-7.3300,1.6023 
2014-01-01,-8.0519,-4.6942,4.6730 
2014-01-02,-7.4329,-5.2229,6.8562 
2014-01-03,-12.6784,-8.2341,1.6838 
2014-01-04,-13.8189,-0.1967,0.0028 
2014-01-05,-4.0112,3.7184,1.3616 
2014-01-06,-22.2808,6.3886,13.2875 
2014-01-07,-25.4133,-18.3100,0.2404 
2014-01-08,-18.3269,-6.6814,0.2423 
2014-01-09,-12.5954,-1.6618,0.3042 
2014-01-10,-1.9826,5.0214,2.8933 
2014-01-11,1.8049,9.9227,12.9890 
2014-01-12,-1.8092,2.5897,0.9917 
2014-01-13,1.2478,6.3207,0.3998 
2014-01-14,-0.9251,7.0949,2.4707 
2014-01-15,-5.9923,1.6252,0.4001 
2014-01-16,-10.1080,-2.2188,0.7555 
2014-01-17,-2.1231,2.2248,3.4016 
2014-01-18,-12.4047,-1.5922,5.4389 
2014-01-19,-8.4383,-1.5337,0.7898 
2014-01-20,-6.3455,0.3302,0.6542 
2014-01-21,-14.8869,-7.3964,0.4125 
2014-01-22,-17.7202,-12.2127,0.3870 
2014-01-23,-13.1927,-11.3751,1.8623 
2014-01-24,-18.3304,-10.1428,0.4505 
2014-01-25,-9.6398,-2.9195,9.3562 
2014-01-26,-14.7559,-3.0563,3.7225 
2014-01-27,-14.8418,0.1060,6.8742 
2014-01-28,-23.6088,-15.5380,0.1729 
2014-01-29,-22.2579,-11.0977,1.1117e-04 
2014-01-30,-14.3268,-4.2911,6.6625e-05 
2014-01-31,-4.3620,-0.3114,0.2176 
2014-02-01,-2.3034,3.3527,2.4840 
2014-02-02,-4.6183,4.0031,4.0415 
2014-02-03,-8.7361,-4.9935,0.0218 
2014-02-04,-10.3877,-2.7439,0.0279 
2014-02-05,-6.1574,-3.4077,10.7479 
2014-02-06,-14.1134,-6.7930,1.6685 
2014-02-07,-19.1069,-7.6766,0.2156 
2014-02-08,-17.2673,-9.3096,0.0176 
2014-02-09,-10.3023,-6.2463,4.4241 
2014-02-10,-11.4830,-8.4751,0.6378 
2014-02-11,-13.7056,-9.5112,0.4783 
2014-02-12,-14.3416,-1.8307,0.0245 
2014-02-13,-9.1838,-1.5791,0.0665 
2014-02-14,-8.7369,-3.7452,1.4708 
2014-02-15,-10.0623,-5.4731,0.6977 
2014-02-16,-11.3587,-6.2536,2.3568 
2014-02-17,-13.6207,-2.3050,0.4299 
2014-02-18,-4.5549,3.5949,14.0058 
2014-02-19,1.4653,4.2567,0.1832 
2014-02-20,-2.2658,7.0442,9.1818 
2014-02-21,0.5705,7.3258,5.4773 
2014-02-22,0.2077,3.8102,0.0739 
2014-02-23,-2.9203,1.5426,0.5945 
2014-02-24,-9.7694,-3.4360,0.1394 
2014-02-25,-9.9869,-5.2601,0.3323 
2014-02-26,-13.6118,-5.6531,0.4346 
2014-02-27,-14.3592,-10.2464,0.7466 
2014-02-28,-18.4883,-4.4226,0.0269 
2014-03-01,-7.1617,5.2347,0.0018 
2014-03-02,-11.6631,1.2333,4.3838 
2014-03-03,-16.8778,-11.1823,0.0186 
2014-03-04,-16.6086,-4.6527,0.0125 
2014-03-05,-10.9560,-5.7856,0.0616 
2014-03-06,-9.8339,2.2710,5.6708e-04 
2014-03-07,-4.8807,8.2453,1.8492e-05 
2014-03-08,-1.8592,7.0316,2.0813 
2014-03-09,-9.7858,1.5666,0.4077 
2014-03-10,-0.0224,10.2054,0.0219 
2014-03-11,5.1913,11.2503,1.3949e-05 
2014-03-12,-6.3487,8.3618,25.5730 
2014-03-13,-16.4840,-6.2193,0.8041 
2014-03-14,-7.3208,10.0526,0.0902 
2014-03-15,-0.1033,8.8844,2.4637 
2014-03-16,-11.0295,-0.1516,0.0429 
2014-03-17,-10.3771,3.4410,0.0073 
2014-03-18,-4.7793,9.7356,2.4444e-04 
2014-03-19,2.7087,8.2311,7.5277 
2014-03-20,-0.4095,8.0589,1.9271 
2014-03-21,-3.3038,8.0540,1.3815 
2014-03-22,2.2052,9.2443,0.3069 
2014-03-23,-9.1962,2.3712,0.0831 
2014-03-24,-9.7455,-2.1145,0.4854 
2014-03-25,-5.9662,0.2603,0.8565 
2014-03-26,-10.4523,-2.7614,1.4453 
2014-03-27,-7.0717,5.0064,0.1215 
2014-03-28,6.0963,10.9736,1.3819 
2014-03-29,-1.3223,5.4051,5.9153 
2014-03-30,-1.9695,1.8947,4.5030 
2014-03-31,-1.3733,9.7040,3.9896e-04 
2014-04-01,5.4745,15.7077,0.0382 
2014-04-02,2.1532,11.3738,0.0028 
2014-04-03,1.1398,9.4209,18.0832 
2014-04-04,9.7839,16.6600,11.8904 
2014-04-05,-1.5674,9.3467,0.3685 
2014-04-06,1.7312,11.6999,9.9884e-04 
2014-04-07,6.1243,10.6654,8.4494 
2014-04-08,3.7370,10.5404,12.5050 
2014-04-09,0.6344,8.9387,0.0785 
2014-04-10,5.1931,19.3029,0.0036 
2014-04-11,10.3006,18.3944,12.6067 
2014-04-12,10.1456,20.4120,0.0014 
2014-04-13,16.2898,24.5797,0.0023 
2014-04-14,14.4470,24.1535,4.2323 
2014-04-15,-4.0460,12.8809,30.0001 
2014-04-16,-6.1378,5.1382,0.1369 
2014-04-17,-0.1429,15.4282,1.9258e-04 
2014-04-18,6.4459,16.8931,4.0376e-04 
2014-04-19,1.8964,14.4446,4.9362e-05 
2014-04-20,5.9748,21.4893,0.0000 
2014-04-21,10.9284,22.0960,5.8695e-05 
2014-04-22,11.5064,21.1759,2.6282 
2014-04-23,2.7193,10.9428,0.2318 
2014-04-24,1.0189,14.2565,0.0037 
2014-04-25,7.5895,13.7746,7.0959 
2014-04-26,6.5447,12.8210,0.1061 
2014-04-27,-0.0018,14.3340,0.0040 
2014-04-28,7.3114,16.5750,4.6813 
2014-04-29,11.0187,16.2906,17.9422 
2014-04-30,10.5703,15.6324,22.2404 
2014-05-01,8.2965,15.2127,1.2245 
2014-05-02,6.1710,12.9374,0.0303 
2014-05-03,7.7727,13.8696,1.4397 
2014-05-04,7.2771,13.4674,0.2510 
2014-05-05,5.0869,13.3287,0.1283 
2014-05-06,5.8747,15.2562,0.0584 
2014-05-07,8.6919,20.7587,1.6558 
2014-05-08,17.1872,26.2241,0.0489 
2014-05-09,18.0318,25.7949,2.1705 
2014-05-10,16.2302,21.2781,5.3177 
2014-05-11,13.8289,22.9895,0.0041 
2014-05-12,17.0250,25.9858,9.4939 
2014-05-13,20.6633,27.1200,24.3007 
2014-05-14,16.4266,25.9646,7.6586 
2014-05-15,12.5057,19.5499,15.4396 
2014-05-16,4.2247,12.2191,0.2855 
2014-05-17,5.6608,9.9263,2.3308 
2014-05-18,6.1219,14.7216,0.2109 
2014-05-19,11.6883,18.1680,9.5738e-05 
2014-05-20,14.1166,20.7866,0.2345 
2014-05-21,17.5605,21.2288,0.5138 
2014-05-22,16.5314,20.3814,0.0277 
2014-05-23,10.0264,18.2930,0.0017 
2014-05-24,11.3564,20.6560,0.0117 
2014-05-25,16.9415,24.3756,0.0054 
2014-05-26,20.0053,26.7379,0.0062 
2014-05-27,21.1910,26.8164,0.2608 
2014-05-28,19.0214,26.4261,0.4213 
2014-05-29,15.7036,22.4786,0.1977 
2014-05-30,14.0554,23.2892,2.0677e-04 
2014-05-31,17.1598,23.9515,2.9815e-05 
2014-06-01,15.4790,26.6825,6.7814e-06 
2014-06-02,20.3018,27.3912,0.1732 
2014-06-03,18.7067,26.8256,3.2041 
2014-06-04,15.3745,24.7485,2.5190 
2014-06-05,11.8572,17.4563,8.9060 
2014-06-06,11.9161,21.3917,2.5216e-05 
2014-06-07,17.0531,24.8180,4.7731e-05 
2014-06-08,14.6767,24.1242,20.8637 
2014-06-09,13.6331,20.6787,0.0781 
2014-06-10,17.0351,22.5597,0.0114 
2014-06-11,18.6461,26.2724,0.1134 
2014-06-12,17.5977,25.7700,0.1421 
2014-06-13,17.8961,22.7433,0.3484 
2014-06-14,12.1487,18.5436,0.0046 
2014-06-15,13.6543,25.4113,5.3015e-05 
2014-06-16,20.9681,26.2526,7.2213 
2014-06-17,22.3516,30.2631,0.6106 
2014-06-18,22.1265,29.6836,18.4672 
2014-06-19,18.6276,24.6355,22.7334 
2014-06-20,17.3661,23.8335,1.2794 
2014-06-21,16.7372,23.0985,3.1060 
2014-06-22,18.0879,25.3117,0.1886 
2014-06-23,20.3906,27.8339,3.2733 
2014-06-24,20.7574,28.1688,7.3446 
2014-06-25,18.6795,26.4247,38.3693 
2014-06-26,16.5866,22.5880,0.0643 
2014-06-27,18.6418,26.0155,0.0062 
2014-06-28,20.2523,28.7265,9.0774e-05 
2014-06-29,21.5527,27.6606,1.8305 
2014-06-30,21.7341,27.6808,0.1792 
2014-07-01,21.8496,28.9540,0.4170 
2014-07-02,21.2901,28.2485,0.6041 
2014-07-03,18.9265,22.2737,1.5743 
2014-07-04,13.9893,19.2420,0.0080 
2014-07-05,16.1628,22.4322,0.0000 
2014-07-06,18.8667,25.1762,0.0175 
2014-07-07,20.4312,26.1335,1.0831 
2014-07-08,20.2271,24.1376,15.3241 
2014-07-09,16.8802,22.2129,1.8639 
2014-07-10,16.8586,22.9638,0.1383 
2014-07-11,18.6086,26.1113,0.0284 
2014-07-12,20.3728,28.0955,1.8698e-04 
2014-07-13,21.8652,27.6647,2.4684 
2014-07-14,21.6646,26.5201,0.3833 
2014-07-15,17.8661,24.2876,5.7772 
2014-07-16,14.0043,18.9680,0.8822 
2014-07-17,13.8670,20.4374,0.5502 
2014-07-18,16.9910,23.3424,0.0255 
2014-07-19,15.8967,22.8491,11.6801 
2014-07-20,16.6958,23.0280,3.3142 
2014-07-21,18.9370,27.1102,0.0295 
2014-07-22,21.6695,29.9179,0.0087 
2014-07-23,20.8838,29.3017,0.5053 
2014-07-24,15.6004,20.5490,0.0196 
2014-07-25,15.5818,23.4058,4.0678e-04 
2014-07-26,19.0040,26.3002,3.3896 
2014-07-27,18.1397,25.3863,17.9494 
2014-07-28,16.1410,18.2890,19.6747 
2014-07-29,11.8604,18.9144,0.0287 
2014-07-30,13.4400,20.4484,2.7049 
2014-07-31,15.1009,23.5611,3.2834 
2014-08-01,19.1500,25.7556,0.0113 
2014-08-02,16.8232,24.3867,7.1806 
2014-08-03,16.4648,24.0905,2.3225 
2014-08-04,19.7523,26.1194,0.2888 
2014-08-05,21.5381,25.9536,3.1364 
2014-08-06,17.2580,23.2012,1.8420 
2014-08-07,17.5378,24.0748,0.0023 
2014-08-08,18.2485,24.7808,0.0000 
2014-08-09,18.1097,25.4393,1.3988e-05 
2014-08-10,18.3001,26.7947,1.3807e-05 
2014-08-11,19.4405,25.8239,7.8941 
2014-08-12,18.5167,22.3482,29.8430 
2014-08-13,15.0411,19.7755,10.0100 
2014-08-14,16.2358,18.9569,0.0019 
2014-08-15,12.8595,18.8533,2.3038e-05 
2014-08-16,14.6674,24.1113,9.3646e-04 
2014-08-17,18.8032,24.0055,6.0651 
2014-08-18,17.6365,25.5251,0.0140 
2014-08-19,18.6397,27.4799,0.5003 
2014-08-20,19.8867,27.0249,37.4691 
2014-08-21,21.5383,26.4934,0.8916 
2014-08-22,21.0459,26.3480,0.7912 
2014-08-23,20.1169,25.6144,0.0102 
2014-08-24,18.0876,25.6768,0.0031 
2014-08-25,18.7818,25.5506,1.7654e-04 
2014-08-26,19.7197,28.3031,0.8832 
2014-08-27,20.2567,27.6820,0.4968 
2014-08-28,14.9386,20.4366,0.0019 
2014-08-29,14.5060,24.2222,2.4831e-05 
2014-08-30,20.0940,29.4665,2.7608e-04 
2014-08-31,20.0206,27.7605,2.9939 
2014-09-01,21.5869,26.8091,0.1857 
2014-09-02,19.4009,24.0354,2.3421 
2014-09-03,18.5561,25.3673,0.2624 
2014-09-04,20.6814,27.4825,2.9186e-04 
2014-09-05,20.4842,29.8554,0.0051 
2014-09-06,16.6539,28.8483,13.1692 
2014-09-07,15.8049,20.7588,0.0260 
2014-09-08,14.4110,23.7326,7.3741e-04 
2014-09-09,17.1487,23.1993,0.0737 
2014-09-10,18.0562,25.0593,6.6485 
2014-09-11,15.3682,24.0260,26.8708 
2014-09-12,11.8614,16.1869,0.5295 
2014-09-13,10.8609,14.8801,0.3480 
2014-09-14,9.3812,16.1668,0.0244 
2014-09-15,11.1649,18.0939,0.3692 
2014-09-16,12.2374,15.6730,6.7371 
2014-09-17,11.0623,16.5491,0.0118 
2014-09-18,12.7066,17.4166,0.0023 
2014-09-19,10.4527,19.8291,4.7639e-04 
2014-09-20,15.5737,23.7742,0.0125 
2014-09-21,15.6195,22.9111,1.4420 
2014-09-22,9.8063,14.9326,2.6048 
2014-09-23,9.7187,17.9650,2.3387e-06 
2014-09-24,13.1567,21.3398,0.0000 
2014-09-25,12.4463,21.2605,5.0941e-05 
2014-09-26,16.3181,22.1780,1.3991e-05 
2014-09-27,15.9403,22.6242,0.0000 
2014-09-28,17.4215,21.9183,0.0000 
2014-09-29,16.9588,22.2517,4.7972e-05 
2014-09-30,15.0699,20.0887,7.8753 
2014-10-01,12.2264,19.5468,0.1226 
2014-10-02,14.0550,23.3014,3.5878e-05 
2014-10-03,15.2241,21.7998,6.8414 
2014-10-04,4.8069,14.3897,5.4122 
2014-10-05,4.0888,10.0827,0.1378 
2014-10-06,7.4237,16.7145,1.8224 
2014-10-07,10.4315,15.7392,3.7784 
2014-10-08,10.7410,13.7837,0.2107 
2014-10-09,8.3621,13.0245,0.0012 
2014-10-10,8.3925,13.2637,0.0020 
2014-10-11,7.3083,11.5707,5.7931e-04 
2014-10-12,4.5694,16.3986,3.6333e-04 
2014-10-13,12.9789,22.8917,2.0506 
2014-10-14,19.1151,23.9684,0.3721 
2014-10-15,13.8503,20.5139,14.2345 
2014-10-16,10.4813,15.9524,6.8050 
2014-10-17,9.0366,16.6253,0.9725 
2014-10-18,7.3577,15.5966,4.9234 
2014-10-19,5.3930,9.3464,1.0998 
2014-10-20,6.9590,14.4772,2.7406 
2014-10-21,8.6451,10.9428,19.9891 
2014-10-22,7.5936,9.5004,2.1664 
2014-10-23,6.3804,11.4079,0.0216 
2014-10-24,7.5018,13.7588,6.3667e-04 
2014-10-25,9.4450,18.0640,0.0038 
2014-10-26,8.3199,15.9438,2.1900e-04 
2014-10-27,7.9743,19.3907,8.1815e-05 
2014-10-28,15.5025,20.6811,0.4166 
2014-10-29,8.4962,15.0982,0.0883 
2014-10-30,6.0964,8.6371,1.5753 
2014-10-31,4.9613,7.3826,2.0140 
2014-11-01,2.6691,5.7855,6.1913 
2014-11-02,-0.0505,4.8542,0.0373 
2014-11-03,0.1493,12.3533,5.1729e-04 
2014-11-04,8.3179,16.4037,0.1070 
2014-11-05,6.7022,13.4772,4.4746 
2014-11-06,6.7067,10.8977,9.1794 
2014-11-07,1.8575,6.5886,6.8699 
2014-11-08,-0.5658,7.2917,0.1020 
2014-11-09,0.8696,8.4228,0.5648 
2014-11-10,5.1507,14.9479,1.6575e-04 
2014-11-11,11.8537,17.3821,4.4478e-04 
2014-11-12,1.4226,15.9221,1.9693 
2014-11-13,-2.3241,1.1203,1.2227 
2014-11-14,-6.5014,-1.3009,2.1045 
2014-11-15,-6.6825,-0.7415,0.9863 
2014-11-16,-3.0350,1.0663,0.1570 
2014-11-17,-7.5098,0.1351,9.0366 
2014-11-18,-12.7683,-8.4500,0.5149 
2014-11-19,-12.9297,-0.5863,0.8181 
2014-11-20,-8.6373,0.0797,0.4894 
2014-11-21,-8.6935,-4.9286,1.9979 
2014-11-22,-7.7783,5.3215,5.3131 
2014-11-23,4.8739,9.8625,2.8237 
2014-11-24,6.7107,14.7824,5.1826 
2014-11-25,0.6589,5.5958,0.0585 
2014-11-26,-3.0425,1.5367,0.0169 
2014-11-27,-2.0810,-0.0275,1.8021 
2014-11-28,-6.3613,-1.9706,0.9023 
2014-11-29,-4.3417,3.8860,0.3079 
2014-11-30,3.9288,14.2479,0.1173 
2014-12-01,-2.6490,14.2735,1.4124 
2014-12-02,-4.9256,2.3665,1.0303 
2014-12-03,-2.9778,3.1615,0.2506 
2014-12-04,-3.7729,0.8195,0.0369 
2014-12-05,-2.0850,5.3473,1.0083 
2014-12-06,1.8287,5.5047,23.0851 
2014-12-07,-3.1719,2.7450,0.0455 
2014-12-08,-1.3100,4.1687,4.6552e-05 
2014-12-09,1.3795,5.5452,0.1964 
2014-12-10,-1.8261,2.8956,1.4445 
2014-12-11,-3.0997,0.3925,0.4572 
2014-12-12,-2.5350,1.9216,0.0147 
2014-12-13,-3.2638,2.8052,0.0375 
2014-12-14,2.3000,7.0087,0.1998 
2014-12-15,5.8337,8.1027,0.0691 
2014-12-16,5.1468,9.4291,8.2850 
2014-12-17,-1.4984,6.5588,2.5289 
2014-12-18,-3.6946,-1.0357,0.8813 
2014-12-19,-2.9347,-1.4113,0.8790 
2014-12-20,-4.5062,-1.4145,0.0121 
2014-12-21,-5.0250,0.6403,0.0059 
2014-12-22,-3.4622,6.2357,0.0015 
2014-12-23,2.5904,9.6352,1.0146 
2014-12-24,9.1894,13.4806,1.9597 
2014-12-25,2.2082,13.1229,3.3827 
2014-12-26,-0.3353,7.6952,0.0150 
2014-12-27,4.3347,11.1019,0.0908 
2014-12-28,0.1780,9.5912,8.1421 
2014-12-29,-3.2046,-0.0622,0.0321 
2014-12-30,-5.5566,-3.6041,0.0565 
2014-12-31,-10.6467,-5.9416,0.5052 
2015-01-01,-9.3268,-7.4880,0.0025 
