Meteorological forcing data for the Large Basin Runoff Model.      
stc, 02,   <- lake basin, subbasin            
yyyy-mm-dd, Tmin(C), Tmax(C), Prec(mm)                             
2010-01-01,-7.1480,-3.9896,0.1228 
2010-01-02,-12.3684,-7.2379,0.1005 
2010-01-03,-15.0787,-7.0269,0.2126 
2010-01-04,-8.0146,-5.2205,1.0523 
2010-01-05,-8.5698,-4.6045,0.5959 
2010-01-06,-5.5619,-3.0581,0.0900 
2010-01-07,-5.5766,-2.9989,1.4449 
2010-01-08,-5.5470,-3.4796,4.7267 
2010-01-09,-8.9824,-4.4262,0.3312 
2010-01-10,-10.1966,-4.9429,0.0096 
2010-01-11,-10.2885,-5.7729,1.5676 
2010-01-12,-7.2313,-3.2927,0.6257 
2010-01-13,-8.1243,-2.1077,0.0046 
2010-01-14,-3.2262,1.0274,0.0014 
2010-01-15,-0.3038,2.1436,0.0645 
2010-01-16,-4.2914,-0.0064,0.0114 
2010-01-17,-3.2446,1.0057,0.0000 
2010-01-18,-5.4826,0.1627,5.6806e-06 
2010-01-19,-2.8819,0.4573,0.2036 
2010-01-20,-6.4445,-0.9626,0.1001 
2010-01-21,-8.7341,0.3254,0.0013 
2010-01-22,-1.9285,1.8366,0.0388 
2010-01-23,-3.4708,1.3244,0.0695 
2010-01-24,1.2928,5.3422,6.9604 
2010-01-25,0.4107,6.3056,3.9529 
2010-01-26,-3.5103,0.4135,1.0366 
2010-01-27,-6.6639,-0.2598,0.1484 
2010-01-28,-10.7423,-4.0109,0.3901 
2010-01-29,-14.9488,-8.7055,0.0017 
2010-01-30,-13.0736,-8.3843,0.0507 
2010-01-31,-10.7907,-3.6716,0.0588 
2010-02-01,-10.3074,-4.0934,0.0419 
2010-02-02,-5.0609,-2.7036,1.0291 
2010-02-03,-4.4422,-0.4316,1.2034 
2010-02-04,-5.7632,-0.2352,0.0173 
2010-02-05,-3.2322,0.1042,1.0177e-04 
2010-02-06,-8.8267,-1.0245,5.6473e-04 
2010-02-07,-9.0725,-3.0420,0.2657 
2010-02-08,-7.9075,-0.9004,9.6395e-06 
2010-02-09,-8.7674,-2.6653,5.0607 
2010-02-10,-3.8251,-2.0615,12.1267 
2010-02-11,-6.1452,-3.5150,0.7079 
2010-02-12,-9.7791,-2.8638,0.0398 
2010-02-13,-7.0047,-3.3061,0.1311 
2010-02-14,-7.8092,-0.8184,0.0493 
2010-02-15,-6.1889,-1.3507,0.0960 
2010-02-16,-5.5277,-2.0841,2.2716 
2010-02-17,-5.1646,0.1588,0.1427 
2010-02-18,-4.5557,0.1074,0.0055 
2010-02-19,-6.3644,1.3774,5.1210e-07 
2010-02-20,-6.6755,1.0965,9.3777e-04 
2010-02-21,-1.2745,2.8336,0.0393 
2010-02-22,-2.8854,0.9920,13.6951 
2010-02-23,-2.7309,-0.0898,0.3027 
2010-02-24,-2.9737,0.1442,0.5076 
2010-02-25,-5.6362,-1.3129,1.3758 
2010-02-26,-6.0296,-1.6582,4.2615 
2010-02-27,-1.5351,0.3566,3.0233 
2010-02-28,-2.0846,2.8461,0.3654 
2010-03-01,-3.4946,0.9964,0.0110 
2010-03-02,-5.7392,0.6978,0.0167 
2010-03-03,-6.1692,2.1140,0.0195 
2010-03-04,-4.4000,1.3940,0.0000 
2010-03-05,-5.7143,2.4900,0.0000 
2010-03-06,-3.6723,6.2699,0.0000 
2010-03-07,-1.9374,7.9328,0.0000 
2010-03-08,-0.1145,10.6821,1.8718e-07 
2010-03-09,3.7324,10.7948,0.0011 
2010-03-10,3.4141,11.2460,0.2752 
2010-03-11,4.9301,15.5263,0.0509 
2010-03-12,7.0236,14.3799,4.7762 
2010-03-13,3.6880,12.3467,9.6126 
2010-03-14,2.8290,5.8449,8.2827 
2010-03-15,2.5119,9.5032,0.4515 
2010-03-16,1.7435,13.4481,1.3572e-05 
2010-03-17,4.7813,14.8610,0.0000 
2010-03-18,5.6142,17.2568,0.0000 
2010-03-19,6.3786,18.1105,0.0014 
2010-03-20,0.0948,16.5500,0.1215 
2010-03-21,-1.8112,6.7773,0.2651 
2010-03-22,0.1210,6.1613,2.5636 
2010-03-23,2.3492,9.6262,0.2157 
2010-03-24,0.9292,12.8665,0.0000 
2010-03-25,-0.8979,12.2161,0.8202 
2010-03-26,-5.2763,0.1279,0.0014 
2010-03-27,-3.8275,5.5466,0.0718 
2010-03-28,3.1787,6.3736,7.9477 
2010-03-29,1.9659,7.1145,0.9020 
2010-03-30,-1.4655,10.6910,0.0013 
2010-03-31,4.4957,17.2460,0.0058 
2010-04-01,11.4303,23.7294,0.0069 
2010-04-02,12.4203,24.7077,0.0000 
2010-04-03,11.8183,23.9895,0.4399 
2010-04-04,7.1137,18.8407,0.0346 
2010-04-05,9.5258,21.5213,2.3356 
2010-04-06,8.4763,24.1237,12.5931 
2010-04-07,9.4213,23.8039,10.9760 
2010-04-08,7.1828,14.2232,11.8374 
2010-04-09,-1.0637,6.3551,0.0102 
2010-04-10,0.9365,17.6692,0.0000 
2010-04-11,8.0369,17.6480,0.7519 
2010-04-12,5.8484,15.0748,0.0000 
2010-04-13,5.0903,13.2734,0.7152 
2010-04-14,5.9315,16.1777,0.3443 
2010-04-15,10.0865,27.8044,1.1779e-04 
2010-04-16,15.6677,26.4591,0.0000 
2010-04-17,3.6259,13.7883,0.0027 
2010-04-18,3.5025,10.7767,0.0152 
2010-04-19,1.6484,12.8649,0.0000 
2010-04-20,5.2372,14.5805,0.0000 
2010-04-21,7.6087,16.8920,0.0290 
2010-04-22,1.7838,10.4750,0.0099 
2010-04-23,1.6980,14.1472,0.0171 
2010-04-24,6.9948,14.7691,0.5274 
2010-04-25,10.5848,14.7025,16.5951 
2010-04-26,8.5835,13.4497,0.4507 
2010-04-27,2.2754,10.0401,3.7781e-08 
2010-04-28,1.9974,12.8947,0.0000 
2010-04-29,7.7595,16.0245,0.5777 
2010-04-30,11.6019,24.3426,0.0611 
2010-05-01,17.9866,23.8516,3.6659 
2010-05-02,16.4488,20.6920,9.7702 
2010-05-03,13.4291,20.8184,14.4805 
2010-05-04,13.1155,20.9777,0.1009 
2010-05-05,15.0671,23.3023,3.6994 
2010-05-06,9.4291,18.1548,0.0229 
2010-05-07,7.6957,15.1915,14.1355 
2010-05-08,5.1202,14.9680,11.0243 
2010-05-09,-0.2782,9.8023,0.0690 
2010-05-10,1.1144,11.2329,0.0019 
2010-05-11,5.7536,10.1012,26.7358 
2010-05-12,5.7494,13.2658,2.7370 
2010-05-13,5.7112,14.1246,10.8825 
2010-05-14,11.9286,18.9856,0.4872 
2010-05-15,8.3050,16.2909,7.1207e-04 
2010-05-16,7.9353,16.1376,5.6702e-05 
2010-05-17,9.8262,17.0119,0.4404 
2010-05-18,9.9806,15.8940,7.4731 
2010-05-19,8.6908,21.5422,0.0424 
2010-05-20,16.5491,25.3760,0.0203 
2010-05-21,16.3314,24.4230,0.4634 
2010-05-22,15.5299,22.2883,1.8844 
2010-05-23,15.4830,24.1992,0.0208 
2010-05-24,16.8625,26.1754,0.0028 
2010-05-25,18.3462,25.8339,0.0088 
2010-05-26,20.7939,28.0479,0.0000 
2010-05-27,23.2057,27.8060,6.7541e-04 
2010-05-28,17.3497,25.2862,1.3508e-04 
2010-05-29,17.4470,25.6559,0.0000 
2010-05-30,16.3872,27.2893,0.0000 
2010-05-31,19.3833,29.1703,7.0965 
2010-06-01,16.5375,25.4278,1.7274 
2010-06-02,18.7683,25.2661,14.9486 
2010-06-03,13.1214,23.3742,1.4506 
2010-06-04,13.0866,23.7367,1.0313 
2010-06-05,17.9842,25.2401,2.5559 
2010-06-06,14.0011,23.0715,41.4767 
2010-06-07,9.2756,17.8666,0.4657 
2010-06-08,11.4877,18.7775,0.1101 
2010-06-09,12.6623,25.3491,8.0478 
2010-06-10,14.5570,23.5321,0.1274 
2010-06-11,14.6276,24.9176,0.4702 
2010-06-12,20.7714,28.5316,0.6210 
2010-06-13,15.9412,22.5388,0.3405 
2010-06-14,16.4570,23.3407,0.3263 
2010-06-15,16.6275,23.3008,0.2026 
2010-06-16,18.7562,24.3246,3.1078 
2010-06-17,13.8082,22.3257,0.0047 
2010-06-18,17.4460,27.9608,0.0324 
2010-06-19,22.0347,27.9053,0.7276 
2010-06-20,17.3143,26.9599,0.0015 
2010-06-21,17.1683,25.7958,0.0014 
2010-06-22,18.7143,28.3547,7.8736 
2010-06-23,22.3496,30.7450,1.9096 
2010-06-24,18.7716,30.6542,4.0283 
2010-06-25,15.3351,25.3844,0.0110 
2010-06-26,19.3368,27.8169,0.0993 
2010-06-27,17.6713,28.9645,1.9098 
2010-06-28,20.9309,26.8861,0.6513 
2010-06-29,12.5233,24.5261,4.5097e-04 
2010-06-30,10.3661,19.8295,0.0109 
2010-07-01,11.4729,20.0454,0.0148 
2010-07-02,14.4796,22.9402,0.0170 
2010-07-03,18.4852,27.0431,0.0126 
2010-07-04,21.7953,31.9501,0.0282 
2010-07-05,24.4184,32.1895,0.0119 
2010-07-06,25.0033,32.6354,0.0223 
2010-07-07,26.0587,32.3511,0.2687 
2010-07-08,25.4517,31.7514,3.8496 
2010-07-09,21.4502,29.5492,3.0877 
2010-07-10,20.7527,26.3759,0.1054 
2010-07-11,22.4498,28.3675,0.5869 
2010-07-12,19.2364,28.1898,25.1598 
2010-07-13,17.4172,25.8426,0.4265 
2010-07-14,18.5558,27.5800,0.0027 
2010-07-15,22.8459,30.5706,0.6690 
2010-07-16,21.1469,28.0326,21.6490 
2010-07-17,22.9593,29.1152,2.2342 
2010-07-18,20.5957,30.9994,0.6917 
2010-07-19,20.8809,30.4497,1.3812 
2010-07-20,19.1507,25.5644,2.1681 
2010-07-21,19.5619,27.0348,0.0739 
2010-07-22,20.8029,26.3833,0.1079 
2010-07-23,18.0554,31.2764,7.4453 
2010-07-24,22.4098,31.0016,4.4651 
2010-07-25,19.8914,29.1582,4.8155 
2010-07-26,19.2456,26.1415,0.0766 
2010-07-27,22.1590,26.4932,0.0030 
2010-07-28,21.9768,29.7534,6.4907 
2010-07-29,16.1231,24.9428,0.0131 
2010-07-30,18.5839,24.5573,0.0139 
2010-07-31,18.7713,24.6678,0.0233 
2010-08-01,19.2071,25.9538,6.1022e-04 
2010-08-02,21.9662,26.6752,0.0338 
2010-08-03,23.2583,29.0335,2.1265e-04 
2010-08-04,24.3924,28.9338,0.1485 
2010-08-05,22.0259,28.5062,0.3391 
2010-08-06,17.1715,25.1487,0.0880 
2010-08-07,16.8551,23.0617,0.0064 
2010-08-08,21.1036,29.6968,0.0027 
2010-08-09,21.5556,29.6158,1.3813 
2010-08-10,21.7840,28.3336,0.0313 
2010-08-11,20.0682,28.2282,0.0040 
2010-08-12,19.6058,28.2300,9.8544 
2010-08-13,20.6218,28.3520,0.0161 
2010-08-14,23.5331,31.3485,0.8954 
2010-08-15,21.7941,30.8495,1.1799 
2010-08-16,18.7833,26.3655,0.1326 
2010-08-17,18.9340,26.0436,0.0095 
2010-08-18,18.2138,24.8397,0.1936 
2010-08-19,20.6866,27.9180,0.9261 
2010-08-20,17.4698,25.4614,1.5303 
2010-08-21,20.0900,27.5885,5.5207 
2010-08-22,19.2319,22.4307,0.8352 
2010-08-23,18.9200,23.3477,0.0641 
2010-08-24,15.5415,23.3949,0.2210 
2010-08-25,18.9753,23.9905,0.3491 
2010-08-26,13.0947,23.2861,0.0265 
2010-08-27,15.9554,24.0336,0.0127 
2010-08-28,19.5944,25.4106,0.0150 
2010-08-29,19.7975,29.5643,0.0324 
2010-08-30,23.7550,31.0091,0.0584 
2010-08-31,24.7055,30.4661,0.1734 
2010-09-01,23.5160,30.3395,0.1034 
2010-09-02,21.0466,26.4486,0.7585 
2010-09-03,17.8056,25.0654,5.7719 
2010-09-04,12.5004,18.8940,0.1406 
2010-09-05,11.5073,19.3288,0.0515 
2010-09-06,18.0331,25.3467,0.7401 
2010-09-07,20.2006,27.5957,0.0799 
2010-09-08,14.2831,23.0985,0.0000 
2010-09-09,10.0776,17.7769,0.0117 
2010-09-10,10.4345,19.0405,0.2962 
2010-09-11,13.0005,19.4759,5.7860 
2010-09-12,11.3079,21.6304,3.9699 
2010-09-13,15.2618,23.4033,1.3379 
2010-09-14,12.7626,20.7414,6.0424e-06 
2010-09-15,10.6456,18.4394,6.1244e-04 
2010-09-16,13.8730,21.8435,22.1656 
2010-09-17,10.3322,16.0128,0.3826 
2010-09-18,14.7094,21.6225,2.5581 
2010-09-19,10.7950,18.3443,0.0747 
2010-09-20,10.5162,18.3935,0.0025 
2010-09-21,14.7948,28.8013,5.2646e-04 
2010-09-22,18.2272,28.5021,7.9007 
2010-09-23,13.7247,27.6179,0.0186 
2010-09-24,23.2098,27.3620,2.1353e-04 
2010-09-25,12.1405,21.3387,0.0000 
2010-09-26,7.2664,14.0440,0.0200 
2010-09-27,10.3557,15.6768,1.3249 
2010-09-28,12.3471,13.5297,49.8273 
2010-09-29,11.8727,17.3427,0.2450 
2010-09-30,15.1661,18.8551,0.0130 
2010-10-01,8.3192,15.6407,0.0100 
2010-10-02,7.7356,12.7159,19.3552 
2010-10-03,6.1131,10.5396,2.9407 
2010-10-04,5.0788,12.3253,0.0323 
2010-10-05,7.7285,15.5279,0.0000 
2010-10-06,8.3437,17.9397,1.4837e-04 
2010-10-07,9.3879,18.6114,1.4242e-04 
2010-10-08,11.2245,23.6571,0.0000 
2010-10-09,12.9909,21.2556,0.0156 
2010-10-10,12.7077,23.3316,0.0031 
2010-10-11,13.9029,21.0494,0.5869 
2010-10-12,7.9935,14.3138,0.0446 
2010-10-13,9.1822,15.1630,2.0516 
2010-10-14,8.0801,14.2007,18.4882 
2010-10-15,6.5427,13.4477,0.5042 
2010-10-16,6.0371,15.0333,3.6296e-06 
2010-10-17,7.7176,14.1871,0.0011 
2010-10-18,7.0979,11.8109,3.2472e-04 
2010-10-19,4.4049,12.2644,0.0058 
2010-10-20,7.7963,16.1058,0.0969 
2010-10-21,4.2453,14.7135,11.2139 
2010-10-22,1.8238,11.4873,0.0803 
2010-10-23,9.1834,18.3760,1.0380 
2010-10-24,13.7720,20.3238,0.8789 
2010-10-25,15.5399,19.9982,0.4140 
2010-10-26,12.9553,20.5194,4.1788 
2010-10-27,11.8061,16.3145,0.1895 
2010-10-28,7.2956,15.2501,0.0450 
2010-10-29,3.3170,9.5027,0.0000 
2010-10-30,5.1913,11.7590,0.0000 
2010-10-31,1.0187,10.9044,9.3665e-04 
2010-11-01,0.4462,6.5004,0.0122 
2010-11-02,2.3009,7.1667,0.0177 
2010-11-03,1.6719,7.8907,0.5927 
2010-11-04,1.3401,8.1297,1.7125 
2010-11-05,2.1067,5.7735,5.2340 
2010-11-06,-2.5271,4.8038,0.4095 
2010-11-07,0.8091,8.2806,0.1062 
2010-11-08,4.9384,11.8087,6.5773e-04 
2010-11-09,4.9736,11.1480,0.0000 
2010-11-10,3.4695,11.8674,0.2621 
2010-11-11,3.5309,11.3210,0.0036 
2010-11-12,6.5635,13.3030,0.1579 
2010-11-13,6.0300,13.5786,0.0440 
2010-11-14,4.4239,12.5171,2.0579 
2010-11-15,2.5521,8.1088,0.0110 
2010-11-16,4.0573,10.1715,0.7419 
2010-11-17,5.6954,10.4473,19.4545 
2010-11-18,1.3437,8.3386,0.0174 
2010-11-19,0.0030,6.5154,0.0129 
2010-11-20,1.7324,7.7484,1.0235e-04 
2010-11-21,-0.8622,11.7443,0.0583 
2010-11-22,11.9737,15.0138,9.0833 
2010-11-23,-0.1689,15.4449,7.1741 
2010-11-24,-3.7597,2.6780,0.0463 
2010-11-25,2.6782,9.6271,12.4817 
2010-11-26,-5.2471,8.1966,11.0380 
2010-11-27,-2.5227,2.4983,0.0404 
2010-11-28,-3.3047,1.7528,5.4500e-06 
2010-11-29,1.3986,5.6160,0.0000 
2010-11-30,5.2831,11.5914,14.8236 
2010-12-01,-2.9475,7.9056,2.3389 
2010-12-02,-2.7273,-0.9848,0.2568 
2010-12-03,-4.3392,0.2078,0.1728 
2010-12-04,-4.9028,0.0757,0.3665 
2010-12-05,-6.0286,-1.8351,0.1499 
2010-12-06,-4.3181,-2.6197,0.1497 
2010-12-07,-6.0403,-3.6672,0.0699 
2010-12-08,-7.1920,-3.7251,0.6741 
2010-12-09,-9.6917,-3.5417,0.1287 
2010-12-10,-3.3329,3.0887,1.8691 
2010-12-11,-1.0012,2.6224,0.0660 
2010-12-12,-0.4670,2.4424,22.0224 
2010-12-13,-9.0031,-1.4096,3.4506 
2010-12-14,-11.4086,-7.3373,0.3905 
2010-12-15,-10.4023,-4.5954,0.0635 
2010-12-16,-10.3826,-4.9862,0.0014 
2010-12-17,-7.6018,-2.7273,0.0288 
2010-12-18,-8.9220,-3.2577,0.2211 
2010-12-19,-8.3019,-3.3749,0.5689 
2010-12-20,-6.3700,-1.2987,0.2146 
2010-12-21,-4.6379,-2.5564,4.5492e-04 
2010-12-22,-4.8877,-0.5905,0.4329 
2010-12-23,-4.1439,-1.3015,0.0161 
2010-12-24,-5.6814,-1.7230,0.1985 
2010-12-25,-3.7772,-2.8148,0.4651 
2010-12-26,-5.8969,-3.1394,0.4394 
2010-12-27,-5.9737,-3.2367,0.2963 
2010-12-28,-6.9101,-1.7583,0.0540 
2010-12-29,-7.1312,-1.8546,0.0010 
2010-12-30,-3.0917,2.6104,0.8304 
2010-12-31,2.4725,7.2297,1.8407 
2011-01-01,0.1476,9.7495,10.2379 
2011-01-02,-7.8816,-1.1720,0.1713 
2011-01-03,-8.0084,-1.2641,0.0646 
2011-01-04,-2.8247,0.5711,1.8631 
2011-01-05,-9.0930,-2.2078,1.1886 
2011-01-06,-5.7066,-2.1824,2.5224 
2011-01-07,-10.2676,-3.4842,1.3477 
2011-01-08,-9.4445,-4.6225,1.4012 
2011-01-09,-10.9856,-3.8610,0.5016 
2011-01-10,-9.6184,-3.9832,0.0000 
2011-01-11,-9.4966,-4.6738,6.2264 
2011-01-12,-5.7765,-4.2303,7.4649 
2011-01-13,-10.7277,-5.1373,0.6340 
2011-01-14,-7.8725,-5.8778,1.1373 
2011-01-15,-6.7762,-2.7115,4.0040 
2011-01-16,-12.6483,-2.9259,0.0633 
2011-01-17,-13.3297,-5.0133,0.0683 
2011-01-18,-4.2717,2.2511,5.2394 
2011-01-19,-5.8533,-0.9073,0.3595 
2011-01-20,-9.8858,-5.9699,0.4905 
2011-01-21,-11.5681,-6.0405,0.7930 
2011-01-22,-14.6582,-10.6208,1.5020 
2011-01-23,-13.0228,-9.2298,1.6734 
2011-01-24,-15.1880,-6.1019,1.2878 
2011-01-25,-5.5541,-1.2198,0.4024 
2011-01-26,-3.8948,-0.7441,0.0768 
2011-01-27,-5.4243,-1.5860,2.2495 
2011-01-28,-5.9675,-1.1636,2.1401 
2011-01-29,-5.9660,-2.6749,7.2514 
2011-01-30,-7.8086,-4.0273,0.1499 
2011-01-31,-12.5283,-7.3722,0.0477 
2011-02-01,-10.9796,-7.2334,0.4719 
2011-02-02,-8.7309,-2.5599,19.1167 
2011-02-03,-12.0023,-5.9319,0.0357 
2011-02-04,-12.6669,-6.7943,3.8812e-04 
2011-02-05,-11.8880,-3.9036,4.0037 
2011-02-06,-10.6791,-3.4034,0.8336 
2011-02-07,-3.4476,-1.1240,1.2398 
2011-02-08,-12.3823,-3.2381,0.0985 
2011-02-09,-12.4478,-7.2473,0.0682 
2011-02-10,-17.0916,-8.1940,0.0881 
2011-02-11,-17.2410,-7.1297,0.1022 
2011-02-12,-7.2157,-2.0569,0.0832 
2011-02-13,-3.6102,3.5311,2.3392 
2011-02-14,-0.9883,3.2620,0.0076 
2011-02-15,-8.5312,-1.9102,3.9977e-07 
2011-02-16,-5.2886,3.2760,0.1201 
2011-02-17,1.7820,8.4567,0.0393 
2011-02-18,4.1388,12.2644,0.0374 
2011-02-19,-5.0018,2.8607,2.3352e-05 
2011-02-20,-6.3653,-1.0139,3.6324 
2011-02-21,-7.3242,-2.3935,24.3948 
2011-02-22,-12.9338,-6.3915,8.3094e-06 
2011-02-23,-9.1145,-5.1363,0.0291 
2011-02-24,-6.1034,1.6499,2.2418 
2011-02-25,-4.3130,-0.4713,4.8923 
2011-02-26,-6.5253,-1.2092,2.6516 
2011-02-27,-3.4586,1.2599,1.2480 
2011-02-28,-1.4554,2.0765,14.0729 
2011-03-01,-7.4883,0.6189,0.0031 
2011-03-02,-5.1158,2.3236,0.0026 
2011-03-03,-11.3987,-3.8110,0.0322 
2011-03-04,-3.8781,5.2374,1.4035 
2011-03-05,-0.6287,7.7816,19.6345 
2011-03-06,-5.2987,-1.1494,3.9344 
2011-03-07,-10.9005,-1.0769,4.0145e-04 
2011-03-08,-5.4524,1.6462,0.0000 
2011-03-09,0.7445,5.8435,16.6175 
2011-03-10,1.5767,7.3729,6.7849 
2011-03-11,-0.2838,3.3350,10.2602 
2011-03-12,-2.3439,4.5139,0.0733 
2011-03-13,-0.4708,2.3018,0.1487 
2011-03-14,-5.7932,0.6490,0.1758 
2011-03-15,-3.9968,4.1418,0.6871 
2011-03-16,3.5409,11.0946,4.2406 
2011-03-17,4.6760,14.3000,0.0020 
2011-03-18,7.1407,16.1476,1.0398e-04 
2011-03-19,-2.6910,8.5070,0.0000 
2011-03-20,-3.9654,7.6315,0.5733 
2011-03-21,6.1512,12.5091,18.1423 
2011-03-22,-0.9642,8.9894,0.7175 
2011-03-23,-2.8875,2.3870,14.4709 
2011-03-24,-5.1886,-2.0277,0.0921 
2011-03-25,-11.1074,-2.3706,0.0467 
2011-03-26,-10.8556,-2.6381,0.1296 
2011-03-27,-8.1694,-0.6670,0.0122 
2011-03-28,-10.4030,0.9718,0.0020 
2011-03-29,-6.3328,4.1840,7.1528e-05 
2011-03-30,-3.0949,3.4570,0.0020 
2011-03-31,-2.0515,5.6091,0.0253 
2011-04-01,-0.3350,6.3060,0.0255 
2011-04-02,1.9248,7.9198,0.2552 
2011-04-03,0.6133,5.4997,5.0331 
2011-04-04,3.7653,16.6513,4.4739 
2011-04-05,-0.2084,7.8810,0.2712 
2011-04-06,0.6595,6.2047,10.4475 
2011-04-07,0.3493,10.5757,0.2292 
2011-04-08,3.8129,8.5378,1.4440 
2011-04-09,1.6640,10.3489,0.0119 
2011-04-10,6.2322,23.7148,0.0296 
2011-04-11,13.3798,23.2941,0.8414 
2011-04-12,2.8402,12.8048,0.0012 
2011-04-13,1.9462,15.1680,0.0025 
2011-04-14,3.4354,13.6745,0.0081 
2011-04-15,0.9851,12.4506,0.0546 
2011-04-16,8.1697,14.2410,17.2526 
2011-04-17,1.9037,9.8461,2.0810 
2011-04-18,-2.2186,4.4680,2.2826 
2011-04-19,-0.9429,6.8661,0.6493 
2011-04-20,3.8039,7.7168,11.7331 
2011-04-21,-0.7199,9.0471,0.2280 
2011-04-22,1.5817,7.1659,2.9016 
2011-04-23,6.5884,18.5033,20.6518 
2011-04-24,5.5340,16.2761,0.0186 
2011-04-25,8.1451,12.9072,7.1531 
2011-04-26,7.8710,19.6101,2.9960 
2011-04-27,14.2542,18.4773,12.2702 
2011-04-28,8.3913,16.4860,9.8894 
2011-04-29,2.9399,12.2928,1.8959 
2011-04-30,4.7762,11.6870,0.0253 
2011-05-01,9.7991,19.0241,5.4841 
2011-05-02,7.1733,19.2184,0.0804 
2011-05-03,4.0089,13.1975,4.5642 
2011-05-04,3.2380,11.6673,0.2755 
2011-05-05,6.3684,16.2991,0.0379 
2011-05-06,10.0693,15.2664,5.1035 
2011-05-07,9.4455,16.3623,0.3477 
2011-05-08,5.3356,16.0680,0.0000 
2011-05-09,6.6810,16.7478,0.0000 
2011-05-10,10.6251,18.0852,1.7571 
2011-05-11,12.9643,23.2853,0.0319 
2011-05-12,15.2922,26.5452,2.8108 
2011-05-13,16.9019,25.3616,1.8355 
2011-05-14,12.0430,22.6514,1.8087 
2011-05-15,6.6422,12.7995,29.1131 
2011-05-16,4.6532,6.6373,9.0682 
2011-05-17,5.8445,13.4432,0.6563 
2011-05-18,12.5502,19.3815,6.4683 
2011-05-19,12.4196,18.3768,11.7782 
2011-05-20,13.3691,21.5853,0.0000 
2011-05-21,11.2967,22.1131,0.2064 
2011-05-22,16.7878,26.2017,4.5861 
2011-05-23,17.5974,25.9619,4.9852 
2011-05-24,14.8926,21.0802,0.3914 
2011-05-25,7.7125,20.2120,22.2131 
2011-05-26,8.5450,17.0419,26.0608 
2011-05-27,6.9752,14.9622,2.7130 
2011-05-28,11.4822,19.0880,0.5480 
2011-05-29,15.8565,23.9167,5.1254 
2011-05-30,17.5480,27.7720,1.5757 
2011-05-31,21.4592,29.8889,5.6866e-06 
2011-06-01,20.7567,29.2252,0.0153 
2011-06-02,12.1657,21.0063,0.0251 
2011-06-03,11.4687,19.1093,0.0399 
2011-06-04,15.0616,31.0525,0.0458 
2011-06-05,17.3629,26.5155,0.0228 
2011-06-06,16.7541,25.2965,0.0062 
2011-06-07,19.5739,32.6782,0.0308 
2011-06-08,25.6704,33.2859,0.1005 
2011-06-09,20.0223,32.3589,0.5045 
2011-06-10,10.4862,20.3076,3.2639 
2011-06-11,13.5248,23.4782,0.0692 
2011-06-12,9.9795,23.3349,0.0111 
2011-06-13,11.9712,21.6625,0.0000 
2011-06-14,11.0657,19.5626,0.0056 
2011-06-15,15.2725,21.2745,0.0170 
2011-06-16,15.6553,23.8859,3.7384 
2011-06-17,16.6187,23.5982,1.5960 
2011-06-18,17.7118,24.8762,0.0125 
2011-06-19,16.0586,25.6611,0.0073 
2011-06-20,16.9236,25.7059,0.1395 
2011-06-21,18.7924,27.2918,0.3748 
2011-06-22,18.8468,26.9898,76.2150 
2011-06-23,18.3937,21.3710,6.1779 
2011-06-24,17.0763,20.9495,4.9108 
2011-06-25,14.3272,23.4144,0.0357 
2011-06-26,17.7304,23.1168,0.0014 
2011-06-27,16.4222,23.6889,0.1381 
2011-06-28,18.4391,22.1239,0.0255 
2011-06-29,13.5736,22.2688,6.0692e-04 
2011-06-30,16.4659,25.6120,0.0000 
2011-07-01,19.5160,27.8399,3.6951e-05 
2011-07-02,20.6552,29.9296,8.2512 
2011-07-03,19.8539,28.3428,5.2646 
2011-07-04,20.4186,26.5207,0.0071 
2011-07-05,20.4706,30.3745,0.0112 
2011-07-06,22.2801,30.2527,0.1275 
2011-07-07,17.5939,25.7824,0.0025 
2011-07-08,18.7022,27.6535,0.0286 
2011-07-09,18.2979,27.7864,0.0204 
2011-07-10,21.6913,30.7174,1.4043e-07 
2011-07-11,24.6486,31.2997,4.2470 
2011-07-12,21.3635,31.4066,0.0096 
2011-07-13,15.7958,26.8852,0.0514 
2011-07-14,15.5136,24.6287,0.0398 
2011-07-15,18.9521,27.2773,0.0178 
2011-07-16,20.7502,28.7048,0.0144 
2011-07-17,23.1538,30.3811,0.0065 
2011-07-18,23.9496,33.8626,3.3749 
2011-07-19,21.3696,30.9441,12.7193 
2011-07-20,23.5508,32.3067,0.2158 
2011-07-21,29.2984,35.9959,0.0274 
2011-07-22,23.6316,35.3341,0.3554 
2011-07-23,22.4804,29.8094,0.2977 
2011-07-24,21.2284,28.5166,0.1595 
2011-07-25,20.1987,27.0246,0.2762 
2011-07-26,21.0480,26.7431,0.0016 
2011-07-27,18.1486,25.3328,0.4873 
2011-07-28,21.8572,29.8125,33.6382 
2011-07-29,21.4027,29.9983,20.4152 
2011-07-30,22.2504,28.4042,0.0012 
2011-07-31,24.1720,31.5734,0.0026 
2011-08-01,24.4397,30.9452,0.0403 
2011-08-02,22.8908,29.3049,0.3100 
2011-08-03,21.5980,28.6860,6.8378 
2011-08-04,18.8464,24.9506,0.2458 
2011-08-05,20.6219,27.2753,9.0756e-05 
2011-08-06,21.0435,27.7364,3.1847 
2011-08-07,20.4464,27.5322,5.2703 
2011-08-08,18.7140,24.7757,7.1056 
2011-08-09,16.9514,25.6935,23.5239 
2011-08-10,18.0190,24.0949,0.0757 
2011-08-11,15.7001,24.9924,0.0035 
2011-08-12,19.7768,25.7800,0.0099 
2011-08-13,21.4879,25.9156,0.8521 
2011-08-14,17.7513,25.2136,8.2260 
2011-08-15,16.3620,23.4983,0.4071 
2011-08-16,16.8523,25.7999,0.0000 
2011-08-17,20.9771,26.1324,0.0000 
2011-08-18,21.8480,25.8725,0.2664 
2011-08-19,20.1971,26.9541,0.0427 
2011-08-20,20.6768,27.2871,2.8801 
2011-08-21,16.0775,23.6862,11.3211 
2011-08-22,12.3922,21.9076,0.0805 
2011-08-23,18.9090,24.5390,0.0113 
2011-08-24,18.7589,29.7266,6.8970 
2011-08-25,17.4643,22.9717,11.2202 
2011-08-26,16.3659,22.8457,6.5972e-05 
2011-08-27,18.8245,24.9376,0.0016 
2011-08-28,16.2748,21.2264,0.0025 
2011-08-29,15.0638,23.4465,6.0201e-06 
2011-08-30,19.0651,23.9260,0.0000 
2011-08-31,19.6095,24.1136,0.1051 
2011-09-01,18.6662,29.7573,0.8092 
2011-09-02,23.6345,31.1755,0.0028 
2011-09-03,22.7932,31.6867,0.1851 
2011-09-04,19.7161,30.9762,7.1904 
2011-09-05,13.6998,21.5928,0.2075 
2011-09-06,11.7146,17.1310,0.1777 
2011-09-07,12.5415,17.7702,11.2859 
2011-09-08,15.3885,20.6763,10.9866 
2011-09-09,16.0837,22.8733,0.4636 
2011-09-10,16.6763,23.0849,18.6893 
2011-09-11,18.2830,22.8866,1.0631 
2011-09-12,17.8201,25.9932,0.1929 
2011-09-13,20.5024,24.9816,0.1077 
2011-09-14,12.3941,20.7182,3.2264 
2011-09-15,6.5456,13.7931,2.7439 
2011-09-16,7.5677,13.4383,0.0095 
2011-09-17,10.1282,16.6474,0.0015 
2011-09-18,9.1413,18.0393,0.0000 
2011-09-19,15.5226,18.1838,24.8593 
2011-09-20,12.9800,18.1988,0.5868 
2011-09-21,13.8889,21.7152,0.0563 
2011-09-22,14.8005,20.2271,0.1556 
2011-09-23,12.6186,19.4306,21.4500 
2011-09-24,10.3761,17.1568,0.3646 
2011-09-25,13.1305,20.3495,0.0880 
2011-09-26,16.5170,21.2524,9.7097 
2011-09-27,14.3080,18.4628,1.2422 
2011-09-28,14.0183,17.0825,1.2526 
2011-09-29,11.3170,16.6315,2.2832 
2011-09-30,7.3673,14.8352,8.1550 
2011-10-01,7.0987,10.3958,5.5641 
2011-10-02,6.4473,13.0788,0.4615 
2011-10-03,8.0481,14.1713,2.4861 
2011-10-04,8.9770,19.8507,0.0378 
2011-10-05,14.8871,20.5753,3.9068e-04 
2011-10-06,12.0466,19.7113,0.0126 
2011-10-07,13.2943,21.9072,0.0029 
2011-10-08,15.5396,22.4147,0.0148 
2011-10-09,17.0340,23.0806,0.0058 
2011-10-10,16.9006,23.2326,5.9105e-04 
2011-10-11,15.3680,21.5921,6.9948e-05 
2011-10-12,13.9036,19.5538,8.4873 
2011-10-13,13.5228,16.6729,1.4014 
2011-10-14,11.7009,15.8209,2.9392 
2011-10-15,8.0482,11.3990,3.0930 
2011-10-16,9.8416,14.9028,0.0123 
2011-10-17,7.5646,13.7273,4.7075e-04 
2011-10-18,7.2457,12.8749,0.0719 
2011-10-19,7.5721,12.1065,35.3376 
2011-10-20,7.0700,11.6354,31.6093 
2011-10-21,5.3253,9.7839,1.1419 
2011-10-22,4.1922,11.4055,0.0311 
2011-10-23,8.2901,13.7383,1.4340e-06 
2011-10-24,10.8179,13.7546,4.2160 
2011-10-25,7.2464,14.8153,1.5538 
2011-10-26,8.8312,15.4256,1.5650 
2011-10-27,3.9491,8.4514,1.6624 
2011-10-28,3.4798,8.0390,0.0959 
2011-10-29,6.1042,7.9334,1.4244 
2011-10-30,3.5778,8.6012,3.4485 
2011-10-31,8.1237,9.1561,0.8889 
2011-11-01,6.7068,11.4255,0.0060 
2011-11-02,8.7612,14.5356,0.0000 
2011-11-03,7.5678,14.2072,4.3763e-04 
2011-11-04,2.3716,8.6405,0.0051 
2011-11-05,0.8485,8.5482,0.0042 
2011-11-06,6.6611,13.4268,0.0000 
2011-11-07,10.6958,15.4985,0.0976 
2011-11-08,10.4707,16.1109,1.0900 
2011-11-09,13.3084,15.6349,5.5742 
2011-11-10,3.9870,11.2249,0.6445 
2011-11-11,-0.5130,4.8424,0.0021 
2011-11-12,3.4266,13.1486,0.0098 
2011-11-13,10.2185,15.2741,0.0181 
2011-11-14,8.1966,15.6512,11.3024 
2011-11-15,6.5063,10.6933,0.0167 
2011-11-16,4.1383,10.4004,0.0034 
2011-11-17,-0.4360,3.2237,0.0386 
2011-11-18,-2.6151,5.8643,0.1058 
2011-11-19,5.1920,9.1225,3.8083e-04 
2011-11-20,4.6959,13.3694,0.0256 
2011-11-21,-1.9347,4.9684,2.1605e-05 
2011-11-22,-2.4709,4.5387,6.5327 
2011-11-23,2.9419,7.5155,23.3404 
2011-11-24,1.8959,8.6028,1.7088e-04 
2011-11-25,5.4758,10.9584,0.0132 
2011-11-26,8.2565,12.2288,0.0834 
2011-11-27,6.3528,12.7782,20.2367 
2011-11-28,-0.3299,5.5810,1.7159 
2011-11-29,3.4343,4.9296,64.1018 
2011-11-30,-0.7177,3.3517,6.1318 
2011-12-01,-1.0725,3.0585,0.0059 
2011-12-02,-0.6567,3.1550,3.2541 
2011-12-03,1.8935,7.1417,0.5485 
2011-12-04,6.0151,9.5516,10.0189 
2011-12-05,1.2887,9.6438,10.3950 
2011-12-06,0.5566,2.1362,4.5888 
2011-12-07,-5.7957,0.5932,0.1563 
2011-12-08,-4.8114,1.1522,0.0000 
2011-12-09,-3.0658,0.2439,1.9375 
2011-12-10,-7.6764,-3.2454,0.0113 
2011-12-11,-7.2620,0.3289,4.8854e-04 
2011-12-12,-2.5618,2.0364,0.0000 
2011-12-13,-0.2844,3.5870,0.1426 
2011-12-14,2.3445,7.6817,12.7494 
2011-12-15,6.2763,13.9707,10.3113 
2011-12-16,-0.6843,5.4250,0.1001 
2011-12-17,-6.2875,-0.1756,0.2892 
2011-12-18,-2.5047,1.5713,0.6153 
2011-12-19,1.1109,8.1871,0.0119 
2011-12-20,-3.9630,5.3836,0.0871 
2011-12-21,1.2859,7.1016,4.5166 
2011-12-22,1.4146,5.3471,1.0391 
2011-12-23,-4.5632,3.3717,1.1287 
2011-12-24,-3.2353,0.5340,0.2610 
2011-12-25,-0.8942,5.6997,0.0106 
2011-12-26,-2.7965,3.8385,1.9218e-07 
2011-12-27,0.1771,3.1573,7.7950 
2011-12-28,-6.1506,0.6009,1.1073 
2011-12-29,-6.2186,2.1955,1.7394 
2011-12-30,-0.4883,4.5668,5.6412 
2011-12-31,2.2223,6.8566,3.3609 
2012-01-01,1.6118,6.6665,2.5241 
2012-01-02,-3.4340,0.9257,0.2536 
2012-01-03,-10.3723,-3.8468,0.1431 
2012-01-04,-8.5574,1.4112,0.0202 
2012-01-05,-3.6439,1.8259,0.0135 
2012-01-06,1.2138,9.9115,0.0159 
2012-01-07,1.2493,7.0765,1.1700e-04 
2012-01-08,-2.3153,2.7252,0.0073 
2012-01-09,-1.3390,4.1725,0.0000 
2012-01-10,-0.5984,5.1676,7.4224e-04 
2012-01-11,0.7144,6.7936,8.7947e-04 
2012-01-12,3.3052,5.0809,8.3192 
2012-01-13,-5.2664,3.0609,3.4377 
2012-01-14,-9.0588,-5.5293,0.5674 
2012-01-15,-12.0549,-5.4229,0.0630 
2012-01-16,-5.4005,3.3500,0.2161 
2012-01-17,0.4108,9.2438,16.2319 
2012-01-18,-8.7964,-0.3143,1.1326 
2012-01-19,-8.8524,-3.3160,1.0311 
2012-01-20,-15.3683,-9.4541,0.3109 
2012-01-21,-11.2773,-4.4394,3.6125 
2012-01-22,-7.3820,1.4961,0.2654 
2012-01-23,2.1112,9.7909,12.2543 
2012-01-24,-1.6740,3.9765,0.1077 
2012-01-25,-5.3454,0.0596,0.0116 
2012-01-26,-2.5946,1.6400,0.7434 
2012-01-27,-0.3194,2.4975,9.2783 
2012-01-28,-2.0949,1.0815,1.5800 
2012-01-29,-3.1512,-1.1052,4.7969 
2012-01-30,-6.4690,0.0815,0.2459 
2012-01-31,0.9933,9.8909,0.0706 
2012-02-01,1.3523,10.1666,0.0278 
2012-02-02,-0.6801,4.4795,0.1912 
2012-02-03,-0.1384,5.5153,0.0266 
2012-02-04,-0.9438,4.7238,0.0089 
2012-02-05,-0.9805,4.3074,0.0303 
2012-02-06,-2.7708,7.9597,4.0211e-04 
2012-02-07,-3.8271,5.7039,0.2005 
2012-02-08,-6.6716,0.7585,0.0131 
2012-02-09,-4.9372,3.2973,6.7210e-04 
2012-02-10,-5.1678,1.4215,0.3068 
2012-02-11,-8.8818,-0.3182,7.9288 
2012-02-12,-8.6449,-2.1380,0.4002 
2012-02-13,-6.2448,1.0623,0.0521 
2012-02-14,-2.7999,0.3391,1.1222 
2012-02-15,-3.0403,2.2220,0.0430 
2012-02-16,1.0444,6.0690,9.4058 
2012-02-17,-1.4172,4.2778,0.0139 
2012-02-18,-0.7243,3.0087,0.3527 
2012-02-19,-7.0627,-0.4996,0.0111 
2012-02-20,-5.4178,0.1733,0.0661 
2012-02-21,-3.7829,5.8574,1.8121 
2012-02-22,0.5329,6.0061,1.1390 
2012-02-23,-0.5594,4.1220,1.5446 
2012-02-24,-0.9340,3.0573,6.2488 
2012-02-25,-3.8214,-0.2027,0.4244 
2012-02-26,-6.2622,0.5300,0.1064 
2012-02-27,0.7529,2.7560,0.0015 
2012-02-28,-5.4429,1.0430,1.0103e-05 
2012-02-29,-0.7964,6.1694,13.8259 
2012-03-01,0.5981,5.7640,3.1534 
2012-03-02,0.7314,7.9894,6.2347 
2012-03-03,0.0674,10.8307,4.8288 
2012-03-04,-7.2453,0.7019,0.3788 
2012-03-05,-10.3971,-1.9391,0.1293 
2012-03-06,-4.2475,6.7797,2.1357e-04 
2012-03-07,7.5033,15.3770,6.4357e-05 
2012-03-08,4.7079,16.1611,2.2922 
2012-03-09,-1.2987,3.5400,0.0999 
2012-03-10,-7.8892,5.8160,2.0090e-04 
2012-03-11,3.4872,15.4666,0.0000 
2012-03-12,7.0663,14.0889,10.8701 
2012-03-13,9.1154,15.3080,8.3352 
2012-03-14,6.6322,17.9653,0.0092 
2012-03-15,13.3248,23.4177,1.0014 
2012-03-16,10.7662,19.3613,2.5909 
2012-03-17,11.8857,20.6352,0.0283 
2012-03-18,12.5890,20.7598,0.0105 
2012-03-19,13.0910,21.1056,0.0289 
2012-03-20,14.0689,20.9893,0.0021 
2012-03-21,14.5850,23.8289,0.0136 
2012-03-22,14.0788,25.3313,1.1226e-06 
2012-03-23,14.5189,23.4400,3.8379e-04 
2012-03-24,11.9577,19.5116,1.1800 
2012-03-25,9.9741,17.4911,0.3721 
2012-03-26,-1.1639,13.7356,0.0346 
2012-03-27,-3.3863,7.9713,0.0178 
2012-03-28,9.0024,15.0418,0.0214 
2012-03-29,1.1351,10.9803,0.1249 
2012-03-30,-2.6822,3.8228,13.6775 
2012-03-31,-1.1970,7.9922,0.2651 
2012-04-01,2.4010,13.2859,0.0051 
2012-04-02,0.6288,10.2006,0.0313 
2012-04-03,2.2758,13.8155,0.0407 
2012-04-04,2.6198,13.9900,0.0073 
2012-04-05,-0.3956,6.5369,0.0816 
2012-04-06,0.2916,9.1279,0.0073 
2012-04-07,2.2920,13.5434,4.5320e-04 
2012-04-08,7.3632,12.8854,0.0014 
2012-04-09,5.0697,12.7278,0.0094 
2012-04-10,1.4672,9.6731,0.0283 
2012-04-11,2.0432,8.5457,0.2636 
2012-04-12,3.0417,10.5432,0.0178 
2012-04-13,3.4893,12.9539,0.0275 
2012-04-14,6.7733,15.0514,1.6115 
2012-04-15,12.8958,22.1645,19.8696 
2012-04-16,14.7266,21.2489,0.1723 
2012-04-17,2.2942,13.1592,0.0000 
2012-04-18,1.6970,12.3388,3.2923e-04 
2012-04-19,8.4383,18.3649,0.8783 
2012-04-20,7.9622,19.2449,2.2275 
2012-04-21,1.4594,8.3381,7.8950 
2012-04-22,1.3767,7.0720,0.0069 
2012-04-23,2.5881,8.1484,0.0125 
2012-04-24,4.6354,13.0235,7.2952e-04 
2012-04-25,3.8778,14.7774,0.0052 
2012-04-26,7.4496,14.4545,0.2513 
2012-04-27,0.7326,9.9647,0.0388 
2012-04-28,1.0771,8.7561,4.4835e-06 
2012-04-29,1.8577,12.2233,0.0000 
2012-04-30,4.2137,9.6753,11.8641 
2012-05-01,8.9852,16.0259,4.8099 
2012-05-02,9.2674,26.2761,0.4621 
2012-05-03,18.1759,29.2727,1.9081 
2012-05-04,14.7541,28.5889,44.9828 
2012-05-05,10.9600,17.2631,0.0415 
2012-05-06,7.8653,19.9227,1.5579e-04 
2012-05-07,9.7039,19.9234,16.7404 
2012-05-08,14.0500,20.0802,1.2750 
2012-05-09,11.1710,19.3606,6.6271 
2012-05-10,5.5359,14.9749,0.5150 
2012-05-11,9.0526,21.0815,3.3965e-05 
2012-05-12,14.0015,22.3737,1.0213 
2012-05-13,10.6923,17.7165,2.9508 
2012-05-14,12.3335,20.8302,0.0407 
2012-05-15,16.0931,24.6461,4.0151e-04 
2012-05-16,9.6262,24.0909,4.0586 
2012-05-17,7.9291,15.6299,0.0000 
2012-05-18,10.4864,20.2200,0.0017 
2012-05-19,15.2983,25.1332,0.0018 
2012-05-20,19.0205,26.8471,0.0213 
2012-05-21,18.5153,25.8102,0.9005 
2012-05-22,11.3995,19.0508,0.8083 
2012-05-23,11.3369,20.8240,1.6250e-04 
2012-05-24,15.5766,26.0193,0.0000 
2012-05-25,21.4205,28.5473,0.0037 
2012-05-26,16.4791,25.2294,1.6096 
2012-05-27,15.4537,28.5107,15.3008 
2012-05-28,21.8588,30.4022,0.0640 
2012-05-29,23.0043,29.9285,0.6193 
2012-05-30,14.7549,24.8521,0.0031 
2012-05-31,8.2745,16.1722,0.0172 
2012-06-01,10.1088,17.5381,17.4427 
2012-06-02,8.0877,19.2930,2.1107 
2012-06-03,13.2846,22.3224,2.6023 
2012-06-04,10.3862,20.6484,0.2321 
2012-06-05,9.7838,17.4366,0.3024 
2012-06-06,11.4182,22.2622,0.0508 
2012-06-07,13.6790,24.3796,0.2885 
2012-06-08,16.6050,27.4744,0.0021 
2012-06-09,19.6709,30.3078,0.1337 
2012-06-10,22.9084,29.8334,0.0000 
2012-06-11,21.9641,29.2502,2.6672 
2012-06-12,20.2240,24.0366,8.6400 
2012-06-13,9.3709,21.6556,0.0021 
2012-06-14,12.1859,23.6975,0.0000 
2012-06-15,15.3193,26.9516,0.0000 
2012-06-16,19.5476,27.2147,6.3265e-05 
2012-06-17,19.9223,26.6351,6.6885 
2012-06-18,18.8769,29.3674,5.3407 
2012-06-19,24.0546,32.7857,0.3061 
2012-06-20,25.2419,32.4856,3.3907e-04 
2012-06-21,24.7492,31.1819,3.7673 
2012-06-22,19.7545,24.0622,2.2045 
2012-06-23,16.4883,24.5035,0.3245 
2012-06-24,19.9168,26.0051,1.2413 
2012-06-25,14.4420,21.2369,1.7868 
2012-06-26,13.4218,24.8858,0.0159 
2012-06-27,19.8659,30.4760,0.0021 
2012-06-28,21.9181,35.4852,0.0605 
2012-06-29,23.6426,32.3141,1.5590 
2012-06-30,22.1123,31.7714,0.0156 
2012-07-01,21.5876,31.1051,0.0320 
2012-07-02,21.8168,29.7202,0.0326 
2012-07-03,23.2749,31.6055,56.4923 
2012-07-04,21.6944,33.6424,5.4224 
2012-07-05,24.7318,32.9252,12.6383 
2012-07-06,25.4114,33.0269,0.0040 
2012-07-07,25.4115,32.5305,8.7199e-07 
2012-07-08,18.6486,25.6965,0.0451 
2012-07-09,17.4256,25.1243,0.3909 
2012-07-10,17.1761,24.2538,0.4121 
2012-07-11,17.8637,25.8807,0.0148 
2012-07-12,21.0580,29.2066,0.0022 
2012-07-13,23.7181,30.0238,0.0379 
2012-07-14,21.9410,28.5804,0.0029 
2012-07-15,22.3972,29.6097,2.6074 
2012-07-16,22.2646,29.7171,0.6046 
2012-07-17,26.6826,34.4569,1.6405e-04 
2012-07-18,22.4454,34.0551,0.9896 
2012-07-19,18.3283,24.9669,45.6647 
2012-07-20,16.6237,22.3234,0.7537 
2012-07-21,17.4177,25.6070,0.0155 
2012-07-22,22.7449,29.5875,0.0063 
2012-07-23,24.3508,33.5137,0.1806 
2012-07-24,22.0374,32.2439,0.3767 
2012-07-25,18.3917,27.4481,0.0226 
2012-07-26,21.4788,29.8980,20.9214 
2012-07-27,17.6377,25.0607,3.3491 
2012-07-28,17.6435,25.4478,3.8860 
2012-07-29,17.8618,26.0771,0.0352 
2012-07-30,21.8586,27.6430,0.0000 
2012-07-31,22.1113,27.4052,0.2875 
2012-08-01,19.4392,26.1799,0.0020 
2012-08-02,21.9881,28.8484,0.0243 
2012-08-03,21.3988,30.3830,0.0669 
2012-08-04,23.2286,29.9806,0.7751 
2012-08-05,21.2890,27.3443,6.5646 
2012-08-06,16.0170,23.8349,0.0262 
2012-08-07,20.4668,29.3940,1.4650e-12 
2012-08-08,20.6259,28.3049,0.2524 
2012-08-09,18.5595,24.9611,15.6461 
2012-08-10,17.0304,20.8468,30.9527 
2012-08-11,16.7797,20.8793,2.7164 
2012-08-12,13.9850,23.6696,0.1007 
2012-08-13,18.8906,23.5557,1.4759 
2012-08-14,16.5183,22.9811,20.7155 
2012-08-15,17.5636,23.1913,0.0823 
2012-08-16,20.0175,26.1968,0.0134 
2012-08-17,16.4054,21.2727,0.1008 
2012-08-18,12.8545,21.2390,0.0079 
2012-08-19,18.1528,22.3143,0.0387 
2012-08-20,15.5481,22.0962,9.2916e-04 
2012-08-21,16.7674,22.3217,0.6441 
2012-08-22,18.6258,23.5728,0.1574 
2012-08-23,20.1310,25.3075,0.0000 
2012-08-24,20.2037,27.1417,0.0037 
2012-08-25,21.4091,28.6118,0.0000 
2012-08-26,21.9177,27.7046,0.0043 
2012-08-27,20.2967,26.2467,2.9070 
2012-08-28,16.1722,24.2790,0.2411 
2012-08-29,15.2576,22.8805,0.0037 
2012-08-30,18.8870,25.2203,0.0000 
2012-08-31,21.4366,31.5685,0.0000 
2012-09-01,18.0790,29.5544,0.0000 
2012-09-02,19.7715,26.3412,0.2111 
2012-09-03,19.1811,28.8738,0.0776 
2012-09-04,21.5252,27.8738,13.3201 
2012-09-05,19.7056,24.7189,0.6919 
2012-09-06,17.9951,25.3745,0.0737 
2012-09-07,19.0277,23.8954,0.0301 
2012-09-08,14.2517,20.7048,14.5324 
2012-09-09,12.6095,18.4472,0.0325 
2012-09-10,12.0895,20.1024,0.0725 
2012-09-11,16.7071,22.8782,0.0302 
2012-09-12,17.8190,24.8618,0.0049 
2012-09-13,18.7336,26.2233,0.0000 
2012-09-14,12.2000,25.6805,12.4258 
2012-09-15,11.9922,18.7093,0.0052 
2012-09-16,15.2077,22.8821,0.0242 
2012-09-17,17.4534,22.2117,0.0284 
2012-09-18,13.1294,21.2889,2.4679 
2012-09-19,6.4697,15.6378,0.1589 
2012-09-20,13.8927,20.4331,1.6250 
2012-09-21,14.3562,20.0065,0.0379 
2012-09-22,10.3292,16.2927,3.4523 
2012-09-23,6.3514,12.2300,0.1490 
2012-09-24,6.7319,14.9178,0.0082 
2012-09-25,11.8572,19.3129,0.0226 
2012-09-26,14.0980,18.6758,0.0342 
2012-09-27,7.7501,16.6519,4.0693e-06 
2012-09-28,10.7316,16.9377,0.0514 
2012-09-29,11.1610,17.5675,0.0110 
2012-09-30,9.3602,15.6313,0.0096 
2012-10-01,9.3723,16.1352,0.2315 
2012-10-02,11.6737,19.9655,1.3885 
2012-10-03,13.9339,18.7970,0.6898 
2012-10-04,13.2309,21.8466,0.0042 
2012-10-05,8.2325,20.7859,2.9230 
2012-10-06,5.2483,9.8596,3.4881 
2012-10-07,2.9035,8.8578,0.0517 
2012-10-08,3.9796,9.4191,0.0690 
2012-10-09,7.6705,13.2673,0.0055 
2012-10-10,5.8267,13.0617,3.4291 
2012-10-11,4.2182,13.5272,1.5751e-05 
2012-10-12,2.7976,12.7298,0.7773 
2012-10-13,5.8159,14.9740,6.2896 
2012-10-14,13.9430,18.4371,9.1453 
2012-10-15,8.5626,15.9851,3.2954 
2012-10-16,3.8688,10.4010,0.1400 
2012-10-17,10.1167,18.5494,2.6259 
2012-10-18,11.9601,18.0717,3.8286 
2012-10-19,9.5969,12.3373,1.7416 
2012-10-20,7.3774,11.3014,7.9404 
2012-10-21,6.5976,13.5498,0.3306 
2012-10-22,10.5964,17.1535,6.6071e-07 
2012-10-23,14.9331,19.0132,8.2108 
2012-10-24,14.0182,19.8399,0.5624 
2012-10-25,14.7714,20.5435,6.0737e-04 
2012-10-26,8.2810,20.0374,2.0859 
2012-10-27,6.2064,9.4853,0.2255 
2012-10-28,5.3294,7.7188,0.0689 
2012-10-29,4.8938,6.5254,6.3947 
2012-10-30,4.5761,8.1722,15.3906 
2012-10-31,4.7069,8.1594,4.7423 
2012-11-01,3.6574,7.5565,1.1067 
2012-11-02,0.6715,6.5426,0.1074 
2012-11-03,-1.0868,5.2574,0.4475 
2012-11-04,-0.6545,4.5527,0.3204 
2012-11-05,-1.7523,2.9287,0.3809 
2012-11-06,-0.4652,4.3703,0.0155 
2012-11-07,-1.1553,6.8185,0.0029 
2012-11-08,0.1344,7.2856,0.0289 
2012-11-09,2.9600,9.2968,0.2496 
2012-11-10,6.8904,12.8564,0.7378 
2012-11-11,11.2539,15.1372,0.0856 
2012-11-12,2.8009,15.0575,6.2501 
2012-11-13,-1.9790,2.5332,0.1085 
2012-11-14,-0.8191,3.2190,2.8414e-04 
2012-11-15,0.7444,5.0445,4.9588e-06 
2012-11-16,2.7162,8.3619,0.0013 
2012-11-17,4.0545,8.3676,0.0117 
2012-11-18,3.6985,8.8986,0.0402 
2012-11-19,3.8204,9.0926,0.0697 
2012-11-20,6.2595,10.1153,0.0273 
2012-11-21,6.1998,11.9183,0.0117 
2012-11-22,6.7655,13.3443,0.0141 
2012-11-23,2.1143,12.9930,4.7460 
2012-11-24,-1.0544,2.0213,0.5357 
2012-11-25,-4.0554,3.1093,1.4811 
2012-11-26,-3.1172,2.5318,0.0240 
2012-11-27,-6.2763,0.3772,0.0000 
2012-11-28,-1.9867,2.7782,0.0158 
2012-11-29,-1.1916,6.7837,0.0286 
2012-11-30,0.8312,5.5705,0.3312 
2012-12-01,-0.7381,9.1361,0.0756 
2012-12-02,9.7224,14.2803,4.7904 
2012-12-03,5.8907,14.5575,0.3993 
2012-12-04,8.3512,15.5403,5.6660 
2012-12-05,-1.8762,8.5828,0.0014 
2012-12-06,-3.3909,3.0399,0.0334 
2012-12-07,3.1537,6.3901,2.2616 
2012-12-08,1.6684,5.1216,4.7414 
2012-12-09,-2.2017,2.1725,2.8708 
2012-12-10,-0.0710,6.8413,1.5638 
2012-12-11,-4.6595,0.1262,0.6448 
2012-12-12,-2.9058,3.4987,0.0021 
2012-12-13,-0.1665,4.6361,0.0039 
2012-12-14,0.9277,6.0828,0.0021 
2012-12-15,0.3244,6.1545,0.4680 
2012-12-16,5.0519,11.2032,9.5554 
2012-12-17,3.9701,9.1259,0.0357 
2012-12-18,0.7413,5.0350,0.0950 
2012-12-19,0.7889,5.1879,0.6644 
2012-12-20,1.2920,7.6162,9.4192 
2012-12-21,-1.0017,8.2392,6.4224 
2012-12-22,-2.8957,0.1818,0.0844 
2012-12-23,-6.0354,0.4996,0.0274 
2012-12-24,-5.2866,-0.8648,1.1057 
2012-12-25,-3.3429,0.8138,0.8964 
2012-12-26,-4.9696,-0.4990,5.8062 
2012-12-27,-2.9270,-0.1395,7.9678 
2012-12-28,-6.3613,-2.8242,0.2915 
2012-12-29,-4.7754,-0.6604,4.1409 
2012-12-30,-6.6861,-1.8333,0.1953 
2012-12-31,-5.0963,0.9759,0.0843 
2013-01-01,-7.4525,0.4602,0.0506 
2013-01-02,-11.1073,-4.7089,0.0035 
2013-01-03,-9.5985,-0.8920,0.0892 
2013-01-04,-4.3234,-0.2648,0.0609 
2013-01-05,-5.2455,-0.8641,0.0000 
2013-01-06,-2.2638,1.5184,3.0276 
2013-01-07,-3.8195,0.6996,0.1441 
2013-01-08,-3.4192,0.2055,7.1905e-04 
2013-01-09,-0.6325,3.3517,0.2478 
2013-01-10,-1.3162,1.9715,5.8656e-04 
2013-01-11,-0.0621,12.7449,13.6767 
2013-01-12,7.4762,12.2454,0.0172 
2013-01-13,2.8538,11.0523,22.3171 
2013-01-14,-6.9043,3.5480,1.4022 
2013-01-15,-7.4099,-2.2094,2.6242e-05 
2013-01-16,-4.1971,0.7014,9.2034e-05 
2013-01-17,-4.9481,1.0823,0.0532 
2013-01-18,-10.1858,-0.2024,0.1449 
2013-01-19,0.6584,5.2818,0.0285 
2013-01-20,-7.0186,6.3715,0.1059 
2013-01-21,-12.2939,-7.3850,0.6007 
2013-01-22,-17.4140,-11.5407,0.0295 
2013-01-23,-17.0229,-9.4590,0.1786 
2013-01-24,-13.1709,-8.3802,2.8822 
2013-01-25,-13.0793,-7.2202,2.0497 
2013-01-26,-8.0315,-2.9833,1.4363 
2013-01-27,-6.1223,-3.3247,0.0596 
2013-01-28,-3.0656,5.4855,16.1898 
2013-01-29,0.1703,12.5132,14.5746 
2013-01-30,10.6093,14.0016,7.8623 
2013-01-31,-5.3652,10.0282,3.2923 
2013-02-01,-9.2362,-5.8268,0.2174 
2013-02-02,-12.6061,-6.0724,3.8088 
2013-02-03,-11.0566,-7.1543,0.6781 
2013-02-04,-12.8380,-6.8454,1.1896 
2013-02-05,-8.8209,-4.8729,0.2007 
2013-02-06,-10.6240,-3.6156,0.2474 
2013-02-07,-7.1769,-1.1082,0.2054 
2013-02-08,-4.2143,0.1533,6.7672 
2013-02-09,-8.2110,-3.5533,0.7578 
2013-02-10,-8.5940,2.8923,0.0090 
2013-02-11,1.5672,7.1722,2.5283 
2013-02-12,-2.4502,1.3795,0.0033 
2013-02-13,-6.3161,1.9290,0.0367 
2013-02-14,-3.6382,4.9507,0.9458 
2013-02-15,-4.5628,4.0616,0.8695 
2013-02-16,-8.9022,-3.9535,2.8456 
2013-02-17,-12.6724,-5.4611,1.4789 
2013-02-18,-9.4020,2.4602,1.1058e-07 
2013-02-19,-3.2454,5.1823,5.6668 
2013-02-20,-8.9251,-3.5420,0.0920 
2013-02-21,-11.6540,-4.1632,0.1742 
2013-02-22,-9.9064,2.1789,6.3410 
2013-02-23,-3.1919,2.3407,0.3945 
2013-02-24,-5.7282,1.3674,0.9231 
2013-02-25,-3.6692,1.2718,0.0087 
2013-02-26,-3.9961,2.0076,4.0697 
2013-02-27,0.6588,2.9016,19.4214 
2013-02-28,-1.0233,1.2737,2.7475 
2013-03-01,-4.1131,-0.3688,0.4203 
2013-03-02,-6.7251,-2.9348,0.5375 
2013-03-03,-9.3392,-2.6106,0.1131 
2013-03-04,-11.4846,-0.2439,0.0494 
2013-03-05,-6.8353,0.9356,0.0091 
2013-03-06,-3.2879,4.5521,0.0216 
2013-03-07,-2.4853,2.1505,0.3251 
2013-03-08,-6.3115,4.8986,0.0626 
2013-03-09,-1.3927,3.9410,0.0151 
2013-03-10,1.8927,13.7239,0.2138 
2013-03-11,8.4463,12.5534,7.8600 
2013-03-12,0.8100,8.5108,1.1502 
2013-03-13,-3.5373,1.8002,0.6974 
2013-03-14,-7.3080,2.6387,0.0227 
2013-03-15,-3.0482,3.9968,1.8004 
2013-03-16,-4.0254,2.9554,4.5411 
2013-03-17,-8.0523,-1.9611,0.1098 
2013-03-18,-7.3614,2.5162,1.0746 
2013-03-19,-5.6695,3.0391,0.5952 
2013-03-20,-6.4651,-2.6479,0.0324 
2013-03-21,-10.0219,0.1619,0.2764 
2013-03-22,-7.0524,1.8509,0.0680 
2013-03-23,-3.7885,3.8808,0.0054 
2013-03-24,-3.5577,2.6349,0.0023 
2013-03-25,-1.2005,2.9797,0.1595 
2013-03-26,-0.4201,5.2244,0.0826 
2013-03-27,-1.8610,6.0841,0.1081 
2013-03-28,-0.5328,8.4427,0.1906 
2013-03-29,-1.4793,8.9428,0.0127 
2013-03-30,2.2191,10.5020,0.0762 
2013-03-31,4.4075,13.3321,0.5303 
2013-04-01,-3.2359,11.4444,0.0744 
2013-04-02,-5.6825,2.8333,0.0403 
2013-04-03,-6.8368,3.6945,0.0000 
2013-04-04,-1.5367,10.3235,0.0000 
2013-04-05,-0.5545,10.0705,0.0515 
2013-04-06,-2.3138,6.8099,0.0657 
2013-04-07,7.1635,14.7994,0.1050 
2013-04-08,1.4616,12.0406,4.2589 
2013-04-09,1.5930,14.0306,5.8752 
2013-04-10,3.4646,10.9224,42.2392 
2013-04-11,1.6306,5.3729,21.3500 
2013-04-12,3.0322,8.3488,23.6328 
2013-04-13,2.0530,5.8758,1.1905 
2013-04-14,-0.0343,7.4386,0.1755 
2013-04-15,5.4046,18.5302,0.0018 
2013-04-16,7.5591,18.1000,1.7871 
2013-04-17,3.6249,13.2275,0.3224 
2013-04-18,10.2357,23.1636,32.3249 
2013-04-19,4.2304,21.5689,9.3639 
2013-04-20,-0.9917,4.9227,0.3016 
2013-04-21,-1.3423,6.1472,0.0049 
2013-04-22,0.9340,13.4325,0.0014 
2013-04-23,7.0253,18.8052,0.1236 
2013-04-24,1.4272,18.6887,19.9960 
2013-04-25,0.8820,8.6250,2.8470 
2013-04-26,3.0823,10.6512,1.7253e-04 
2013-04-27,5.6835,16.4852,4.7034e-04 
2013-04-28,8.5757,16.2430,4.6802 
2013-04-29,10.7755,17.2015,2.9510 
2013-04-30,11.2179,21.3232,0.4759 
2013-05-01,13.4325,22.9222,0.0039 
2013-05-02,13.0721,22.2243,0.0000 
2013-05-03,14.5820,21.0683,4.9941e-05 
2013-05-04,13.1085,20.6758,3.0662e-05 
2013-05-05,12.1571,20.0990,0.0000 
2013-05-06,10.7290,20.8868,0.0000 
2013-05-07,13.9112,22.4897,2.7435e-04 
2013-05-08,12.9318,21.7347,0.0537 
2013-05-09,15.5387,22.7502,0.3047 
2013-05-10,11.7235,21.6737,6.4590 
2013-05-11,3.9898,15.6257,0.1238 
2013-05-12,3.5411,9.1434,0.3200 
2013-05-13,-0.8732,9.8520,0.0057 
2013-05-14,7.5695,20.1103,0.3069 
2013-05-15,13.5909,23.4637,0.1858 
2013-05-16,15.2843,22.6400,0.0024 
2013-05-17,8.4746,18.6880,2.9919e-06 
2013-05-18,13.8793,22.3213,0.0000 
2013-05-19,14.1084,25.8392,0.0012 
2013-05-20,17.0487,28.0976,0.0046 
2013-05-21,19.3009,26.8128,0.0906 
2013-05-22,18.3613,25.5599,0.5528 
2013-05-23,3.8868,24.8109,1.0899 
2013-05-24,3.4679,8.9764,0.2187 
2013-05-25,5.1670,12.9072,0.0111 
2013-05-26,6.5705,15.3907,0.0000 
2013-05-27,9.1039,15.9104,0.5664 
2013-05-28,10.6253,23.4115,41.7637 
2013-05-29,18.1013,25.7500,16.2839 
2013-05-30,19.7966,27.2626,2.4823 
2013-05-31,20.2967,26.5000,3.1068 
2013-06-01,18.7055,24.0189,5.4054 
2013-06-02,15.8963,21.1561,0.7044 
2013-06-03,6.0952,17.6993,0.0039 
2013-06-04,9.8744,17.6016,0.0157 
2013-06-05,9.4332,20.3689,0.0218 
2013-06-06,11.7124,18.5128,0.1768 
2013-06-07,10.6633,16.8895,0.1044 
2013-06-08,10.0765,18.4651,0.0289 
2013-06-09,15.4830,22.1552,0.2220 
2013-06-10,17.3348,21.7599,11.6880 
2013-06-11,15.6556,24.3610,0.9226 
2013-06-12,17.3122,23.0479,1.0545 
2013-06-13,13.6395,22.0674,20.8678 
2013-06-14,12.2586,19.7875,0.0044 
2013-06-15,12.7050,23.4420,0.0330 
2013-06-16,16.5658,25.9251,1.7629 
2013-06-17,17.0950,25.9099,13.5727 
2013-06-18,12.7216,18.8517,9.4845 
2013-06-19,10.0947,19.8027,0.0000 
2013-06-20,14.6797,22.4793,0.0000 
2013-06-21,18.1835,26.3887,0.0342 
2013-06-22,20.6580,30.0657,0.0141 
2013-06-23,22.6047,29.7640,0.0053 
2013-06-24,22.8113,28.9680,0.0623 
2013-06-25,19.1475,28.7410,8.2662 
2013-06-26,18.8497,26.5249,10.4869 
2013-06-27,20.9874,26.2779,1.8561 
2013-06-28,18.2028,24.7337,13.0853 
2013-06-29,16.0692,20.7389,3.8282 
2013-06-30,15.0729,20.9225,0.0026 
2013-07-01,17.1194,22.4790,1.0492 
2013-07-02,16.0898,23.1376,0.4718 
2013-07-03,16.8568,26.3602,0.0567 
2013-07-04,18.6189,25.5269,0.4568 
2013-07-05,19.9334,25.6349,3.1229 
2013-07-06,21.1888,26.1939,0.0768 
2013-07-07,19.6850,25.6357,4.5083 
2013-07-08,20.9938,28.1386,25.2374 
2013-07-09,20.5099,27.7722,2.3879 
2013-07-10,19.8683,27.7295,4.0514 
2013-07-11,16.5737,25.5343,0.0000 
2013-07-12,14.6275,23.6641,0.0642 
2013-07-13,18.6597,25.7833,0.0039 
2013-07-14,20.9136,28.0149,2.3419e-04 
2013-07-15,23.4154,29.3960,0.1534 
2013-07-16,24.2384,30.4271,0.4296 
2013-07-17,25.5310,32.2749,0.2145 
2013-07-18,24.3119,32.5478,2.1364 
2013-07-19,25.1744,31.8279,4.4496 
2013-07-20,20.4650,27.7142,20.1253 
2013-07-21,18.2273,24.7812,0.0096 
2013-07-22,19.1327,25.5948,0.0085 
2013-07-23,19.8228,23.6715,3.5291 
2013-07-24,13.6241,22.3791,0.0035 
2013-07-25,13.7208,21.6760,3.4421e-04 
2013-07-26,18.9506,22.4088,0.0140 
2013-07-27,17.5490,22.3004,7.4661 
2013-07-28,11.9156,17.5963,0.9586 
2013-07-29,12.9219,20.2343,0.6801 
2013-07-30,15.8736,22.3171,0.0013 
2013-07-31,19.2247,22.0162,2.4360 
2013-08-01,16.7761,23.0327,19.6137 
2013-08-02,16.5852,22.8297,0.1079 
2013-08-03,14.8653,22.7126,1.9984e-04 
2013-08-04,12.4192,21.9780,0.2768 
2013-08-05,14.4991,21.0688,0.0198 
2013-08-06,17.6038,24.2174,0.0708 
2013-08-07,19.8975,26.2228,0.2805 
2013-08-08,17.0758,21.4954,0.3210 
2013-08-09,16.1325,24.3765,0.1241 
2013-08-10,16.2918,23.9830,0.2677 
2013-08-11,18.3342,22.3947,0.1473 
2013-08-12,16.6875,21.5235,7.0655 
2013-08-13,13.2625,17.9271,12.2901 
2013-08-14,11.1328,18.9409,0.0019 
2013-08-15,13.9206,20.6859,5.5255e-04 
2013-08-16,16.7003,23.2854,0.0927 
2013-08-17,18.1524,23.9791,0.1713 
2013-08-18,19.1499,24.5319,0.7097 
2013-08-19,19.2932,25.8351,0.3517 
2013-08-20,21.0314,27.2497,0.0090 
2013-08-21,22.4381,27.8598,0.0040 
2013-08-22,19.9335,27.4765,0.1946 
2013-08-23,16.7766,24.7790,0.0036 
2013-08-24,16.8711,23.7255,0.0028 
2013-08-25,19.0669,28.2131,0.0089 
2013-08-26,22.5482,31.5439,0.9131 
2013-08-27,21.7512,30.4035,8.1706 
2013-08-28,20.4896,29.0885,7.5265 
2013-08-29,19.0946,27.6638,0.0048 
2013-08-30,21.8563,28.6465,0.0015 
2013-08-31,18.7148,28.2008,2.0505 
2013-09-01,18.4751,24.0153,0.3210 
2013-09-02,19.2673,23.8115,0.5412 
2013-09-03,12.7892,21.7339,0.0062 
2013-09-04,14.8729,25.1272,0.0010 
2013-09-05,11.6252,24.3393,0.0777 
2013-09-06,11.5883,20.4000,4.3904e-06 
2013-09-07,17.8282,24.1377,0.3337 
2013-09-08,16.1247,21.5719,0.7023 
2013-09-09,14.7097,25.6954,0.0543 
2013-09-10,23.9905,31.5980,0.0132 
2013-09-11,24.7760,30.9693,2.5283 
2013-09-12,17.1330,23.7544,17.2709 
2013-09-13,11.9498,15.9988,7.0677 
2013-09-14,7.9875,17.3739,0.0471 
2013-09-15,14.1581,17.6322,0.8701 
2013-09-16,10.6102,14.1130,0.8473 
2013-09-17,8.0866,17.1055,0.0143 
2013-09-18,13.8574,20.2746,1.2339e-05 
2013-09-19,16.5810,25.1263,0.0380 
2013-09-20,19.7382,25.8627,10.5597 
2013-09-21,15.4455,20.4802,18.0577 
2013-09-22,7.9284,16.1582,0.0115 
2013-09-23,8.3588,15.3214,0.1334 
2013-09-24,9.9405,17.9504,0.0040 
2013-09-25,12.2153,19.7273,7.8910e-04 
2013-09-26,13.6931,21.4586,0.0017 
2013-09-27,14.6451,20.9940,0.0658 
2013-09-28,12.7827,21.7681,0.0000 
2013-09-29,16.5557,20.8624,4.5073 
2013-09-30,14.7603,18.4946,1.5121 
2013-10-01,15.0808,23.0015,0.0027 
2013-10-02,16.5003,22.3808,0.1042 
2013-10-03,15.4918,23.2494,0.2400 
2013-10-04,17.9411,25.8378,0.7619 
2013-10-05,16.6946,24.0995,3.2748 
2013-10-06,16.8505,23.0251,8.3106 
2013-10-07,7.9605,16.3964,5.3740 
2013-10-08,10.0907,16.0850,0.0686 
2013-10-09,13.4094,17.4193,0.0057 
2013-10-10,12.1692,17.9514,0.0214 
2013-10-11,11.6880,19.6972,0.0267 
2013-10-12,12.9317,20.0836,0.0146 
2013-10-13,12.8465,18.6602,0.0000 
2013-10-14,8.0931,15.5050,0.0000 
2013-10-15,10.4554,17.5937,0.1227 
2013-10-16,14.4459,17.9666,2.5165 
2013-10-17,8.2583,13.8631,3.5291 
2013-10-18,7.6398,14.4943,0.2670 
2013-10-19,6.7132,13.2713,5.1139 
2013-10-20,4.4001,12.4702,0.2904 
2013-10-21,10.3861,12.7363,2.2808 
2013-10-22,2.7124,10.0724,0.5674 
2013-10-23,1.1595,7.0996,0.0061 
2013-10-24,0.4215,7.2660,0.0340 
2013-10-25,0.5522,7.7036,0.0836 
2013-10-26,4.3107,9.2937,0.9473 
2013-10-27,1.4504,9.2850,0.1781 
2013-10-28,2.4530,9.2501,0.0172 
2013-10-29,-0.5210,7.9704,0.0050 
2013-10-30,6.3400,13.4905,0.0032 
2013-10-31,9.8722,15.5072,25.8857 
2013-11-01,7.7825,16.0544,8.4791 
2013-11-02,5.8497,8.5650,8.4167 
2013-11-03,0.2775,5.4433,0.1108 
2013-11-04,-0.0064,6.7857,0.1021 
2013-11-05,7.1914,13.5580,1.3021e-04 
2013-11-06,9.7911,13.2943,4.4842 
2013-11-07,1.6752,13.1143,0.7907 
2013-11-08,-0.8447,5.9370,0.1292 
2013-11-09,3.7842,11.7732,0.0369 
2013-11-10,4.0460,11.0591,0.4412 
2013-11-11,-0.8973,5.7515,4.9408 
2013-11-12,-3.9881,0.1125,0.8171 
2013-11-13,-5.6069,1.8957,0.0034 
2013-11-14,0.1949,6.5417,0.0024 
2013-11-15,4.7361,8.3518,0.0000 
2013-11-16,4.2637,11.2805,0.0283 
2013-11-17,11.3519,15.2587,8.5425 
2013-11-18,2.0044,15.2212,3.2379 
2013-11-19,-1.9105,3.2731,0.0352 
2013-11-20,-3.1696,5.2675,0.0049 
2013-11-21,4.3397,8.1374,0.6979 
2013-11-22,1.2555,6.9175,9.1174 
2013-11-23,-5.3220,0.6871,0.0521 
2013-11-24,-9.3299,-5.1410,0.0134 
2013-11-25,-6.8935,-0.7255,0.1742 
2013-11-26,-1.4270,1.1376,0.2165 
2013-11-27,-6.9029,1.0426,0.2086 
2013-11-28,-8.3007,-2.5009,0.5024 
2013-11-29,-5.3261,-1.1543,0.0556 
2013-11-30,-3.1791,2.9292,0.0000 
2013-12-01,1.0310,5.8619,0.2333 
2013-12-02,-3.6433,2.8142,0.0641 
2013-12-03,-3.2982,3.7875,1.5001 
2013-12-04,2.8577,9.9643,1.1631 
2013-12-05,0.7619,13.8195,0.4180 
2013-12-06,-5.1841,-0.1319,0.0000 
2013-12-07,-10.0783,-4.7312,0.0140 
2013-12-08,-10.6631,-2.7181,0.0867 
2013-12-09,-2.6390,0.5848,1.0779 
2013-12-10,-10.3769,-3.2779,0.1087 
2013-12-11,-8.2284,-5.3139,0.5039 
2013-12-12,-15.0369,-7.7668,0.0981 
2013-12-13,-8.1023,-4.5086,0.5320 
2013-12-14,-9.8926,-5.2674,10.9288 
2013-12-15,-7.3437,-3.5642,5.7781 
2013-12-16,-12.3255,-7.9827,0.2677 
2013-12-17,-10.9530,-4.7901,3.5504 
2013-12-18,-6.5790,-2.0334,0.7534 
2013-12-19,-4.6417,3.1021,0.0236 
2013-12-20,0.4142,2.6665,3.1011 
2013-12-21,-0.3524,0.7830,10.4475 
2013-12-22,-0.1883,3.3635,24.7589 
2013-12-23,-6.2094,0.7773,0.7276 
2013-12-24,-11.5914,-3.3142,1.6536 
2013-12-25,-12.9540,-5.1984,2.8272 
2013-12-26,-5.0567,-2.7735,3.4060 
2013-12-27,-5.7387,-0.3336,1.3062 
2013-12-28,-0.1504,3.4794,6.7773e-04 
2013-12-29,-0.8897,3.3984,0.1028 
2013-12-30,-13.4831,-2.2910,0.2605 
2013-12-31,-10.1038,-7.7403,2.8053 
2014-01-01,-12.7033,-8.0185,3.7805 
2014-01-02,-12.6706,-8.8624,6.6799 
2014-01-03,-16.9389,-10.4047,1.5064 
2014-01-04,-14.3866,-2.4558,0.1142 
2014-01-05,-2.9879,-1.1812,15.4332 
2014-01-06,-15.1394,-1.6593,13.2854 
2014-01-07,-19.3190,-15.6285,0.1036 
2014-01-08,-20.6774,-12.8528,0.1046 
2014-01-09,-17.3138,-9.8644,0.0638 
2014-01-10,-9.3823,2.0684,2.1062 
2014-01-11,1.0097,4.1030,14.8463 
2014-01-12,-2.1631,0.7936,0.0392 
2014-01-13,0.7184,5.6712,3.7428e-05 
2014-01-14,-4.5413,4.0359,6.9320e-04 
2014-01-15,-4.7853,0.8186,0.3134 
2014-01-16,-9.1461,-3.1030,4.2905 
2014-01-17,-3.5512,-0.6646,4.1868 
2014-01-18,-9.6672,-3.3640,1.1297 
2014-01-19,-11.3001,-3.9820,0.3370 
2014-01-20,-9.0286,-0.8988,0.6489 
2014-01-21,-14.0980,-10.0799,1.7549 
2014-01-22,-19.2231,-13.3840,0.7549 
2014-01-23,-14.1212,-10.2053,1.4873 
2014-01-24,-18.8682,-13.1773,0.0768 
2014-01-25,-12.6878,-2.5869,6.8483 
2014-01-26,-16.6356,-8.1728,5.8852 
2014-01-27,-14.8126,-4.4803,4.2623 
2014-01-28,-21.1766,-15.2734,0.0270 
2014-01-29,-21.3708,-9.8319,0.1039 
2014-01-30,-13.8190,-6.7041,0.0182 
2014-01-31,-6.2688,-1.8794,1.0401 
2014-02-01,-5.1602,0.6038,10.4638 
2014-02-02,-6.8738,0.4145,2.2464 
2014-02-03,-10.4089,-5.9644,0.0861 
2014-02-04,-10.4013,-6.4136,0.0428 
2014-02-05,-10.4420,-6.3354,16.7220 
2014-02-06,-15.5300,-8.0673,0.4000 
2014-02-07,-15.1507,-10.1778,0.0839 
2014-02-08,-19.4466,-10.5373,0.1075 
2014-02-09,-12.5415,-7.3532,2.4950 
2014-02-10,-13.2676,-7.9784,0.1911 
2014-02-11,-17.1543,-10.1861,0.2357 
2014-02-12,-16.1675,-10.4861,0.0103 
2014-02-13,-11.1540,-5.6916,0.0000 
2014-02-14,-9.7796,-2.4867,1.2692 
2014-02-15,-11.7173,-4.4104,0.6371 
2014-02-16,-10.5443,-7.3755,1.4555 
2014-02-17,-15.7870,-8.2490,0.1535 
2014-02-18,-7.4096,-2.0748,11.8753 
2014-02-19,-1.2182,3.5221,0.1612 
2014-02-20,-2.7847,2.1753,10.3018 
2014-02-21,-1.4525,6.3308,4.0672 
2014-02-22,-3.9000,-0.0923,0.0248 
2014-02-23,-8.8473,-1.6159,0.0050 
2014-02-24,-10.7185,-6.2984,0.0628 
2014-02-25,-12.4478,-5.7837,0.1087 
2014-02-26,-15.0360,-6.3418,0.1702 
2014-02-27,-15.5664,-10.6195,0.4565 
2014-02-28,-19.8935,-10.9088,0.0439 
2014-03-01,-12.4942,-1.9612,1.7979 
2014-03-02,-15.6616,-5.7112,7.4236 
2014-03-03,-20.7032,-11.8940,0.0027 
2014-03-04,-16.0669,-8.8605,0.0214 
2014-03-05,-12.2593,-7.0965,0.0125 
2014-03-06,-13.0015,-5.8984,0.0116 
2014-03-07,-7.1761,2.2273,5.8496e-04 
2014-03-08,-4.2417,0.7555,0.7826 
2014-03-09,-9.4067,-1.1706,0.0000 
2014-03-10,-1.3785,4.4779,0.1016 
2014-03-11,2.5904,6.7781,0.0662 
2014-03-12,-11.9780,2.3541,17.2792 
2014-03-13,-17.3183,-6.8816,0.0080 
2014-03-14,-8.1509,4.3868,0.1738 
2014-03-15,-1.3841,3.8695,0.1123 
2014-03-16,-14.1434,-1.5947,0.0201 
2014-03-17,-16.5482,-3.4773,0.0547 
2014-03-18,-7.3796,4.3236,0.0230 
2014-03-19,2.3392,7.5678,3.1357 
2014-03-20,-0.6209,5.2128,0.2241 
2014-03-21,-3.4996,3.4397,0.0036 
2014-03-22,-0.6742,4.5242,3.8296 
2014-03-23,-11.6161,1.5197,0.0390 
2014-03-24,-10.2663,-1.8617,0.1452 
2014-03-25,-7.3566,-1.2194,0.4219 
2014-03-26,-11.5537,-1.5420,0.1717 
2014-03-27,-6.3966,3.6711,1.5332 
2014-03-28,2.4914,11.2853,1.5370 
2014-03-29,-4.0888,5.4279,0.0275 
2014-03-30,-5.2203,6.6976,8.4719e-09 
2014-03-31,-0.8753,8.6422,0.0000 
2014-04-01,3.5617,14.4022,0.1778 
2014-04-02,0.1595,9.8004,1.0651e-04 
2014-04-03,-3.4769,9.0092,1.3955 
2014-04-04,3.5503,13.3821,6.9579 
2014-04-05,-2.8463,6.8239,0.4286 
2014-04-06,1.9388,9.4225,5.5939e-05 
2014-04-07,1.9253,9.8166,2.3241 
2014-04-08,2.1788,13.2724,7.8458 
2014-04-09,0.0923,11.2531,0.1335 
2014-04-10,6.5359,18.1605,0.0155 
2014-04-11,6.4106,15.0674,0.0283 
2014-04-12,9.2623,17.7613,2.3183e-04 
2014-04-13,14.0710,21.8494,3.7389 
2014-04-14,9.4156,18.9796,0.2230 
2014-04-15,-5.4932,4.9624,5.8142 
2014-04-16,-5.0273,1.7414,0.3619 
2014-04-17,-1.3271,13.8599,0.0000 
2014-04-18,7.6768,13.7282,0.2324 
2014-04-19,-1.5088,11.9298,9.4202e-04 
2014-04-20,3.3480,16.5813,0.0000 
2014-04-21,10.6474,20.9018,0.0011 
2014-04-22,8.7439,20.0998,1.8413 
2014-04-23,2.6754,8.6588,0.0553 
2014-04-24,1.9696,10.8148,6.4580e-07 
2014-04-25,7.1300,10.9302,3.8491 
2014-04-26,5.2279,12.2957,0.0019 
2014-04-27,0.1390,11.6662,4.2357e-04 
2014-04-28,5.5641,13.1767,0.2811 
2014-04-29,9.1480,17.0173,13.5648 
2014-04-30,10.1604,14.3766,6.7317 
2014-05-01,7.2053,13.5916,1.3175 
2014-05-02,6.7595,13.8483,0.8823 
2014-05-03,8.2241,13.4604,3.3055 
2014-05-04,7.1095,12.8058,0.3746 
2014-05-05,4.2629,11.4845,0.0265 
2014-05-06,2.7166,13.0822,6.0761e-06 
2014-05-07,7.1143,17.3546,3.6230 
2014-05-08,11.4719,25.4588,0.0833 
2014-05-09,17.8105,25.3692,2.1662 
2014-05-10,11.9195,20.1302,1.2181 
2014-05-11,13.0394,22.6361,1.5946e-04 
2014-05-12,17.3665,24.4794,16.8109 
2014-05-13,18.8094,25.5782,16.9551 
2014-05-14,8.7365,24.2644,5.6231 
2014-05-15,5.6924,16.6151,27.2196 
2014-05-16,0.2153,11.8330,0.0048 
2014-05-17,4.5466,11.3987,0.1158 
2014-05-18,7.2731,16.1952,0.0411 
2014-05-19,9.7569,18.4539,3.3420e-04 
2014-05-20,12.1025,18.9529,0.8778 
2014-05-21,16.4522,25.2738,3.5413 
2014-05-22,11.7407,21.8009,0.3506 
2014-05-23,8.3915,19.3978,0.0196 
2014-05-24,10.6614,21.8777,0.0014 
2014-05-25,16.6323,24.5575,5.8566e-05 
2014-05-26,18.5826,27.1158,6.9215e-05 
2014-05-27,19.3516,26.8424,7.8695 
2014-05-28,13.4474,19.1062,8.7369 
2014-05-29,10.2554,19.4558,0.0633 
2014-05-30,10.8644,22.8774,0.0030 
2014-05-31,13.2054,22.5173,1.9178e-04 
2014-06-01,14.3050,24.6756,0.0000 
2014-06-02,20.1414,28.1857,2.1900 
2014-06-03,19.8491,24.1325,8.2691 
2014-06-04,17.4197,22.7910,1.0519 
2014-06-05,9.4309,19.2985,0.0233 
2014-06-06,11.5007,22.5968,1.0418e-04 
2014-06-07,16.6983,24.6109,0.0042 
2014-06-08,15.3415,23.2248,2.2992 
2014-06-09,11.6852,22.5036,0.0000 
2014-06-10,15.2429,21.6846,0.0018 
2014-06-11,17.0923,24.1363,3.3970 
2014-06-12,18.3493,24.2560,4.7437 
2014-06-13,15.4959,24.3019,0.2874 
2014-06-14,8.2182,19.7412,8.5532e-05 
2014-06-15,13.1619,22.8486,1.0263e-04 
2014-06-16,18.8799,27.0759,1.7275e-04 
2014-06-17,22.1380,29.2975,0.9456 
2014-06-18,17.8381,29.3508,12.2849 
2014-06-19,18.3562,22.8224,4.1454 
2014-06-20,12.7509,21.8259,0.3057 
2014-06-21,16.1830,23.2244,1.3594 
2014-06-22,16.8327,24.2553,5.4831e-06 
2014-06-23,18.3454,27.2787,1.8322 
2014-06-24,19.3690,24.9378,18.5305 
2014-06-25,15.4644,22.0299,2.5728 
2014-06-26,13.7047,22.5306,0.0000 
2014-06-27,16.8947,25.0098,0.0000 
2014-06-28,20.3066,28.4035,0.0011 
2014-06-29,21.7401,27.9347,9.9013 
2014-06-30,22.4020,28.3701,1.9518 
2014-07-01,23.6187,28.1453,11.8793 
2014-07-02,19.5515,26.3824,0.3015 
2014-07-03,15.8029,22.7250,2.9752 
2014-07-04,12.7426,20.6342,0.5229 
2014-07-05,18.3754,23.7281,0.0000 
2014-07-06,18.7570,27.5814,0.0000 
2014-07-07,23.5995,27.4247,16.9717 
2014-07-08,19.8003,26.4560,18.3803 
2014-07-09,13.7583,21.8505,0.0028 
2014-07-10,16.0179,21.6975,0.0067 
2014-07-11,16.0242,24.0664,0.0080 
2014-07-12,19.6117,27.4316,0.0000 
2014-07-13,21.3017,27.3993,1.8944 
2014-07-14,18.1549,26.1543,1.6219 
2014-07-15,14.7102,24.3523,4.3504 
2014-07-16,11.8887,18.9818,0.1800 
2014-07-17,13.8361,22.2953,0.0120 
2014-07-18,18.5984,23.4330,0.0028 
2014-07-19,17.4143,22.5630,1.3232 
2014-07-20,17.0035,24.4623,0.0903 
2014-07-21,19.3262,26.1283,0.0034 
2014-07-22,20.0530,31.0198,6.0440e-05 
2014-07-23,17.6463,30.7819,1.8392 
2014-07-24,13.4376,20.4619,3.7956e-08 
2014-07-25,17.0994,24.0980,0.0058 
2014-07-26,18.7491,26.4188,0.0827 
2014-07-27,19.3182,25.5236,10.4048 
2014-07-28,15.0742,20.4520,9.4725 
2014-07-29,10.6374,19.4386,0.8374 
2014-07-30,15.9528,20.4865,2.0914 
2014-07-31,14.1787,22.6672,2.2903 
2014-08-01,19.0150,24.6881,5.7079 
2014-08-02,18.8364,25.6633,0.1345 
2014-08-03,19.0878,25.2829,0.0516 
2014-08-04,20.1925,25.9778,1.4342 
2014-08-05,19.5615,24.1181,9.6978 
2014-08-06,15.7276,23.3047,0.0551 
2014-08-07,18.5808,24.4516,0.0062 
2014-08-08,16.8389,23.9635,0.0013 
2014-08-09,17.5756,24.8264,0.0000 
2014-08-10,17.7198,26.3649,6.6364e-04 
2014-08-11,18.8548,25.4143,51.2870 
2014-08-12,18.6901,21.9633,15.5388 
2014-08-13,14.1846,21.7823,0.4380 
2014-08-14,12.3076,21.0697,6.2487e-04 
2014-08-15,10.2947,22.7968,1.5677e-04 
2014-08-16,15.3955,27.3755,0.0347 
2014-08-17,15.2923,22.3712,0.6218 
2014-08-18,14.2853,23.6193,0.0035 
2014-08-19,17.9217,26.6315,9.5024 
2014-08-20,18.6657,25.8513,6.8941 
2014-08-21,18.3804,26.0678,0.9625 
2014-08-22,19.7430,25.9748,0.4612 
2014-08-23,17.0209,25.0341,0.0045 
2014-08-24,17.8309,23.9861,0.0095 
2014-08-25,19.2743,26.4583,2.8575e-07 
2014-08-26,21.8179,30.6229,13.9924 
2014-08-27,15.5812,30.1176,2.8017 
2014-08-28,13.3510,20.5474,0.0034 
2014-08-29,14.9787,22.0877,9.0755e-05 
2014-08-30,20.4362,28.6864,0.0451 
2014-08-31,20.6093,27.7570,0.7662 
2014-09-01,20.5007,26.8270,13.0865 
2014-09-02,20.6395,24.5435,5.7302 
2014-09-03,19.4585,24.6591,0.0288 
2014-09-04,20.8653,28.1876,0.0119 
2014-09-05,22.0552,30.2993,0.0220 
2014-09-06,15.6555,24.3955,20.5848 
2014-09-07,14.8085,20.9055,0.0541 
2014-09-08,16.9013,22.4396,0.0076 
2014-09-09,18.3841,23.8894,0.0256 
2014-09-10,19.4160,23.0866,34.7378 
2014-09-11,12.6174,23.0104,0.9780 
2014-09-12,9.3261,15.1104,0.8915 
2014-09-13,9.4461,14.0019,14.9451 
2014-09-14,9.5185,14.5629,0.0027 
2014-09-15,13.1889,17.6703,0.1142 
2014-09-16,7.7184,16.9972,1.7590 
2014-09-17,11.0339,18.0134,0.0022 
2014-09-18,10.6776,17.8433,0.0043 
2014-09-19,7.7364,16.9601,0.0011 
2014-09-20,15.6319,23.8644,0.7095 
2014-09-21,11.8440,20.1213,21.7182 
2014-09-22,8.1612,14.6596,0.4762 
2014-09-23,10.1898,19.0837,0.0031 
2014-09-24,13.2521,20.5128,6.2197e-04 
2014-09-25,15.1951,20.9302,5.3309e-04 
2014-09-26,14.4929,22.1034,0.0000 
2014-09-27,15.8626,23.5976,0.0369 
2014-09-28,16.4767,21.7659,0.0534 
2014-09-29,16.7302,23.1131,0.1085 
2014-09-30,10.6734,22.4900,11.6857 
2014-10-01,12.4054,17.9826,0.0779 
2014-10-02,14.2368,20.9157,0.1437 
2014-10-03,15.0483,21.2982,8.0731 
2014-10-04,6.6140,14.5592,6.3849 
2014-10-05,5.6841,10.5608,0.1208 
2014-10-06,9.2150,16.8484,1.7861 
2014-10-07,9.9280,15.3220,0.7758 
2014-10-08,8.8269,13.9990,0.0195 
2014-10-09,6.6027,13.1588,0.0000 
2014-10-10,4.8893,12.8271,7.2517e-04 
2014-10-11,4.5789,12.4453,0.0000 
2014-10-12,7.2189,14.0755,0.0000 
2014-10-13,11.6218,20.3571,2.1079 
2014-10-14,17.8172,20.3033,4.1717 
2014-10-15,13.8070,17.6549,9.2354 
2014-10-16,11.5850,16.4045,1.3404 
2014-10-17,10.3811,17.0812,0.2151 
2014-10-18,6.9365,14.7557,0.3304 
2014-10-19,1.3847,8.4648,0.0324 
2014-10-20,7.9613,13.4789,1.3049 
2014-10-21,7.7024,12.7307,1.2467 
2014-10-22,4.0393,10.5859,0.0040 
2014-10-23,4.0825,12.6588,0.0027 
2014-10-24,8.1724,14.5709,0.0089 
2014-10-25,9.6700,17.7276,0.0000 
2014-10-26,7.1138,13.3510,8.5322e-04 
2014-10-27,7.5765,17.7512,0.0778 
2014-10-28,14.4589,19.6833,4.1935 
2014-10-29,7.2017,13.4049,0.0657 
2014-10-30,2.8419,8.7187,0.0049 
2014-10-31,5.2081,8.4097,2.9642 
2014-11-01,2.2119,4.7426,0.8337 
2014-11-02,-2.2419,7.0066,0.0067 
2014-11-03,3.0724,12.8738,6.6837e-04 
2014-11-04,11.2831,14.6173,0.2129 
2014-11-05,6.6863,12.2806,0.0717 
2014-11-06,6.4446,10.4971,2.6987 
2014-11-07,-0.3324,6.9426,1.6369 
2014-11-08,3.0962,6.3333,1.0868 
2014-11-09,1.0874,6.8453,0.0050 
2014-11-10,6.0369,12.5225,0.0426 
2014-11-11,10.5518,16.2924,0.1605 
2014-11-12,-1.5390,10.3564,0.2082 
2014-11-13,-3.1602,0.6580,0.4186 
2014-11-14,-5.9797,0.3897,0.0424 
2014-11-15,-6.1998,-0.7828,0.0179 
2014-11-16,-2.8629,0.0868,0.2512 
2014-11-17,-4.6881,-0.6262,3.1304 
2014-11-18,-8.1636,-5.2232,0.2589 
2014-11-19,-9.9688,-1.4668,1.3210 
2014-11-20,-5.3391,-0.9148,0.3896 
2014-11-21,-11.3113,-5.3107,0.0692 
2014-11-22,-6.4790,4.9271,2.3940 
2014-11-23,4.8930,8.3470,2.8762 
2014-11-24,3.7073,12.3655,23.7484 
2014-11-25,-1.8113,2.9663,0.1971 
2014-11-26,-4.5809,1.3541,0.0687 
2014-11-27,-3.5588,0.4812,0.3535 
2014-11-28,-8.6922,-2.3909,0.3934 
2014-11-29,-3.3471,4.1361,0.8094 
2014-11-30,4.8741,13.6714,0.5531 
2014-12-01,-4.3522,10.2680,0.6743 
2014-12-02,-8.4080,0.1684,0.0441 
2014-12-03,-3.1255,1.9601,0.3481 
2014-12-04,-5.6887,-0.1193,0.0086 
2014-12-05,-2.3122,3.1215,0.0033 
2014-12-06,0.2101,3.6106,0.0284 
2014-12-07,-5.9071,0.4417,2.5721e-04 
2014-12-08,-1.4451,4.1490,9.5946e-04 
2014-12-09,0.8549,4.1590,3.0294 
2014-12-10,-1.9086,2.4177,0.2011 
2014-12-11,-5.3211,2.3578,0.0316 
2014-12-12,-3.8913,3.6918,5.5379e-04 
2014-12-13,-3.2215,6.8576,0.0134 
2014-12-14,3.2481,8.9520,0.0484 
2014-12-15,6.5310,8.4472,0.1802 
2014-12-16,4.5924,7.9973,6.2908 
2014-12-17,-1.3463,7.3521,1.0695 
2014-12-18,-3.6775,0.3349,0.1721 
2014-12-19,-6.2453,-0.2759,0.0437 
2014-12-20,-4.9020,-0.4312,0.0039 
2014-12-21,-3.6063,-0.1531,0.0068 
2014-12-22,-2.3247,2.9318,0.0011 
2014-12-23,1.8474,8.1820,1.9757 
2014-12-24,5.4740,10.8001,14.5219 
2014-12-25,1.8357,4.5117,5.9815 
2014-12-26,0.6202,5.9254,0.0109 
2014-12-27,3.5544,9.8536,0.7782 
2014-12-28,-1.8657,9.0890,0.4798 
2014-12-29,-6.0436,-0.4192,0.0104 
2014-12-30,-10.2928,-4.3846,0.0021 
2014-12-31,-11.2231,-7.0541,0.0667 
2015-01-01,-7.7778,-6.0648,0.0971 
