Meteorological forcing data for the Large Basin Runoff Model.      
eri, 16,   <- lake basin, subbasin            
yyyy-mm-dd, Tmin(C), Tmax(C), Prec(mm)                             
2010-01-01,-4.3327,-1.4767,1.2640 
2010-01-02,-12.8509,-4.0456,2.2185 
2010-01-03,-12.7321,-10.2495,6.4360 
2010-01-04,-11.1093,-9.4599,2.1630 
2010-01-05,-10.0115,-7.9448,2.0558 
2010-01-06,-7.9753,-6.1454,2.3712 
2010-01-07,-6.7213,-2.9506,1.0041 
2010-01-08,-9.2791,-4.0692,6.2331 
2010-01-09,-11.6755,-8.8002,0.9234 
2010-01-10,-12.4076,-5.7357,0.2853 
2010-01-11,-10.7740,-6.0519,1.1705 
2010-01-12,-8.7979,-7.6129,1.4319 
2010-01-13,-8.5515,-1.4092,0.3761 
2010-01-14,-5.9351,3.3054,1.5292e-04 
2010-01-15,-0.9616,1.2110,0.6380 
2010-01-16,-2.6310,2.0612,0.0363 
2010-01-17,-2.0441,5.1821,0.3469 
2010-01-18,-1.0853,2.7717,0.5843 
2010-01-19,-3.0528,-1.4482,0.6605 
2010-01-20,-4.9371,-2.3968,1.7364 
2010-01-21,-7.9685,1.7328,0.0025 
2010-01-22,-3.0741,3.0128,1.4831e-04 
2010-01-23,-6.2846,4.5169,0.0286 
2010-01-24,0.3084,6.2267,6.5122 
2010-01-25,0.2110,11.3363,30.1174 
2010-01-26,-3.7367,0.1006,1.9221 
2010-01-27,-6.1604,-3.4752,2.2488 
2010-01-28,-10.9580,-3.3958,8.8577 
2010-01-29,-12.0774,-10.2394,1.4569 
2010-01-30,-16.3425,-11.5242,0.2776 
2010-01-31,-15.2802,-6.8484,0.2517 
2010-02-01,-8.5172,-6.1401,2.6134 
2010-02-02,-9.6877,-3.3078,0.4924 
2010-02-03,-5.0430,-2.8123,1.2959 
2010-02-04,-8.0449,-2.0312,0.2115 
2010-02-05,-5.9839,-0.4400,0.0095 
2010-02-06,-9.5462,-2.4905,0.0929 
2010-02-07,-10.7765,-7.4318,0.3491 
2010-02-08,-10.7614,-4.6667,0.2964 
2010-02-09,-9.8247,-1.8303,0.3352 
2010-02-10,-4.0468,-1.8763,7.2897 
2010-02-11,-8.3277,-3.9280,1.3464 
2010-02-12,-8.0986,-4.4187,0.6643 
2010-02-13,-9.1927,-5.3108,0.9930 
2010-02-14,-6.8893,-3.6199,9.4489 
2010-02-15,-4.5428,-0.0691,6.3493 
2010-02-16,-7.2561,-2.6080,0.7869 
2010-02-17,-6.5514,-2.7660,5.5078 
2010-02-18,-3.7973,-2.7207,5.6205 
2010-02-19,-4.0326,-1.7495,1.4185 
2010-02-20,-6.8565,-0.2408,0.2105 
2010-02-21,-6.3061,0.5253,0.1270 
2010-02-22,-3.4801,1.4790,0.7768 
2010-02-23,-0.9488,1.9357,0.4645 
2010-02-24,-3.4708,-0.4695,0.2242 
2010-02-25,-6.0051,-2.2864,2.2579 
2010-02-26,-7.3495,0.3696,15.7367 
2010-02-27,-4.7235,-1.1695,5.6398 
2010-02-28,-2.2782,0.0243,3.5754 
2010-03-01,-2.3788,-0.4174,1.1147 
2010-03-02,-6.7610,1.2183,0.3017 
2010-03-03,-3.0112,0.8683,0.1030 
2010-03-04,-5.2886,-0.5277,0.0170 
2010-03-05,-5.6736,0.1369,0.0372 
2010-03-06,-7.0790,2.3407,0.0104 
2010-03-07,-2.5676,4.7989,0.0042 
2010-03-08,-0.9548,5.8267,0.0000 
2010-03-09,1.0322,8.0559,1.9212e-04 
2010-03-10,5.2175,10.4928,0.0046 
2010-03-11,6.6554,10.9679,0.1187 
2010-03-12,4.3524,8.8513,1.0872 
2010-03-13,2.5521,5.3098,5.4969 
2010-03-14,0.8161,3.2011,4.1549 
2010-03-15,0.1457,2.2234,1.0544 
2010-03-16,0.8651,6.6920,0.0343 
2010-03-17,4.2443,8.3748,3.1785e-05 
2010-03-18,5.2404,8.8146,3.7565e-05 
2010-03-19,4.3273,9.3442,0.0000 
2010-03-20,2.4381,7.7264,0.0000 
2010-03-21,-0.2656,7.7431,0.3434 
2010-03-22,0.5588,5.3955,6.7332 
2010-03-23,0.8009,2.4503,6.2786 
2010-03-24,-2.8557,5.3642,2.0809 
2010-03-25,0.8928,7.1420,11.9014 
2010-03-26,-7.1009,-0.1274,3.1316 
2010-03-27,-7.5515,4.9455,0.0000 
2010-03-28,1.2025,5.4058,2.5571 
2010-03-29,3.3472,5.7123,5.0610 
2010-03-30,-1.5633,4.7849,0.0826 
2010-03-31,0.0675,8.9627,0.0051 
2010-04-01,8.4251,19.4596,7.0136e-05 
2010-04-02,14.6905,23.1191,0.0000 
2010-04-03,13.1306,23.3645,0.0355 
2010-04-04,6.6554,15.4452,0.0435 
2010-04-05,12.4250,17.2208,0.3296 
2010-04-06,13.7424,21.3560,6.4158 
2010-04-07,17.5910,21.7896,0.5969 
2010-04-08,7.2790,22.4746,11.0842 
2010-04-09,-0.0186,6.8817,2.0954 
2010-04-10,-0.9777,12.6567,0.4130 
2010-04-11,5.9828,13.3328,0.2744 
2010-04-12,4.1767,11.1834,0.0042 
2010-04-13,4.5487,12.0887,0.0170 
2010-04-14,6.3307,15.8211,1.0411e-05 
2010-04-15,10.8498,21.6181,0.0062 
2010-04-16,13.0776,20.0984,6.3331 
2010-04-17,0.4849,12.6289,1.6631 
2010-04-18,0.2482,7.5197,0.9643 
2010-04-19,1.4372,11.0026,0.0034 
2010-04-20,5.7798,14.6966,0.0035 
2010-04-21,9.1740,15.4555,0.0034 
2010-04-22,3.0784,12.6757,0.0068 
2010-04-23,1.7212,12.0044,4.0317e-05 
2010-04-24,7.0801,18.0397,0.0649 
2010-04-25,8.5288,12.3168,11.8277 
2010-04-26,6.9911,9.8239,9.0304 
2010-04-27,0.8180,8.9399,0.3924 
2010-04-28,1.3303,9.2982,0.0095 
2010-04-29,3.6348,13.3840,0.0000 
2010-04-30,11.2230,23.3960,8.5287e-04 
2010-05-01,17.9775,26.3840,0.0107 
2010-05-02,17.5130,25.9557,1.4068 
2010-05-03,15.5954,22.1478,3.4067 
2010-05-04,11.6582,17.6064,0.3228 
2010-05-05,13.5957,23.6184,0.3182 
2010-05-06,10.5180,21.4595,24.3253 
2010-05-07,5.3346,17.3128,0.9027 
2010-05-08,2.1598,17.5110,14.3612 
2010-05-09,0.0384,4.4964,1.1701 
2010-05-10,0.0014,8.6389,0.0018 
2010-05-11,3.6271,9.3766,10.7236 
2010-05-12,4.5667,10.4095,10.1338 
2010-05-13,5.2511,15.9550,1.2594 
2010-05-14,13.6469,19.2064,11.5790 
2010-05-15,7.3153,14.4783,0.0587 
2010-05-16,6.1582,17.2382,0.0288 
2010-05-17,10.8576,18.0437,0.0243 
2010-05-18,10.8782,17.6207,5.3870 
2010-05-19,9.2926,18.7790,0.2878 
2010-05-20,13.3682,23.3142,0.0761 
2010-05-21,17.9055,25.4516,0.0017 
2010-05-22,18.3164,23.4744,1.0585 
2010-05-23,15.2255,22.7662,0.8633 
2010-05-24,16.2589,26.7614,0.0000 
2010-05-25,18.2338,27.3523,6.2570e-05 
2010-05-26,19.9381,26.8441,0.0015 
2010-05-27,19.4052,26.5284,3.2277e-04 
2010-05-28,19.3775,25.3054,0.1931 
2010-05-29,17.6341,23.5593,0.0097 
2010-05-30,16.3553,25.8307,0.0016 
2010-05-31,21.4752,27.7697,2.0725 
2010-06-01,17.9419,25.0303,10.2584 
2010-06-02,17.6155,26.4347,0.0176 
2010-06-03,16.1523,23.0171,9.8473 
2010-06-04,16.0956,23.0913,0.5836 
2010-06-05,16.8669,23.0273,13.6317 
2010-06-06,11.6246,21.2055,47.3675 
2010-06-07,11.1749,15.3730,0.2123 
2010-06-08,8.1978,16.8883,0.0213 
2010-06-09,11.6149,17.4501,7.1462 
2010-06-10,14.3206,18.1719,4.9243 
2010-06-11,13.2369,23.1544,0.0251 
2010-06-12,19.1067,25.9399,0.0261 
2010-06-13,19.4455,22.4875,4.6630 
2010-06-14,16.1712,20.9341,1.0630 
2010-06-15,14.7628,22.7501,0.2799 
2010-06-16,18.2911,22.4282,2.6152 
2010-06-17,12.1695,21.4175,1.2617 
2010-06-18,15.6697,25.6416,0.0054 
2010-06-19,19.5345,28.1178,2.5387 
2010-06-20,18.2536,26.4615,3.1758 
2010-06-21,15.6908,24.0536,0.0408 
2010-06-22,18.4569,23.1629,2.5811 
2010-06-23,18.6256,28.7137,0.8506 
2010-06-24,18.3113,27.8396,14.2580 
2010-06-25,14.5993,21.0638,0.3211 
2010-06-26,16.9903,23.0448,0.1488 
2010-06-27,18.5202,27.5736,0.8537 
2010-06-28,17.9156,27.2410,18.2892 
2010-06-29,14.3921,18.8418,0.3911 
2010-06-30,10.4311,15.4187,0.0135 
2010-07-01,10.5660,17.5903,0.0079 
2010-07-02,12.5876,21.3868,0.0000 
2010-07-03,17.1873,26.5937,0.0000 
2010-07-04,20.7045,28.5160,1.4811e-06 
2010-07-05,23.5702,29.8141,1.7504e-06 
2010-07-06,25.1338,29.3992,0.0015 
2010-07-07,24.4195,30.4720,0.0024 
2010-07-08,24.5079,30.3175,0.1238 
2010-07-09,19.3880,28.0042,22.8478 
2010-07-10,17.5903,23.0878,2.4802 
2010-07-11,19.3722,25.6555,0.0113 
2010-07-12,20.5516,26.3709,0.1923 
2010-07-13,19.4216,22.9565,0.2241 
2010-07-14,19.9577,24.8251,0.0318 
2010-07-15,19.6320,29.7117,0.0221 
2010-07-16,19.7058,28.5869,0.7412 
2010-07-17,21.5071,28.9042,0.0219 
2010-07-18,18.3174,27.1762,0.3676 
2010-07-19,18.1916,27.0262,1.6540 
2010-07-20,17.9952,25.4073,0.3110 
2010-07-21,18.4693,24.6329,1.7254 
2010-07-22,18.2167,24.3657,0.0828 
2010-07-23,21.1178,28.2719,28.8269 
2010-07-24,23.5045,28.7415,10.4579 
2010-07-25,18.9116,23.8552,23.3877 
2010-07-26,15.9757,22.8078,0.1319 
2010-07-27,19.0584,26.2210,0.0031 
2010-07-28,20.7281,28.6549,0.2364 
2010-07-29,16.4363,21.7925,5.5262 
2010-07-30,14.7774,20.9203,0.0519 
2010-07-31,15.8764,23.8276,0.0022 
2010-08-01,17.2960,24.1334,0.6534 
2010-08-02,16.9240,24.5875,1.7436 
2010-08-03,20.6387,27.3430,0.2921 
2010-08-04,21.4737,27.0120,0.1135 
2010-08-05,18.9952,25.5997,2.9418 
2010-08-06,17.0391,21.0097,3.4188 
2010-08-07,13.8518,20.7273,0.3075 
2010-08-08,17.9891,26.4758,0.0995 
2010-08-09,21.7486,27.4033,2.1117 
2010-08-10,20.0477,25.2521,6.1619 
2010-08-11,20.5893,25.8706,0.4909 
2010-08-12,19.1733,25.6639,0.2394 
2010-08-13,19.3640,25.3297,0.0016 
2010-08-14,18.6717,27.4358,0.2412 
2010-08-15,20.3368,26.1011,1.7567 
2010-08-16,18.3625,24.0646,3.4289 
2010-08-17,17.5710,23.4694,0.0035 
2010-08-18,18.4415,23.4989,0.0592 
2010-08-19,18.0585,24.8781,0.0205 
2010-08-20,16.8325,24.1906,1.4415 
2010-08-21,19.8629,28.4103,0.0119 
2010-08-22,18.4420,26.8022,40.9201 
2010-08-23,16.3777,18.6099,3.3919 
2010-08-24,14.4279,21.7713,0.1780 
2010-08-25,17.1480,21.9926,0.0200 
2010-08-26,13.3626,19.2629,0.7281 
2010-08-27,12.4619,19.6510,0.0198 
2010-08-28,15.3165,25.2451,0.0000 
2010-08-29,20.6482,26.6459,1.4684e-04 
2010-08-30,21.3631,28.6046,0.0262 
2010-08-31,23.9592,29.5278,3.2187e-05 
2010-09-01,24.1066,28.7636,1.5867e-04 
2010-09-02,22.7500,27.8560,0.5140 
2010-09-03,18.4909,26.8869,2.1745 
2010-09-04,12.0058,18.2547,5.4378 
2010-09-05,10.9036,14.6121,1.9195 
2010-09-06,13.0927,21.5911,0.1316 
2010-09-07,18.0828,27.0977,0.1834 
2010-09-08,13.2300,24.0193,12.7868 
2010-09-09,11.4495,13.6256,0.4310 
2010-09-10,10.9453,15.5342,0.5386 
2010-09-11,12.2500,20.1748,0.0047 
2010-09-12,13.0630,19.2390,6.7565 
2010-09-13,13.0561,19.4772,0.3844 
2010-09-14,9.9476,17.6887,0.0174 
2010-09-15,8.6224,15.5537,0.0014 
2010-09-16,11.3864,17.7288,6.9080 
2010-09-17,9.4239,15.8369,7.2102 
2010-09-18,9.9015,20.7973,0.0373 
2010-09-19,13.3632,18.4801,0.1866 
2010-09-20,8.1785,16.0416,0.0100 
2010-09-21,9.3689,24.3710,0.3627 
2010-09-22,18.6850,22.8018,2.9161 
2010-09-23,14.9238,24.5564,0.3090 
2010-09-24,22.7522,27.6366,0.0091 
2010-09-25,12.5738,20.5354,0.1748 
2010-09-26,9.5122,16.4797,0.0740 
2010-09-27,10.4698,15.2721,4.2180 
2010-09-28,15.0823,19.1350,11.0784 
2010-09-29,11.4902,16.4811,1.8972 
2010-09-30,12.4128,15.7369,11.0538 
2010-10-01,9.7099,13.0270,0.2027 
2010-10-02,7.1418,11.6034,0.6792 
2010-10-03,4.6750,8.4329,11.6252 
2010-10-04,5.0299,7.2966,8.6182 
2010-10-05,5.8370,8.4776,12.5325 
2010-10-06,8.0678,12.2643,8.3737 
2010-10-07,8.6571,14.1887,1.4088 
2010-10-08,9.3626,16.9078,5.4597e-04 
2010-10-09,10.8545,15.8025,0.0372 
2010-10-10,7.9360,18.4454,5.9746e-04 
2010-10-11,11.3979,18.4976,1.3481 
2010-10-12,8.0411,13.5784,4.6718 
2010-10-13,4.5351,13.9853,0.0649 
2010-10-14,6.9680,13.1663,2.4320 
2010-10-15,4.7842,8.9002,1.2947 
2010-10-16,4.8298,10.1556,0.4284 
2010-10-17,8.6387,12.3037,0.0975 
2010-10-18,5.6103,9.7457,0.0221 
2010-10-19,4.5601,9.4973,1.1240 
2010-10-20,6.2317,12.7267,0.0424 
2010-10-21,4.3033,12.3391,12.2639 
2010-10-22,2.1569,6.0045,0.7569 
2010-10-23,5.5171,14.6055,0.9881 
2010-10-24,10.1042,16.9846,0.4715 
2010-10-25,14.1869,17.2394,1.2436 
2010-10-26,14.9643,21.1548,0.2337 
2010-10-27,9.9904,18.8385,13.9538 
2010-10-28,6.1375,14.2244,1.9606 
2010-10-29,4.0915,6.1530,1.8346 
2010-10-30,2.4781,9.1372,0.0139 
2010-10-31,1.6681,8.3341,0.5852 
2010-11-01,-1.6871,2.9665,0.2523 
2010-11-02,-0.6995,6.2766,0.0266 
2010-11-03,1.0484,9.1197,0.1040 
2010-11-04,3.1184,7.0690,4.3420 
2010-11-05,0.6015,3.5348,7.2315 
2010-11-06,-0.0530,2.6128,1.9347 
2010-11-07,-1.0932,4.2162,0.9515 
2010-11-08,1.5121,6.3370,0.0013 
2010-11-09,1.0735,8.3895,0.0019 
2010-11-10,2.5661,9.4007,0.2379 
2010-11-11,2.1739,13.2573,1.3016e-04 
2010-11-12,7.1197,14.5907,0.0000 
2010-11-13,8.8459,15.1123,0.0000 
2010-11-14,8.9071,12.0992,1.2578 
2010-11-15,2.3280,9.2162,1.0941 
2010-11-16,5.1274,9.8280,5.5179 
2010-11-17,4.4636,12.0266,15.8687 
2010-11-18,2.7756,6.0166,2.7340 
2010-11-19,-1.3577,3.8170,0.3517 
2010-11-20,3.1925,5.1197,0.2287 
2010-11-21,-1.3807,9.1872,0.0095 
2010-11-22,9.3203,14.5434,11.4442 
2010-11-23,2.4606,14.8461,8.3379 
2010-11-24,-0.9276,2.0605,0.3463 
2010-11-25,-1.2692,5.6864,3.5801 
2010-11-26,-2.6145,9.1504,11.9183 
2010-11-27,-3.4308,0.3862,3.6801 
2010-11-28,-0.8925,1.2690,0.8255 
2010-11-29,-1.1632,4.8552,0.3816 
2010-11-30,2.2847,12.3072,16.4860 
2010-12-01,-2.6014,13.6734,41.6950 
2010-12-02,-4.0095,-1.7479,0.7986 
2010-12-03,-5.0214,-1.6093,1.2278 
2010-12-04,-4.6823,-2.0767,1.1972 
2010-12-05,-6.8080,-3.1256,2.9061 
2010-12-06,-5.5157,-3.4621,7.1488 
2010-12-07,-5.9090,-4.8087,3.1611 
2010-12-08,-6.9152,-5.1061,2.1221 
2010-12-09,-8.6251,-6.1765,1.0382 
2010-12-10,-8.4194,-0.3262,0.2548 
2010-12-11,-2.2748,2.4214,0.0548 
2010-12-12,-0.3943,3.8002,5.7314 
2010-12-13,-11.1064,0.7561,3.8313 
2010-12-14,-11.5329,-8.9156,9.6297 
2010-12-15,-9.2784,-5.7613,2.4363 
2010-12-16,-7.2393,-5.2556,0.8010 
2010-12-17,-8.7580,-3.2116,1.6198 
2010-12-18,-8.1182,-3.8678,0.4267 
2010-12-19,-10.5423,-4.9870,0.0571 
2010-12-20,-6.3268,-3.5334,1.9559 
2010-12-21,-7.1714,-3.9471,1.2589 
2010-12-22,-7.4439,-5.1561,0.7081 
2010-12-23,-5.6252,-4.8123,3.6597 
2010-12-24,-6.4049,-5.2270,0.6600 
2010-12-25,-6.7041,-4.9592,0.8966 
2010-12-26,-8.2978,-5.9712,1.4874 
2010-12-27,-9.6306,-5.5211,1.5963 
2010-12-28,-5.4208,-3.2648,0.5131 
2010-12-29,-4.7066,-1.8749,0.3141 
2010-12-30,-3.6274,3.2518,0.0367 
2010-12-31,2.6218,7.0854,0.3384 
2011-01-01,5.7789,8.3321,6.8777 
2011-01-02,-6.9916,5.8171,0.8702 
2011-01-03,-6.6040,-2.9790,2.1053 
2011-01-04,-3.8402,-0.9305,1.9498 
2011-01-05,-6.6714,-2.0957,4.3060 
2011-01-06,-9.2225,-4.4441,0.7728 
2011-01-07,-7.7400,-3.8589,3.2908 
2011-01-08,-8.6445,-6.8306,1.7943 
2011-01-09,-10.3472,-7.3103,1.3325 
2011-01-10,-10.2628,-6.5798,0.4169 
2011-01-11,-9.4817,-3.3493,0.7698 
2011-01-12,-8.9211,-4.2554,13.2274 
2011-01-13,-11.5574,-8.7957,3.3263 
2011-01-14,-8.9120,-6.1116,1.9009 
2011-01-15,-8.8606,-1.8977,5.9678 
2011-01-16,-10.9956,-5.1921,1.0723 
2011-01-17,-15.3239,-3.8897,0.1998 
2011-01-18,-3.9281,4.5715,0.9658 
2011-01-19,-5.7171,1.9483,1.9618 
2011-01-20,-10.4757,-6.2019,1.0982 
2011-01-21,-11.4476,-7.5009,5.4333 
2011-01-22,-14.3197,-10.1047,0.5421 
2011-01-23,-16.9311,-10.4672,7.3619 
2011-01-24,-19.2070,-7.9229,0.2664 
2011-01-25,-7.6146,-2.1741,2.1032 
2011-01-26,-6.4865,0.0277,0.2567 
2011-01-27,-5.4511,-3.0959,0.5174 
2011-01-28,-5.2835,-3.4616,2.0144 
2011-01-29,-5.5656,-3.2544,1.8511 
2011-01-30,-7.9500,-3.9122,0.5261 
2011-01-31,-13.1611,-7.3916,0.4620 
2011-02-01,-8.2550,-4.5362,3.7364 
2011-02-02,-7.8373,4.7939,14.5570 
2011-02-03,-12.6849,-5.0978,3.7243 
2011-02-04,-10.4226,-1.7040,0.0127 
2011-02-05,-4.4517,1.0472,7.1380 
2011-02-06,-5.6273,-0.6313,1.5278 
2011-02-07,-3.4172,0.9967,2.5135 
2011-02-08,-11.9379,-1.5034,5.3652 
2011-02-09,-13.4033,-6.4594,0.0785 
2011-02-10,-15.3747,-8.8584,0.8173 
2011-02-11,-12.8843,-5.5960,0.1690 
2011-02-12,-5.9018,-3.9581,8.4986 
2011-02-13,-6.0847,4.7221,2.3213 
2011-02-14,-3.4910,5.9931,1.1399 
2011-02-15,-12.4940,-2.0787,0.1291 
2011-02-16,-2.6698,5.4985,0.3680 
2011-02-17,3.4253,7.9990,1.5532 
2011-02-18,2.1048,6.7189,0.1603 
2011-02-19,-7.7688,1.8715,1.5728 
2011-02-20,-10.4400,1.0388,0.1647 
2011-02-21,-8.3323,0.4617,10.4872 
2011-02-22,-11.6726,-3.9505,0.1076 
2011-02-23,-10.0982,1.8368,0.0052 
2011-02-24,-2.3595,2.9664,2.2300 
2011-02-25,-2.6778,-0.4886,25.0669 
2011-02-26,-9.8077,-0.9303,1.5206 
2011-02-27,-2.6550,5.7497,3.5427 
2011-02-28,-1.4173,7.7352,26.9500 
2011-03-01,-9.1357,1.4578,0.1027 
2011-03-02,-8.0688,0.8516,0.6529 
2011-03-03,-13.3753,-1.7309,0.0741 
2011-03-04,-3.1980,5.3491,0.8770 
2011-03-05,3.0911,6.9620,21.0868 
2011-03-06,-3.5650,6.9283,21.0416 
2011-03-07,-8.3658,-2.1613,0.5056 
2011-03-08,-6.0371,5.7346,0.0025 
2011-03-09,0.2344,3.2336,1.3934 
2011-03-10,3.5154,8.0435,5.2962 
2011-03-11,-1.4820,5.7317,8.8005 
2011-03-12,-1.1547,4.0857,2.3627 
2011-03-13,-1.6822,2.3700,0.9567 
2011-03-14,-5.8897,1.1287,0.6413 
2011-03-15,-1.6696,6.2301,0.0145 
2011-03-16,1.1933,3.3242,5.9403 
2011-03-17,1.3089,9.2455,0.0207 
2011-03-18,3.6668,8.4469,0.0745 
2011-03-19,-3.8467,3.2200,0.2435 
2011-03-20,-4.1050,4.7676,0.0072 
2011-03-21,1.4407,5.8411,22.9590 
2011-03-22,-1.6980,2.8197,0.8804 
2011-03-23,-1.9724,0.4897,12.5883 
2011-03-24,-4.2372,-1.4122,0.6834 
2011-03-25,-8.9756,-4.3162,0.1521 
2011-03-26,-10.6961,-4.8541,0.6726 
2011-03-27,-9.3921,-4.1721,0.0065 
2011-03-28,-10.9576,-2.4977,0.0094 
2011-03-29,-8.6684,0.6423,0.0426 
2011-03-30,-3.1257,5.6756,0.0837 
2011-03-31,-0.3167,2.9894,6.8298 
2011-04-01,-1.2669,2.2113,1.4313 
2011-04-02,-1.1175,4.3893,0.1140 
2011-04-03,-2.1342,4.6777,0.5003 
2011-04-04,0.4389,11.7119,20.9134 
2011-04-05,-3.8204,9.4136,7.0254 
2011-04-06,-1.0601,1.9789,8.0852 
2011-04-07,-0.3320,6.6698,0.2966 
2011-04-08,2.1994,5.0841,0.9109 
2011-04-09,-0.3485,8.9133,0.0902 
2011-04-10,5.6747,12.7551,0.0308 
2011-04-11,7.8826,14.7514,0.2953 
2011-04-12,2.7710,7.0554,0.3370 
2011-04-13,2.4062,5.1161,13.5361 
2011-04-14,2.7828,8.6062,0.1739 
2011-04-15,-2.2791,8.6933,0.0745 
2011-04-16,3.9586,8.6421,9.1281 
2011-04-17,-0.7300,8.3653,3.7548 
2011-04-18,-0.8379,1.6030,4.6031 
2011-04-19,-0.7051,3.3768,2.1174 
2011-04-20,3.0618,13.1186,20.1838 
2011-04-21,-0.8385,4.2939,1.2456 
2011-04-22,0.0597,5.7075,0.3199 
2011-04-23,2.7901,16.5761,21.8244 
2011-04-24,7.6732,14.5664,2.2415 
2011-04-25,7.9710,13.8604,6.7389 
2011-04-26,11.1722,24.5478,17.2253 
2011-04-27,16.4525,23.6295,9.0279 
2011-04-28,10.4316,20.3485,1.4881 
2011-04-29,3.6362,11.1413,2.3515 
2011-04-30,3.0657,16.3220,0.6001 
2011-05-01,10.9104,16.3640,4.3817 
2011-05-02,8.8186,15.5039,5.9368 
2011-05-03,5.4531,8.7096,29.1955 
2011-05-04,3.3529,7.3823,1.7913 
2011-05-05,3.6056,11.6524,0.0202 
2011-05-06,7.3888,14.6329,9.6265e-04 
2011-05-07,7.4728,14.1623,0.8280 
2011-05-08,8.1240,14.1861,0.0031 
2011-05-09,7.8183,15.6271,0.0000 
2011-05-10,9.0749,18.2243,5.1626e-04 
2011-05-11,11.9649,22.8656,0.1644 
2011-05-12,16.2479,25.2532,2.0309e-04 
2011-05-13,17.1620,24.6076,7.4636 
2011-05-14,16.5143,21.4997,9.0860 
2011-05-15,6.8796,16.9365,24.1975 
2011-05-16,4.8371,10.9665,2.0783 
2011-05-17,6.0988,13.4631,2.2455 
2011-05-18,12.7934,20.1932,4.3456 
2011-05-19,12.1933,16.4004,18.7044 
2011-05-20,11.7263,18.1826,0.2927 
2011-05-21,13.6277,22.0836,0.0220 
2011-05-22,15.8592,23.8680,0.0073 
2011-05-23,17.7280,24.7615,3.1571 
2011-05-24,16.5289,21.2725,22.6207 
2011-05-25,10.7726,23.9827,7.4969e-05 
2011-05-26,17.8559,24.2488,13.3298 
2011-05-27,16.2499,20.1791,8.6560 
2011-05-28,15.6808,21.9716,1.0121 
2011-05-29,17.8531,26.6092,0.0068 
2011-05-30,18.4861,28.0650,6.0871 
2011-05-31,22.1088,30.3381,0.0019 
2011-06-01,20.3520,29.6389,0.1942 
2011-06-02,9.8730,19.9873,1.2319e-05 
2011-06-03,8.9255,18.0130,7.3327e-04 
2011-06-04,14.3270,21.7428,7.7877 
2011-06-05,15.3223,22.1900,0.3306 
2011-06-06,16.7419,24.3895,0.0032 
2011-06-07,19.8079,26.3994,5.4916 
2011-06-08,21.8034,30.3202,2.2665 
2011-06-09,23.9583,29.0018,0.0129 
2011-06-10,14.5159,23.7414,0.0419 
2011-06-11,15.5167,24.7012,1.6759 
2011-06-12,13.0361,23.0598,4.3171 
2011-06-13,10.1368,17.6583,0.3839 
2011-06-14,10.6074,15.5259,0.6537 
2011-06-15,12.8797,23.8590,0.0048 
2011-06-16,16.9122,23.4134,5.1305 
2011-06-17,13.8832,20.9566,0.8236 
2011-06-18,16.5628,23.7727,0.1781 
2011-06-19,13.8708,22.4823,0.0032 
2011-06-20,16.0544,24.5523,0.1449 
2011-06-21,16.9067,25.3502,1.3022 
2011-06-22,18.3179,25.6024,24.4527 
2011-06-23,16.4538,25.1617,14.7729 
2011-06-24,16.3714,18.7924,14.6639 
2011-06-25,14.5532,16.4534,2.0966 
2011-06-26,13.7230,20.0441,0.2360 
2011-06-27,14.9978,25.4585,0.0031 
2011-06-28,17.9936,25.2242,0.2578 
2011-06-29,14.2493,19.9480,0.4522 
2011-06-30,12.7025,20.8516,0.0497 
2011-07-01,16.0764,24.2143,0.0000 
2011-07-02,18.4195,26.6951,0.0041 
2011-07-03,19.9494,25.6417,0.1915 
2011-07-04,17.1949,23.6523,0.0033 
2011-07-05,17.3822,24.6775,0.0000 
2011-07-06,21.2095,26.7545,0.0306 
2011-07-07,18.4323,24.5799,0.4498 
2011-07-08,17.2241,24.2844,0.2601 
2011-07-09,16.2453,24.3623,0.0425 
2011-07-10,20.6610,27.7956,0.0183 
2011-07-11,23.9564,30.7774,7.1965e-04 
2011-07-12,20.9193,29.1814,0.0059 
2011-07-13,17.5308,24.5242,0.0052 
2011-07-14,15.0743,24.4518,0.0000 
2011-07-15,18.6616,26.5272,0.0000 
2011-07-16,20.2821,27.7806,1.3670e-04 
2011-07-17,21.8316,29.1762,1.6155e-04 
2011-07-18,22.2043,28.8051,0.0378 
2011-07-19,18.9843,27.6855,0.9367 
2011-07-20,21.7297,31.1723,6.6293e-05 
2011-07-21,25.0934,32.6409,0.0590 
2011-07-22,23.2854,31.4499,0.1041 
2011-07-23,25.5015,29.2625,7.4744e-05 
2011-07-24,19.8244,26.5132,1.7390 
2011-07-25,20.7259,26.2785,11.4926 
2011-07-26,19.1404,23.9915,0.3051 
2011-07-27,16.5126,23.7232,4.9123e-04 
2011-07-28,18.4889,24.7708,15.2026 
2011-07-29,20.6857,24.7223,9.5635 
2011-07-30,18.6315,26.0400,0.1078 
2011-07-31,21.5245,27.3229,2.2520 
2011-08-01,21.8894,26.2540,0.7532 
2011-08-02,17.8657,25.4607,0.0390 
2011-08-03,19.3827,23.3791,8.3961 
2011-08-04,18.1974,23.6706,3.4523 
2011-08-05,19.4244,25.2211,0.0071 
2011-08-06,19.6076,24.8338,1.7286 
2011-08-07,18.9673,23.0675,3.4789 
2011-08-08,19.9930,22.9714,1.0546 
2011-08-09,17.6597,22.3793,12.2725 
2011-08-10,16.9096,19.3099,8.6880 
2011-08-11,14.9590,19.5385,0.0229 
2011-08-12,17.2721,23.6916,0.0025 
2011-08-13,19.3081,24.6028,0.0388 
2011-08-14,15.7774,23.8845,17.5229 
2011-08-15,15.8185,20.0491,8.2258 
2011-08-16,16.5710,23.5815,0.9815 
2011-08-17,19.3230,25.6083,4.1387e-04 
2011-08-18,19.9929,25.5764,0.1057 
2011-08-19,19.0181,23.9042,2.6492 
2011-08-20,17.2546,27.5820,0.6632 
2011-08-21,15.9563,26.1583,20.9056 
2011-08-22,13.3610,18.5030,0.5889 
2011-08-23,14.5032,22.7484,0.0045 
2011-08-24,17.2052,26.4430,0.2310 
2011-08-25,18.3275,25.2510,39.7240 
2011-08-26,16.5937,22.2868,0.2716 
2011-08-27,16.4893,24.3830,0.0431 
2011-08-28,16.1115,22.2633,0.0678 
2011-08-29,13.7216,20.8058,0.0057 
2011-08-30,16.3283,23.0361,0.0381 
2011-08-31,18.0169,22.9658,0.0012 
2011-09-01,16.9632,25.3556,3.9843 
2011-09-02,18.8043,28.6719,0.0200 
2011-09-03,23.3367,30.4350,0.0326 
2011-09-04,19.5056,28.8389,3.8907 
2011-09-05,14.4159,18.1857,15.8618 
2011-09-06,11.7035,14.1129,2.6695 
2011-09-07,12.1597,16.5045,3.6078 
2011-09-08,15.7122,21.0442,0.8398 
2011-09-09,15.5241,23.8299,2.2309 
2011-09-10,17.2075,22.5071,0.2723 
2011-09-11,15.6275,21.6527,5.0575 
2011-09-12,15.8921,22.1185,0.1745 
2011-09-13,17.0281,24.3894,0.2022 
2011-09-14,12.3781,19.4638,0.8424 
2011-09-15,8.0230,15.7953,12.0299 
2011-09-16,7.2080,12.0445,0.0556 
2011-09-17,8.7796,14.4742,0.0031 
2011-09-18,9.8251,16.8841,0.0000 
2011-09-19,10.6331,16.6125,3.0720 
2011-09-20,13.3992,18.1689,4.4959 
2011-09-21,15.3243,22.4307,0.4663 
2011-09-22,16.5388,21.1488,9.4926 
2011-09-23,14.7250,20.2925,8.9278 
2011-09-24,12.4927,20.7452,1.4763 
2011-09-25,16.2904,24.2900,0.0031 
2011-09-26,17.5542,24.6635,0.0081 
2011-09-27,17.6204,22.7412,1.4548 
2011-09-28,14.6496,20.5322,15.4314 
2011-09-29,13.2533,15.0653,0.9974 
2011-09-30,11.4012,13.6372,1.6627 
2011-10-01,6.1185,11.0939,3.2675 
2011-10-02,2.7586,8.3428,8.1935 
2011-10-03,8.3734,12.5484,8.8393 
2011-10-04,8.6127,13.3562,1.6745 
2011-10-05,9.2104,16.0729,0.0594 
2011-10-06,7.3697,17.2158,1.8599e-04 
2011-10-07,11.1383,21.0947,0.0000 
2011-10-08,14.7857,23.9804,0.0000 
2011-10-09,17.2875,24.3266,4.9396e-06 
2011-10-10,16.9809,24.4143,4.4926e-05 
2011-10-11,16.1190,22.7479,2.7898e-04 
2011-10-12,12.3309,20.1550,7.2016 
2011-10-13,11.8626,18.8592,2.9826 
2011-10-14,9.8223,16.9436,15.8395 
2011-10-15,6.2739,9.4624,31.3873 
2011-10-16,7.5093,10.1423,7.0952 
2011-10-17,7.9292,11.0760,2.0065 
2011-10-18,6.7892,12.6489,0.8472 
2011-10-19,9.0154,17.0984,2.7560 
2011-10-20,6.8495,14.4151,18.3036 
2011-10-21,5.3543,6.3834,5.1901 
2011-10-22,4.9579,7.8648,1.4076 
2011-10-23,4.8250,12.7655,0.0017 
2011-10-24,7.9249,11.4592,2.4870 
2011-10-25,5.2456,11.2359,0.9082 
2011-10-26,7.5778,11.8215,8.2273 
2011-10-27,0.0570,8.4747,11.5100 
2011-10-28,-0.7625,5.7719,0.0529 
2011-10-29,0.2779,4.9608,1.6847 
2011-10-30,-3.7839,6.3675,0.4388 
2011-10-31,1.5094,6.6253,0.0650 
2011-11-01,3.2045,9.8521,0.1023 
2011-11-02,5.7058,13.8906,1.0903e-06 
2011-11-03,9.3901,12.8241,2.3417e-05 
2011-11-04,1.7237,9.0687,0.0083 
2011-11-05,-1.0953,8.8126,7.0709e-06 
2011-11-06,2.8367,12.3762,8.3565e-06 
2011-11-07,6.6483,15.5969,0.0099 
2011-11-08,9.7584,18.9342,0.0112 
2011-11-09,11.8391,16.9432,0.0022 
2011-11-10,4.2646,16.6461,3.3585 
2011-11-11,0.0192,4.0388,13.3120 
2011-11-12,0.4417,11.1897,0.4481 
2011-11-13,7.6481,13.9798,3.2163e-04 
2011-11-14,12.9531,15.2096,21.0158 
2011-11-15,8.9152,15.7868,14.7542 
2011-11-16,6.0417,10.6415,0.1813 
2011-11-17,-0.7357,5.3700,3.4110 
2011-11-18,-2.1097,3.0735,1.6514 
2011-11-19,1.2880,8.3394,0.0913 
2011-11-20,7.2044,11.7341,0.5545 
2011-11-21,0.5763,7.1655,0.0809 
2011-11-22,-1.5625,5.0163,3.0911 
2011-11-23,0.3859,10.2506,23.2659 
2011-11-24,0.4741,8.0379,0.0037 
2011-11-25,3.8563,11.8641,3.6619e-04 
2011-11-26,7.4748,11.5317,8.0424e-06 
2011-11-27,9.7800,13.0556,4.5566 
2011-11-28,5.1249,13.3609,12.5248 
2011-11-29,11.6982,14.4344,5.3563 
2011-11-30,-0.4418,11.6020,4.0827 
2011-12-01,-0.7061,4.4949,1.2743e-04 
2011-12-02,-1.0793,2.1364,2.6531 
2011-12-03,-2.8765,5.4440,0.2143 
2011-12-04,3.5600,11.4586,0.1647 
2011-12-05,7.5634,9.5913,6.5200 
2011-12-06,1.6547,9.0203,14.9618 
2011-12-07,-1.1681,2.6118,0.7344 
2011-12-08,-2.3075,1.4141,0.5924 
2011-12-09,-2.2163,1.2402,0.4676 
2011-12-10,-5.5542,-0.1855,1.0087 
2011-12-11,-6.2915,0.5200,0.4254 
2011-12-12,-1.9649,3.5872,6.3643e-06 
2011-12-13,-0.7120,4.2176,0.0021 
2011-12-14,1.6083,5.0396,1.8591 
2011-12-15,5.6353,12.4681,24.9894 
2011-12-16,-0.9358,9.5724,2.6214 
2011-12-17,-6.0679,-0.7606,1.5861 
2011-12-18,-9.1683,-0.8703,0.3978 
2011-12-19,-2.3284,4.2777,0.3555 
2011-12-20,-3.9054,4.3869,0.9326 
2011-12-21,1.2784,12.2646,13.8234 
2011-12-22,2.5985,8.8665,2.1826 
2011-12-23,-4.6056,3.1086,7.5494 
2011-12-24,-6.7624,-1.7427,0.0849 
2011-12-25,-2.6126,3.9202,0.1672 
2011-12-26,-1.1689,1.8276,5.3885 
2011-12-27,-0.0533,2.7747,4.7667 
2011-12-28,-7.0846,2.6631,5.6801 
2011-12-29,-8.4410,-0.6286,0.6635 
2011-12-30,-0.2627,6.4682,1.7612 
2011-12-31,1.7810,5.3297,3.1068 
2012-01-01,0.0837,6.8889,5.4512 
2012-01-02,-4.1424,3.1149,10.0119 
2012-01-03,-14.4951,-4.4681,3.0922 
2012-01-04,-15.1765,-5.0017,0.0300 
2012-01-05,-4.8692,-1.2281,0.5396 
2012-01-06,-1.4266,8.2533,0.0021 
2012-01-07,1.5037,5.7795,0.2407 
2012-01-08,-3.6029,1.3239,0.5517 
2012-01-09,-4.5217,2.4892,0.0049 
2012-01-10,0.0866,1.4745,0.4364 
2012-01-11,-0.4029,6.3424,0.0138 
2012-01-12,2.3669,5.1303,17.0794 
2012-01-13,-7.8794,4.8302,11.3478 
2012-01-14,-8.3478,-2.9669,5.7668 
2012-01-15,-14.8118,-8.4363,0.3337 
2012-01-16,-9.8021,3.2230,0.1124 
2012-01-17,2.5249,9.2360,7.7342 
2012-01-18,-8.1065,6.9020,1.0962 
2012-01-19,-9.9674,-2.9097,3.4629 
2012-01-20,-10.5640,-4.9508,1.9512 
2012-01-21,-8.0734,-4.5366,3.6388 
2012-01-22,-8.5359,1.3881,0.0839 
2012-01-23,-0.2287,8.6455,5.1280 
2012-01-24,-2.1727,7.9461,1.6634 
2012-01-25,-4.4307,-1.1831,0.6348 
2012-01-26,-3.4542,2.4223,4.2925 
2012-01-27,-0.5779,7.0431,27.1804 
2012-01-28,-3.0152,0.9014,3.0540 
2012-01-29,-3.4787,0.2208,5.7921 
2012-01-30,-6.2355,-1.4093,7.4084 
2012-01-31,-1.7030,9.0564,0.4389 
2012-02-01,0.4259,6.2450,4.0650 
2012-02-02,-3.3035,0.3337,0.4906 
2012-02-03,-5.6990,1.5148,0.1083 
2012-02-04,-2.9795,0.8345,0.0144 
2012-02-05,-4.4291,-0.1943,0.0439 
2012-02-06,-2.5421,4.1523,0.0027 
2012-02-07,-2.2956,1.7413,1.0134 
2012-02-08,-5.9405,-1.8745,0.3017 
2012-02-09,-5.8461,1.0118,0.0058 
2012-02-10,-6.5164,-0.8511,0.4715 
2012-02-11,-10.8021,-2.7459,4.9853 
2012-02-12,-10.8713,-5.7224,5.0217 
2012-02-13,-5.6432,-0.4821,0.2718 
2012-02-14,-4.3926,1.2650,0.9787 
2012-02-15,-1.5140,1.7922,0.8511 
2012-02-16,-0.2564,4.0746,2.5153 
2012-02-17,-1.8750,2.8192,2.4377 
2012-02-18,-2.4614,0.8072,2.3527 
2012-02-19,-4.8287,-1.3402,0.9604 
2012-02-20,-6.8285,-2.4209e-04,0.0827 
2012-02-21,-3.0847,2.8923,0.9972 
2012-02-22,0.2494,3.7474,7.8686 
2012-02-23,-0.9970,2.8451,7.2875 
2012-02-24,-0.3673,6.2743,9.0534 
2012-02-25,-4.3870,-0.3164,8.2316 
2012-02-26,-6.8504,0.5767,0.1156 
2012-02-27,-1.5764,4.2323,0.1528 
2012-02-28,-4.6120,1.0598,0.5017 
2012-02-29,-1.6521,5.2617,2.2244 
2012-03-01,0.0218,5.2100,0.9966 
2012-03-02,-1.0058,7.1546,0.0970 
2012-03-03,-0.4194,7.5852,4.6567 
2012-03-04,-5.1654,-0.7916,1.3245 
2012-03-05,-11.3323,-5.5449,0.4871 
2012-03-06,-8.1025,5.5551,0.3383 
2012-03-07,3.6401,10.8274,3.0403e-05 
2012-03-08,5.0969,13.0132,7.9172 
2012-03-09,-2.8296,2.2317,4.9192 
2012-03-10,-8.0498,2.1642,0.1267 
2012-03-11,1.3261,12.7112,0.0035 
2012-03-12,8.7917,14.2221,1.0196 
2012-03-13,11.0396,14.3521,2.0120 
2012-03-14,5.4578,16.0443,0.0214 
2012-03-15,13.8529,22.9291,2.8826 
2012-03-16,13.7461,20.9353,4.2852 
2012-03-17,12.2149,22.9862,0.0078 
2012-03-18,14.4814,22.1518,2.3885 
2012-03-19,14.7347,21.1808,2.5099 
2012-03-20,13.9320,23.2418,0.2324 
2012-03-21,13.9212,23.7715,4.0488e-04 
2012-03-22,13.5920,24.6306,0.0024 
2012-03-23,14.7454,23.5384,0.0226 
2012-03-24,12.2460,20.7228,5.9889 
2012-03-25,8.5738,13.9184,5.3560 
2012-03-26,-2.9278,11.8861,0.0535 
2012-03-27,-5.9609,7.8816,0.0219 
2012-03-28,6.1381,16.1030,0.8588 
2012-03-29,0.7084,9.2000,1.7590 
2012-03-30,-3.0105,8.7758,0.8387 
2012-03-31,0.4103,6.7504,3.6690 
2012-04-01,0.6594,7.0750,7.1673 
2012-04-02,-0.8901,7.0051,0.5643 
2012-04-03,1.1962,14.1426,0.0117 
2012-04-04,2.1789,12.9401,0.1150 
2012-04-05,-1.4670,6.3408,0.0318 
2012-04-06,-1.9352,6.7463,2.3907e-04 
2012-04-07,-0.1789,9.1593,2.7628e-05 
2012-04-08,3.3002,11.6312,0.0475 
2012-04-09,2.8876,7.9761,0.1219 
2012-04-10,1.7504,6.9045,0.4481 
2012-04-11,-0.2400,5.0676,4.0573 
2012-04-12,0.2031,7.3557,0.5062 
2012-04-13,2.6206,11.3526,0.0017 
2012-04-14,7.5597,16.9719,0.7696 
2012-04-15,11.6838,20.6964,4.1618 
2012-04-16,16.1646,25.4979,0.3352 
2012-04-17,5.3299,17.2062,0.0395 
2012-04-18,0.0944,13.7071,5.2278e-04 
2012-04-19,9.4477,18.6760,0.0038 
2012-04-20,13.8763,21.2894,0.0030 
2012-04-21,3.9418,20.2885,12.0430 
2012-04-22,1.6247,4.6467,2.3007 
2012-04-23,-0.7300,3.6578,24.3251 
2012-04-24,-1.5676,2.3962,8.1475 
2012-04-25,1.8709,9.3527,1.6613 
2012-04-26,4.1688,13.7818,1.1969 
2012-04-27,-0.5635,6.2409,0.9083 
2012-04-28,-1.8854,5.7421,0.0079 
2012-04-29,0.4892,9.2185,3.6683e-04 
2012-04-30,3.2214,18.6681,1.5608 
2012-05-01,10.5357,18.8617,11.7852 
2012-05-02,10.9158,23.2169,0.2293 
2012-05-03,16.7934,26.6535,0.5009 
2012-05-04,16.0003,25.7851,7.7148 
2012-05-05,10.4375,17.5398,0.0216 
2012-05-06,7.8853,19.3927,5.4577e-04 
2012-05-07,11.4777,18.0836,1.1481 
2012-05-08,14.6426,18.3677,9.8560 
2012-05-09,11.7521,16.8632,0.3523 
2012-05-10,5.4413,12.6328,0.2257 
2012-05-11,5.4323,16.2819,0.0177 
2012-05-12,12.4658,21.7124,0.0042 
2012-05-13,13.2986,19.8059,0.0315 
2012-05-14,13.2632,19.2236,0.0591 
2012-05-15,13.0166,21.4154,0.1159 
2012-05-16,14.2057,19.9415,0.1167 
2012-05-17,5.8433,14.9158,0.0127 
2012-05-18,10.3175,21.8706,8.5375e-04 
2012-05-19,16.8538,25.5892,2.9179e-04 
2012-05-20,20.1043,28.7157,1.5151e-04 
2012-05-21,17.3265,27.3902,0.8010 
2012-05-22,15.5661,21.3722,7.1680 
2012-05-23,14.4439,22.2988,0.7873 
2012-05-24,17.3528,25.5956,0.0238 
2012-05-25,19.8384,27.9083,0.0075 
2012-05-26,17.0795,26.1585,0.0042 
2012-05-27,18.3879,27.8546,0.0225 
2012-05-28,20.1120,29.3363,0.0114 
2012-05-29,19.0316,27.5502,4.5339 
2012-05-30,16.7193,20.7338,0.3998 
2012-05-31,10.3454,16.9782,0.0472 
2012-06-01,10.1206,18.5365,8.0816 
2012-06-02,9.3486,16.5225,10.2537 
2012-06-03,11.3830,15.8098,16.6224 
2012-06-04,9.2573,12.3509,9.1330 
2012-06-05,8.7179,15.9072,0.2036 
2012-06-06,11.7898,18.4866,0.1261 
2012-06-07,12.5106,20.1017,0.0063 
2012-06-08,14.2418,22.4868,0.0157 
2012-06-09,18.1845,24.5971,2.3189 
2012-06-10,20.6735,27.9270,0.2521 
2012-06-11,22.7988,27.1664,0.4773 
2012-06-12,18.1704,25.0093,36.0511 
2012-06-13,10.3959,18.6433,2.4408 
2012-06-14,12.1051,22.2309,0.0000 
2012-06-15,17.1174,25.4531,0.0000 
2012-06-16,18.6893,24.8991,1.8584e-04 
2012-06-17,17.8614,25.1481,1.4027 
2012-06-18,16.9605,23.5916,4.2273 
2012-06-19,19.3321,28.4625,0.1368 
2012-06-20,23.6235,29.4827,0.0000 
2012-06-21,24.0888,28.9186,0.0000 
2012-06-22,17.3190,27.5219,0.7474 
2012-06-23,14.6394,21.7600,0.0014 
2012-06-24,17.7897,22.9632,0.0275 
2012-06-25,13.4376,22.5900,4.0487 
2012-06-26,11.7830,19.3296,0.0546 
2012-06-27,14.4384,21.9068,0.1098 
2012-06-28,19.5406,28.1592,0.0481 
2012-06-29,21.4182,27.6229,0.1068 
2012-06-30,21.9475,28.0740,8.8791e-05 
2012-07-01,20.1044,26.0431,0.0032 
2012-07-02,18.4423,24.8820,1.0078e-04 
2012-07-03,21.4098,28.4483,0.6077 
2012-07-04,21.1861,29.1614,1.0825 
2012-07-05,20.5091,28.2901,0.0491 
2012-07-06,22.9430,30.0133,0.0107 
2012-07-07,23.5015,29.1455,4.1769 
2012-07-08,18.7998,26.2825,1.5399 
2012-07-09,15.7255,23.2547,0.0000 
2012-07-10,17.3393,23.3260,0.0211 
2012-07-11,19.3206,26.8887,0.0047 
2012-07-12,20.7930,27.7939,0.0178 
2012-07-13,21.8717,29.0336,0.5215 
2012-07-14,21.1575,26.4785,0.1198 
2012-07-15,20.6887,24.6862,3.4004 
2012-07-16,19.6325,25.5534,1.6906 
2012-07-17,22.8843,29.8945,0.0288 
2012-07-18,22.9331,28.7192,0.1904 
2012-07-19,19.1571,26.4960,1.1152 
2012-07-20,14.7827,19.9506,14.7597 
2012-07-21,15.0959,23.5167,0.6047 
2012-07-22,18.7700,26.0157,0.1130 
2012-07-23,22.2927,29.8071,0.2834 
2012-07-24,19.9848,28.5969,0.1500 
2012-07-25,16.6575,24.6517,0.0027 
2012-07-26,20.6030,28.9930,21.8525 
2012-07-27,18.4429,23.3398,5.6554 
2012-07-28,15.9178,21.7131,9.1958 
2012-07-29,17.5724,24.6676,0.4570 
2012-07-30,19.3250,25.8651,9.6941e-04 
2012-07-31,19.2590,26.6921,7.3240 
2012-08-01,18.8036,23.7582,0.4328 
2012-08-02,19.0494,26.0202,0.0033 
2012-08-03,22.7590,29.1816,0.0436 
2012-08-04,22.2352,28.8807,0.0394 
2012-08-05,20.1970,26.6373,13.9138 
2012-08-06,15.0309,21.3091,0.6256 
2012-08-07,17.3150,25.0147,0.0041 
2012-08-08,20.9846,26.1934,0.2835 
2012-08-09,18.7964,24.8550,1.2599 
2012-08-10,17.0735,23.2370,8.0849 
2012-08-11,15.9718,19.5876,3.1245 
2012-08-12,15.9305,18.1871,1.6089 
2012-08-13,16.7372,22.1891,0.9189 
2012-08-14,17.2628,23.9806,4.3561 
2012-08-15,16.5031,21.2357,3.1331 
2012-08-16,16.7294,24.9640,0.1351 
2012-08-17,17.0439,24.2358,2.9280 
2012-08-18,13.0171,18.7238,0.1140 
2012-08-19,14.1023,21.5159,0.1014 
2012-08-20,15.7231,20.4052,0.3817 
2012-08-21,14.4912,20.7225,0.0241 
2012-08-22,16.2775,22.2020,0.0057 
2012-08-23,17.4347,23.6109,0.0024 
2012-08-24,19.7275,26.6506,0.0033 
2012-08-25,21.1779,27.0882,6.0564e-05 
2012-08-26,18.4090,25.5779,0.0451 
2012-08-27,18.4732,24.6109,1.7566 
2012-08-28,16.7609,21.5093,6.3622 
2012-08-29,13.8758,19.9088,0.0727 
2012-08-30,15.0955,25.1151,0.0032 
2012-08-31,19.7267,28.1676,5.1293e-04 
2012-09-01,18.6740,26.4317,0.0331 
2012-09-02,18.8326,27.3698,4.6800e-04 
2012-09-03,19.3180,26.4433,0.0382 
2012-09-04,20.9245,24.0874,6.9590 
2012-09-05,17.9213,24.4308,16.2714 
2012-09-06,20.2575,23.7478,0.0837 
2012-09-07,16.8665,25.0846,0.9839 
2012-09-08,14.6201,20.7358,14.0923 
2012-09-09,12.5860,16.3253,2.1873 
2012-09-10,11.4226,15.8402,0.3274 
2012-09-11,12.6949,20.8862,0.0241 
2012-09-12,15.7648,24.3092,0.0000 
2012-09-13,18.4227,25.5973,0.0000 
2012-09-14,11.8126,24.0662,6.5594 
2012-09-15,10.6464,15.9682,0.4562 
2012-09-16,10.6447,18.8662,0.0036 
2012-09-17,14.8051,21.0201,1.2164e-04 
2012-09-18,12.9372,19.2540,13.5148 
2012-09-19,8.3967,12.4246,1.1531 
2012-09-20,8.8226,18.3671,1.4432e-04 
2012-09-21,13.3969,17.2705,1.1936 
2012-09-22,11.0458,16.7222,12.6133 
2012-09-23,8.0062,10.6252,8.9177 
2012-09-24,5.5867,11.8500,2.3396 
2012-09-25,8.6092,18.5242,0.0054 
2012-09-26,13.3035,17.5723,4.5224 
2012-09-27,8.7536,15.8784,0.7095 
2012-09-28,8.9557,14.2861,1.4168 
2012-09-29,9.3361,13.5177,0.3438 
2012-09-30,9.0287,12.5704,1.0661 
2012-10-01,8.3894,14.8785,0.1776 
2012-10-02,11.3105,17.8355,4.3996 
2012-10-03,16.6395,21.0993,1.3319 
2012-10-04,14.5439,19.7110,0.0185 
2012-10-05,14.2894,17.6781,0.9668 
2012-10-06,7.1300,13.1854,17.7391 
2012-10-07,4.8726,7.1921,6.8519 
2012-10-08,3.5428,8.8632,3.5834 
2012-10-09,3.8722,12.6242,7.9273e-04 
2012-10-10,5.9573,10.8901,0.6612 
2012-10-11,3.9428,10.4315,1.0939 
2012-10-12,3.1745,9.2912,1.3233 
2012-10-13,0.0982,11.8877,0.3958 
2012-10-14,12.1651,20.1724,6.4553 
2012-10-15,7.8035,19.3816,0.9603 
2012-10-16,4.4613,8.6128,0.1797 
2012-10-17,6.4926,14.9865,5.2041e-05 
2012-10-18,10.7028,16.3641,1.3276 
2012-10-19,7.0173,16.5071,12.6718 
2012-10-20,6.3310,11.8837,1.7313 
2012-10-21,6.9655,11.0921,1.4098 
2012-10-22,7.7588,15.8407,0.0686 
2012-10-23,11.9916,15.4024,18.1375 
2012-10-24,12.8456,17.9843,5.8347 
2012-10-25,16.3176,22.9956,0.3195 
2012-10-26,13.8107,20.6887,0.0097 
2012-10-27,6.0264,12.0448,5.8346 
2012-10-28,3.7818,6.1545,11.6723 
2012-10-29,4.3141,6.1742,24.3056 
2012-10-30,5.0189,12.0636,32.9915 
2012-10-31,1.5829,4.5312,1.5681 
2012-11-01,3.2073,4.5547,7.3635 
2012-11-02,0.9867,3.8045,3.6053 
2012-11-03,0.0706,1.7316,0.8401 
2012-11-04,-1.3344,1.2215,0.3545 
2012-11-05,-2.0872,0.2512,0.3032 
2012-11-06,-4.4804,3.3982,0.0312 
2012-11-07,-1.9507,3.6803,0.0040 
2012-11-08,-3.3282,2.5893,5.7704e-04 
2012-11-09,0.3160,7.0651,0.0102 
2012-11-10,4.9426,10.9367,0.4647 
2012-11-11,9.7088,17.5946,0.0379 
2012-11-12,12.0970,17.8355,2.9945 
2012-11-13,-0.4409,8.1542,13.1107 
2012-11-14,-2.3868,3.8070,0.0422 
2012-11-15,-0.7198,5.9898,8.8766e-04 
2012-11-16,0.1603,5.8150,0.0010 
2012-11-17,0.9483,8.5210,2.2172e-04 
2012-11-18,3.6547,9.9072,4.9715e-05 
2012-11-19,1.4701,9.2059,0.0113 
2012-11-20,4.3180,7.8293,3.5866e-04 
2012-11-21,3.0313,10.2002,0.0046 
2012-11-22,6.3341,12.5829,0.0035 
2012-11-23,3.2127,9.3607,1.6574 
2012-11-24,-1.6734,2.1415,3.6075 
2012-11-25,-2.9248,-1.1785,0.8188 
2012-11-26,-1.4416,0.2521,0.6208 
2012-11-27,-3.0049,-0.2936,0.4757 
2012-11-28,-4.7063,-0.2729,0.6887 
2012-11-29,-1.4239,3.2428,0.5031 
2012-11-30,-0.8808,1.8751,1.2656 
2012-12-01,0.2504,8.7426,0.3756 
2012-12-02,6.1395,10.9736,8.7767 
2012-12-03,5.5189,12.9548,1.1798 
2012-12-04,10.1930,16.8565,5.4090 
2012-12-05,-1.3410,8.1216,6.8822 
2012-12-06,-7.0823,3.7086,0.0121 
2012-12-07,2.7206,6.4612,1.6231 
2012-12-08,4.4285,8.8673,6.0094 
2012-12-09,-1.6241,4.3100,0.8225 
2012-12-10,0.7140,11.5897,7.9718 
2012-12-11,-3.5827,0.4683,2.2973 
2012-12-12,-4.3116,1.4358,0.3749 
2012-12-13,-2.4297,4.0363,0.1280 
2012-12-14,-0.9670,3.8948,0.0767 
2012-12-15,-1.5990,7.3246,0.0601 
2012-12-16,3.8582,9.0435,1.6648 
2012-12-17,6.8761,8.8988,2.9532 
2012-12-18,1.0953,6.5066,15.2807 
2012-12-19,-0.1867,2.4321,0.8510 
2012-12-20,-1.8832,5.6299,0.7582 
2012-12-21,-0.4125,6.2543,13.8495 
2012-12-22,-3.8057,-0.0514,10.2216 
2012-12-23,-2.4359,-0.4371,1.2910 
2012-12-24,-6.0123,-0.0635,0.1851 
2012-12-25,-2.6300,-0.6719,3.5022 
2012-12-26,-7.0236,-2.5406,8.8926 
2012-12-27,-5.1211,-3.5007,26.1199 
2012-12-28,-6.0635,-3.3976,0.9477 
2012-12-29,-5.9549,-1.9458,6.6765 
2012-12-30,-5.8037,-2.9413,1.9162 
2012-12-31,-5.0846,-0.0193,0.1721 
2013-01-01,-6.7763,-0.5483,1.6997 
2013-01-02,-7.0120,-5.5280,0.7710 
2013-01-03,-8.4708,-4.2378,0.6699 
2013-01-04,-4.1617,-0.8312,1.0592 
2013-01-05,-2.9993,-0.8081,0.3079 
2013-01-06,-3.3739,0.8928,0.6400 
2013-01-07,-5.0267,-0.1663,0.7601 
2013-01-08,-2.8022,2.7203,2.4540e-04 
2013-01-09,0.1119,4.7781,0.2473 
2013-01-10,-1.9880,2.4492,0.0409 
2013-01-11,0.7937,5.8540,1.8534 
2013-01-12,5.0762,8.1905,0.1237 
2013-01-13,7.3970,10.6353,0.1944 
2013-01-14,-4.8521,9.9993,0.8952 
2013-01-15,-5.9885,-2.1078,0.0771 
2013-01-16,-4.4334,0.9148,0.1207 
2013-01-17,-5.2934,-0.4600,0.8625 
2013-01-18,-9.7289,-4.3286,2.5003 
2013-01-19,-4.0234,5.7821,0.1022 
2013-01-20,-7.8374,4.6166,1.1633 
2013-01-21,-9.3495,-8.0194,0.9265 
2013-01-22,-14.7717,-8.9840,2.0356 
2013-01-23,-14.3580,-12.1737,2.5982 
2013-01-24,-14.3766,-11.2817,2.9215 
2013-01-25,-14.6293,-10.0440,0.3221 
2013-01-26,-11.9226,-6.9635,0.1061 
2013-01-27,-8.8805,-2.4276,0.1170 
2013-01-28,-4.2004,7.3175,10.7165 
2013-01-29,1.8042,9.7628,12.7252 
2013-01-30,8.8177,12.9437,5.1027 
2013-01-31,-6.8239,9.8454,6.7926 
2013-02-01,-9.6070,-6.8593,10.6589 
2013-02-02,-12.5667,-7.7062,3.9862 
2013-02-03,-9.2512,-6.7127,1.8744 
2013-02-04,-11.4690,-8.4237,1.2524 
2013-02-05,-10.3423,-3.9791,0.2424 
2013-02-06,-7.1937,-5.1287,0.6160 
2013-02-07,-8.3394,1.0202,0.0913 
2013-02-08,-0.6997,1.8283,21.6811 
2013-02-09,-9.9641,-2.6235,7.3244 
2013-02-10,-9.8005,4.9559,0.0363 
2013-02-11,0.4485,6.8711,2.2205 
2013-02-12,-3.3668,0.1259,1.6996 
2013-02-13,-4.3333,1.4912,0.1054 
2013-02-14,-5.3143,2.7739,0.0617 
2013-02-15,-3.3099,1.8668,0.6652 
2013-02-16,-9.7693,-3.8511,0.2922 
2013-02-17,-11.9653,-6.1053,1.0559 
2013-02-18,-13.7269,0.5979,0.2636 
2013-02-19,-3.4056,3.6833,3.6133 
2013-02-20,-10.0522,-4.1302,1.2951 
2013-02-21,-11.9583,-8.6940,0.9865 
2013-02-22,-10.5122,0.3770,0.6948 
2013-02-23,-2.2302,2.2860,0.3588 
2013-02-24,-5.9359,-2.8019,0.4473 
2013-02-25,-5.7633,0.7651,0.1827 
2013-02-26,-3.0360,3.6382,0.3980 
2013-02-27,0.4956,1.7176,15.7468 
2013-02-28,-1.0783,0.5419,3.3239 
2013-03-01,-4.1555,-1.2556,0.9513 
2013-03-02,-7.5709,-4.5507,1.5299 
2013-03-03,-9.6656,-6.3210,2.2098 
2013-03-04,-8.4477,-4.2768,1.5872 
2013-03-05,-8.2032,2.4926,0.2626 
2013-03-06,-1.4441,2.8658,0.2000 
2013-03-07,-3.6921,1.1005,0.6332 
2013-03-08,-3.1390,1.5358,1.0166 
2013-03-09,-3.1438,4.6856,0.0130 
2013-03-10,3.3276,9.7740,0.0175 
2013-03-11,4.9787,8.3444,0.0358 
2013-03-12,-0.3724,6.1145,5.5453 
2013-03-13,-4.0999,-0.7704,1.6272 
2013-03-14,-8.1907,-3.1850,1.8683 
2013-03-15,-5.6568,-0.3852,0.4428 
2013-03-16,-5.7042,-0.8759,0.4597 
2013-03-17,-9.9152,-2.7374,0.1323 
2013-03-18,-8.1377,0.3321,2.0613 
2013-03-19,-4.6617,3.1839,2.7596 
2013-03-20,-5.7738,-3.8887,2.4354 
2013-03-21,-9.0031,-3.6692,1.4250 
2013-03-22,-6.2518,-3.0277,2.4479 
2013-03-23,-4.6744,0.3509,0.3874 
2013-03-24,-5.7385,0.9832,0.0326 
2013-03-25,-1.9728,1.4414,0.5753 
2013-03-26,-2.8827,3.2818,0.0745 
2013-03-27,-3.1855,1.1213,1.2127 
2013-03-28,-1.8275,2.5946,1.5669 
2013-03-29,-1.7363,4.7598,0.7004 
2013-03-30,0.0507,6.1360,0.0291 
2013-03-31,3.6463,6.1619,1.1488 
2013-04-01,-2.9712,4.5098,2.3863 
2013-04-02,-5.9076,-2.8989,1.3496 
2013-04-03,-5.4793,-2.1604,0.7310 
2013-04-04,-5.0305,6.9015,0.0000 
2013-04-05,0.0823,4.8475,0.1395 
2013-04-06,-5.4462,6.3218,0.0066 
2013-04-07,4.3865,8.9442,0.0378 
2013-04-08,1.3809,11.4059,0.1118 
2013-04-09,3.1811,11.5518,1.7270 
2013-04-10,5.2904,11.1053,37.5108 
2013-04-11,0.6154,5.1403,10.4521 
2013-04-12,2.3460,12.0069,11.0191 
2013-04-13,1.8459,4.4911,0.8765 
2013-04-14,-0.0575,6.4738,0.3228 
2013-04-15,3.4561,19.2320,2.0715e-06 
2013-04-16,9.7332,15.9721,5.9564 
2013-04-17,3.5926,13.6183,0.6826 
2013-04-18,10.0097,23.1693,0.0052 
2013-04-19,6.5165,21.0463,4.4652 
2013-04-20,-0.5052,6.1374,3.1402 
2013-04-21,-4.2218,6.8521,0.2397 
2013-04-22,2.1853,11.6867,0.0000 
2013-04-23,2.6461,16.4165,0.0000 
2013-04-24,6.2493,18.0508,5.8308 
2013-04-25,0.6389,9.9195,1.0340 
2013-04-26,2.2881,9.4900,0.8290 
2013-04-27,6.6684,18.1218,7.4563e-05 
2013-04-28,11.2410,18.5124,0.3735 
2013-04-29,10.2755,15.1713,0.4264 
2013-04-30,11.9152,20.0265,0.0573 
2013-05-01,12.2572,22.0999,0.0011 
2013-05-02,10.5278,22.3595,0.0000 
2013-05-03,13.8536,22.1204,0.0000 
2013-05-04,10.9085,20.7264,0.0000 
2013-05-05,13.6375,21.4170,5.2778e-06 
2013-05-06,10.0143,21.7793,6.2374e-06 
2013-05-07,13.6136,22.6786,0.0000 
2013-05-08,14.3731,21.7740,2.2591 
2013-05-09,12.0022,18.0879,9.2031 
2013-05-10,13.1260,19.1816,10.1848 
2013-05-11,8.1638,17.5604,8.3548 
2013-05-12,2.1922,12.6032,3.5303 
2013-05-13,0.2574,4.7487,1.2100 
2013-05-14,2.5242,9.5792,0.0535 
2013-05-15,7.0537,23.2276,0.3967 
2013-05-16,13.4585,20.2637,0.0035 
2013-05-17,8.2696,16.9476,0.0000 
2013-05-18,11.7182,20.0720,1.9307e-04 
2013-05-19,14.7647,23.6530,0.0840 
2013-05-20,16.8698,26.6991,0.1482 
2013-05-21,19.2870,26.5892,0.0193 
2013-05-22,18.2012,27.7202,2.3153 
2013-05-23,15.2615,25.8869,11.1879 
2013-05-24,1.8121,14.6459,3.4987 
2013-05-25,2.7196,9.6758,0.0205 
2013-05-26,3.7009,12.6208,0.0010 
2013-05-27,7.8123,17.7953,4.4940e-04 
2013-05-28,10.6307,19.4856,13.0641 
2013-05-29,19.2801,24.1898,33.0376 
2013-05-30,20.9032,26.7291,0.0148 
2013-05-31,22.4883,27.5416,0.0478 
2013-06-01,21.1891,26.5970,4.1534 
2013-06-02,18.8292,24.0322,18.3171 
2013-06-03,8.5645,18.2304,0.0468 
2013-06-04,7.0190,16.4437,1.4314e-04 
2013-06-05,11.5694,21.1263,0.0241 
2013-06-06,13.5275,20.3983,35.0440 
2013-06-07,13.4846,16.6322,1.3406 
2013-06-08,11.6958,16.8775,0.9167 
2013-06-09,12.9979,22.2874,0.0235 
2013-06-10,16.6672,21.7180,3.6618 
2013-06-11,15.6347,18.7467,6.8954 
2013-06-12,14.0217,22.6602,0.9676 
2013-06-13,14.8843,21.6042,17.9146 
2013-06-14,11.4019,18.2314,0.5180 
2013-06-15,11.8041,20.1777,0.0099 
2013-06-16,16.7120,19.4707,0.9233 
2013-06-17,16.5103,23.1353,1.6906 
2013-06-18,14.4232,21.6846,0.1126 
2013-06-19,9.9254,18.7196,1.1364e-04 
2013-06-20,12.9071,22.6534,2.0153e-05 
2013-06-21,16.3485,25.5389,4.5733e-04 
2013-06-22,20.2493,28.7186,0.0333 
2013-06-23,21.6969,27.0361,0.0454 
2013-06-24,22.6747,27.3967,0.0549 
2013-06-25,21.6189,26.2892,0.0334 
2013-06-26,18.3132,25.0870,0.1134 
2013-06-27,17.7440,23.3469,2.6760 
2013-06-28,16.6992,19.2842,5.6268 
2013-06-29,15.0720,19.1336,13.8225 
2013-06-30,15.1409,22.4588,0.5189 
2013-07-01,16.4581,20.6785,9.1654 
2013-07-02,15.2634,24.6523,0.8564 
2013-07-03,18.6811,25.6360,0.4781 
2013-07-04,18.6293,25.2059,3.0991 
2013-07-05,20.3857,24.6446,0.6326 
2013-07-06,20.6129,26.9365,0.9144 
2013-07-07,21.2505,26.7216,2.2556 
2013-07-08,19.2596,25.7223,0.2586 
2013-07-09,18.5647,24.3832,1.9671 
2013-07-10,19.3198,25.4465,11.1053 
2013-07-11,16.0217,23.5223,3.7564 
2013-07-12,16.7864,23.3828,0.0240 
2013-07-13,16.8385,24.6295,0.0362 
2013-07-14,20.4295,28.2454,0.0660 
2013-07-15,22.1101,28.9197,0.0474 
2013-07-16,22.7280,30.0744,0.0296 
2013-07-17,22.7231,30.6113,0.0823 
2013-07-18,23.6736,30.0127,0.6952 
2013-07-19,23.6494,30.6079,0.5244 
2013-07-20,19.4723,29.6094,24.5329 
2013-07-21,17.5167,23.3918,0.1958 
2013-07-22,17.3971,24.1967,3.2605 
2013-07-23,17.1738,25.0400,15.2515 
2013-07-24,12.0546,20.2036,1.1603 
2013-07-25,12.9833,20.5830,0.0030 
2013-07-26,14.1550,23.0747,1.3829e-04 
2013-07-27,18.2476,22.5595,0.5800 
2013-07-28,14.6698,18.6134,1.9052 
2013-07-29,12.5451,18.1494,0.7375 
2013-07-30,14.5622,20.5776,0.0704 
2013-07-31,15.5951,22.9006,9.7204e-04 
2013-08-01,16.4648,22.6342,0.6505 
2013-08-02,15.2963,21.2909,0.2654 
2013-08-03,15.3215,20.8753,0.2357 
2013-08-04,12.3052,19.4580,0.0371 
2013-08-05,12.5955,20.0472,7.4737e-04 
2013-08-06,15.2147,23.2539,0.0010 
2013-08-07,16.5832,25.0611,0.9063 
2013-08-08,17.7637,23.7591,30.0792 
2013-08-09,17.6017,21.5803,17.2741 
2013-08-10,16.1621,19.9463,0.1033 
2013-08-11,14.8469,20.9150,0.0609 
2013-08-12,16.8983,21.9031,0.6614 
2013-08-13,15.8933,20.5248,16.8200 
2013-08-14,10.7723,15.9980,0.0954 
2013-08-15,12.9043,18.3856,7.2166e-04 
2013-08-16,14.4095,21.3111,3.8492e-05 
2013-08-17,16.3203,23.6705,0.0000 
2013-08-18,17.9274,24.4296,0.0000 
2013-08-19,17.3147,23.5224,0.0077 
2013-08-20,17.5963,24.9150,0.0392 
2013-08-21,20.0968,25.9142,6.0235e-04 
2013-08-22,19.7223,26.1573,1.0319 
2013-08-23,15.7744,21.5416,0.8396 
2013-08-24,14.6132,22.1354,8.9711e-06 
2013-08-25,17.7556,24.7999,3.2149e-05 
2013-08-26,19.7694,26.5583,8.7382 
2013-08-27,19.5441,24.8975,2.4762 
2013-08-28,18.0650,23.9178,19.4526 
2013-08-29,19.1269,25.3284,0.0868 
2013-08-30,20.0021,26.0015,0.0672 
2013-08-31,20.4326,25.0257,0.6034 
2013-09-01,19.0834,25.2892,1.6030 
2013-09-02,18.1821,21.2280,8.8625 
2013-09-03,14.0118,19.0803,1.1064 
2013-09-04,14.0402,21.1374,0.0954 
2013-09-05,12.3549,19.2325,2.1449 
2013-09-06,9.0925,18.5341,0.0144 
2013-09-07,13.9718,20.4180,4.1131 
2013-09-08,13.6058,17.4147,5.0522 
2013-09-09,9.9044,21.3988,0.2349 
2013-09-10,20.0688,28.7357,1.1140 
2013-09-11,22.5226,29.3233,0.1898 
2013-09-12,17.2948,26.3833,8.3896 
2013-09-13,9.6143,17.7094,2.9641 
2013-09-14,6.5758,12.3614,0.3710 
2013-09-15,10.1145,14.9424,0.0020 
2013-09-16,10.4312,13.3491,1.4993 
2013-09-17,5.7669,15.4849,0.0067 
2013-09-18,9.3730,19.5704,7.1447e-04 
2013-09-19,13.1464,22.6944,9.3236e-04 
2013-09-20,15.4188,24.2342,0.0044 
2013-09-21,13.7615,23.0056,36.6732 
2013-09-22,8.4027,13.8447,0.1396 
2013-09-23,6.9169,11.8097,8.9891e-04 
2013-09-24,7.8104,15.1960,4.8861e-04 
2013-09-25,9.7479,18.5782,0.0000 
2013-09-26,11.8914,18.7710,0.0000 
2013-09-27,10.2206,18.6890,2.6132e-04 
2013-09-28,12.4789,20.9020,0.0011 
2013-09-29,12.1388,20.5169,0.0000 
2013-09-30,13.5931,19.6206,0.0089 
2013-10-01,14.7774,20.7050,0.0077 
2013-10-02,15.6557,20.6329,0.0034 
2013-10-03,14.2367,21.2486,0.0053 
2013-10-04,16.1438,21.6366,6.8439 
2013-10-05,17.9077,21.5827,3.5378 
2013-10-06,17.1125,24.0538,5.7945 
2013-10-07,10.1163,22.5716,9.1972 
2013-10-08,9.1732,14.3273,8.3664 
2013-10-09,9.1406,17.3793,7.5212e-04 
2013-10-10,10.4912,17.7981,1.2487e-04 
2013-10-11,11.9366,19.7081,3.1185e-04 
2013-10-12,12.7378,22.1102,4.6949e-04 
2013-10-13,14.1994,20.4833,1.2221 
2013-10-14,10.4208,17.2402,8.0193 
2013-10-15,9.7612,18.5007,0.0690 
2013-10-16,13.4284,17.3917,5.5158 
2013-10-17,8.9937,15.1846,9.5406 
2013-10-18,7.8139,11.2267,8.5485 
2013-10-19,7.3604,11.8580,2.7426 
2013-10-20,4.7712,9.9283,12.1155 
2013-10-21,6.7029,13.7162,0.0146 
2013-10-22,3.4337,12.6013,7.5478 
2013-10-23,1.3110,4.6799,5.9798 
2013-10-24,1.4191,4.4885,2.9767 
2013-10-25,2.3939,4.5492,3.9704 
2013-10-26,0.3281,4.4672,1.4363 
2013-10-27,3.2045,4.5542,3.1945 
2013-10-28,2.8964,6.9798,0.1561 
2013-10-29,-0.1869,7.5469,0.0011 
2013-10-30,3.8443,13.6739,1.2501 
2013-10-31,10.3933,17.3052,14.3561 
2013-11-01,9.2639,16.0932,16.3609 
2013-11-02,2.9357,8.8426,8.6998 
2013-11-03,-1.1036,2.1448,1.9704 
2013-11-04,-3.5476,3.6316,7.4887e-04 
2013-11-05,2.0776,11.3034,4.1520e-04 
2013-11-06,6.9675,16.0822,0.5113 
2013-11-07,1.6436,13.7946,19.6857 
2013-11-08,0.2441,2.5546,3.5263 
2013-11-09,-0.7137,6.1242,0.7757 
2013-11-10,2.9966,7.3910,4.2671 
2013-11-11,1.7514,5.2987,2.7750 
2013-11-12,-4.4425,1.4385,5.6995 
2013-11-13,-5.0080,0.4486,0.3872 
2013-11-14,-1.4016,6.1221,0.0491 
2013-11-15,0.9891,6.8460,1.9279e-05 
2013-11-16,3.4025,11.7801,5.0777e-05 
2013-11-17,9.9151,14.2398,2.7159 
2013-11-18,2.0323,15.0879,8.5760 
2013-11-19,-0.9872,1.2640,0.9480 
2013-11-20,-4.8819,4.8098,2.4512e-04 
2013-11-21,-0.0056,6.3216,0.1199 
2013-11-22,4.2177,7.4342,4.3408 
2013-11-23,-5.5466,2.5020,2.1952 
2013-11-24,-9.5166,-6.3476,0.6630 
2013-11-25,-7.6444,-1.2512,0.1384 
2013-11-26,-2.1127,0.6870,2.5162 
2013-11-27,-3.7373,0.2410,13.7500 
2013-11-28,-6.5476,-4.1795,1.5989 
2013-11-29,-6.5593,-3.5630,1.5070 
2013-11-30,-8.0052,0.2571,3.0090e-04 
2013-12-01,-0.7299,3.1762,0.1022 
2013-12-02,0.4140,2.1041,0.0457 
2013-12-03,-4.6301,3.9937,0.0682 
2013-12-04,2.4353,8.2483,0.2863 
2013-12-05,2.3831,12.1401,0.2013 
2013-12-06,-3.3521,2.0012,2.3290 
2013-12-07,-5.6813,-3.5865,1.3568 
2013-12-08,-7.7843,-3.8324,0.3536 
2013-12-09,-4.2715,3.7684,1.6844 
2013-12-10,-6.8627,-1.4097,1.1926 
2013-12-11,-6.7254,-5.3190,2.6323 
2013-12-12,-10.3334,-7.1678,1.7237 
2013-12-13,-8.1639,-4.2199,6.7775 
2013-12-14,-10.6211,-3.3697,6.9010 
2013-12-15,-4.8607,0.3885,14.1390 
2013-12-16,-8.6919,-5.1746,6.5579 
2013-12-17,-10.6641,-3.9794,3.3404 
2013-12-18,-5.6164,-2.7330,5.1304 
2013-12-19,-4.2975,5.6020,0.1255 
2013-12-20,3.5387,7.5690,5.5683 
2013-12-21,5.1706,8.5221,20.4696 
2013-12-22,0.8868,9.9541,29.0479 
2013-12-23,-3.3509,3.2655,1.2477 
2013-12-24,-8.8206,-3.5756,7.6221 
2013-12-25,-12.8425,-6.0003,0.3083 
2013-12-26,-5.6939,-2.7160,4.0314 
2013-12-27,-5.6613,-0.6905,1.3549 
2013-12-28,-0.4101,6.0281,0.0481 
2013-12-29,1.5428,4.1958,0.7349 
2013-12-30,-9.7708,1.3037,0.6232 
2013-12-31,-9.9236,-7.6057,4.1136 
2014-01-01,-9.7200,-7.6620,4.0892 
2014-01-02,-12.2080,-8.6978,10.2070 
2014-01-03,-17.1689,-12.4053,3.7488 
2014-01-04,-15.6037,-1.2297,0.0017 
2014-01-05,-3.9080,3.2456,0.0214 
2014-01-06,-14.9506,7.1511,1.3901 
2014-01-07,-20.6566,-16.1088,3.4222 
2014-01-08,-16.8495,-9.7404,1.8907 
2014-01-09,-13.1936,-4.5131,0.3370 
2014-01-10,-4.8781,4.9005,2.2346 
2014-01-11,3.6242,8.0491,14.9815 
2014-01-12,-2.3174,1.6928,4.0542 
2014-01-13,-0.5463,5.8373,0.5561 
2014-01-14,-0.7338,4.2791,1.9991 
2014-01-15,-3.8510,-0.0248,0.4348 
2014-01-16,-7.3591,-2.2951,0.6967 
2014-01-17,-3.6719,0.6898,0.8589 
2014-01-18,-9.8706,-0.4040,5.0924 
2014-01-19,-10.0283,-2.7016,2.3906 
2014-01-20,-9.3792,-1.8199,3.8043 
2014-01-21,-15.6922,-10.0185,0.7512 
2014-01-22,-19.5848,-15.7653,0.7638 
2014-01-23,-18.1966,-12.6274,1.7581 
2014-01-24,-18.4330,-10.5771,0.7724 
2014-01-25,-10.5500,-4.6691,3.1597 
2014-01-26,-15.9215,-8.1647,1.4266 
2014-01-27,-15.1667,-0.7261,8.3174 
2014-01-28,-20.0964,-14.1374,0.4409 
2014-01-29,-20.0900,-11.8154,0.2091 
2014-01-30,-14.6091,-3.6649,0.0213 
2014-01-31,-4.3854,-1.2197,0.2502 
2014-02-01,-3.1277,4.1418,2.9841 
2014-02-02,-3.3786,5.1711,7.1273 
2014-02-03,-7.9091,-3.6856,0.3390 
2014-02-04,-10.9254,-3.5015,0.0157 
2014-02-05,-6.3429,-3.9800,18.3203 
2014-02-06,-14.2288,-6.9544,3.3050 
2014-02-07,-15.5108,-9.3177,4.3361 
2014-02-08,-16.7460,-10.2324,0.1623 
2014-02-09,-13.4620,-7.1898,3.2236 
2014-02-10,-11.0199,-9.1684,1.1068 
2014-02-11,-15.7059,-11.2028,0.4535 
2014-02-12,-14.9518,-4.0696,0.0122 
2014-02-13,-9.3971,-2.8921,0.0952 
2014-02-14,-10.2241,-3.5313,1.9245 
2014-02-15,-8.7970,-4.2293,1.8349 
2014-02-16,-12.8693,-9.2592,1.4092 
2014-02-17,-16.3325,-3.4200,0.3576 
2014-02-18,-4.6925,-1.5630,5.0992 
2014-02-19,-1.9888,4.2166,0.6341 
2014-02-20,-0.9709,4.8899,16.6696 
2014-02-21,0.2201,8.0858,10.8729 
2014-02-22,-0.7732,2.7993,0.1514 
2014-02-23,-3.0148,1.1327,0.2598 
2014-02-24,-9.9732,-4.5281,1.3643 
2014-02-25,-11.6469,-9.0135,1.5153 
2014-02-26,-15.8918,-8.8890,3.6588 
2014-02-27,-17.1661,-11.4495,2.5246 
2014-02-28,-21.1354,-8.9054,0.0220 
2014-03-01,-10.3366,1.6064,0.0148 
2014-03-02,-12.3162,-1.2679,6.1500 
2014-03-03,-19.5472,-12.6427,0.2568 
2014-03-04,-17.9273,-8.5782,0.2175 
2014-03-05,-12.2870,-7.5987,0.2248 
2014-03-06,-13.8956,-1.3942,0.0265 
2014-03-07,-7.3343,6.6781,0.0034 
2014-03-08,-1.7370,5.1617,0.2809 
2014-03-09,-9.5649,-2.3524,0.3169 
2014-03-10,-2.7740,5.6541,0.2434 
2014-03-11,1.7050,6.8422,0.1105 
2014-03-12,-8.6035,4.7296,31.5585 
2014-03-13,-17.5624,-9.2344,1.7136 
2014-03-14,-11.4348,8.4722,0.0836 
2014-03-15,-2.7206,7.0370,2.5340 
2014-03-16,-12.4212,-3.7068,0.2309 
2014-03-17,-14.1566,-1.4199,0.0339 
2014-03-18,-5.4728,4.8769,7.0683e-07 
2014-03-19,-0.0748,5.4049,2.4812 
2014-03-20,-1.2493,4.2552,6.0780 
2014-03-21,-6.4274,1.8176,0.3020 
2014-03-22,-0.6677,5.1174,1.6570 
2014-03-23,-11.3943,-1.1946,0.7841 
2014-03-24,-13.8005,-6.4853,0.1969 
2014-03-25,-8.4601,-0.4619,0.0735 
2014-03-26,-13.6391,-3.4240,0.3666 
2014-03-27,-9.7557,4.4678,0.0286 
2014-03-28,2.4544,9.2616,2.4240 
2014-03-29,-0.9778,3.7892,3.3078 
2014-03-30,-2.1695,2.0062,13.2908 
2014-03-31,-2.7669,5.7429,0.0137 
2014-04-01,0.9536,9.2006,0.0611 
2014-04-02,-1.1768,5.6174,0.0216 
2014-04-03,-3.1036,7.1525,0.6184 
2014-04-04,0.9155,8.0047,6.6349 
2014-04-05,-3.6673,7.4359,5.6858 
2014-04-06,-2.2674,5.8662,0.0039 
2014-04-07,2.5823,6.2553,7.9144 
2014-04-08,0.1898,8.0612,17.9812 
2014-04-09,-0.4621,4.8058,0.1199 
2014-04-10,1.8998,11.9882,0.0794 
2014-04-11,6.0511,9.9342,5.9829 
2014-04-12,6.5757,13.3072,9.9618e-04 
2014-04-13,8.3828,17.7536,0.0379 
2014-04-14,11.1886,18.5050,7.1884 
2014-04-15,-4.2973,11.4344,11.1799 
2014-04-16,-9.1501,1.6592,0.0936 
2014-04-17,-2.9358,8.8053,0.0034 
2014-04-18,2.5174,10.7819,0.0079 
2014-04-19,-1.0637,8.6646,0.0201 
2014-04-20,1.7509,15.0496,1.1106e-05 
2014-04-21,7.5141,18.5936,2.5326e-06 
2014-04-22,9.0718,16.6336,4.5218 
2014-04-23,1.1591,7.8475,1.9107 
2014-04-24,-1.7857,8.4336,0.0021 
2014-04-25,3.4671,13.7275,1.2310 
2014-04-26,3.4086,10.2010,5.3863 
2014-04-27,-0.0676,9.7183,0.3362 
2014-04-28,3.0713,13.7288,0.0030 
2014-04-29,8.7140,12.3841,3.1766 
2014-04-30,6.9308,13.2721,13.0201 
2014-05-01,8.4555,14.0393,7.6912 
2014-05-02,4.9333,10.5632,2.8284 
2014-05-03,5.8155,11.1182,3.4314 
2014-05-04,4.3640,8.4007,2.1794 
2014-05-05,2.3554,10.8259,0.0022 
2014-05-06,3.8610,12.8086,1.5018e-04 
2014-05-07,7.5161,16.4599,0.0202 
2014-05-08,12.8418,23.9352,1.4452 
2014-05-09,19.1348,25.2010,0.4328 
2014-05-10,15.0012,18.3640,9.9173 
2014-05-11,10.4093,20.9474,2.5039e-04 
2014-05-12,16.3255,24.6395,0.5250 
2014-05-13,19.0183,26.6433,25.9091 
2014-05-14,18.2531,25.3233,24.5276 
2014-05-15,18.0272,23.5559,2.3935 
2014-05-16,4.6485,16.3752,21.5375 
2014-05-17,2.9926,9.8016,0.5442 
2014-05-18,4.3913,12.2534,0.2055 
2014-05-19,8.2860,15.7960,0.0179 
2014-05-20,12.5620,17.2960,2.3175 
2014-05-21,11.2513,18.4828,11.5226 
2014-05-22,12.0018,18.0660,3.2491 
2014-05-23,8.0894,14.9062,0.9571 
2014-05-24,9.5331,18.4316,0.4726 
2014-05-25,13.6854,21.2350,9.0468e-05 
2014-05-26,16.7231,23.2290,3.4532e-05 
2014-05-27,19.8490,24.8739,1.1382 
2014-05-28,15.7443,22.0243,0.7840 
2014-05-29,11.3626,20.1371,0.0124 
2014-05-30,11.7748,19.9685,0.0033 
2014-05-31,13.8636,19.3394,0.0133 
2014-06-01,13.3720,24.2154,0.0000 
2014-06-02,17.8028,25.2728,1.8021 
2014-06-03,17.5866,24.7882,7.7630 
2014-06-04,14.7669,21.7786,0.0302 
2014-06-05,9.7703,18.6329,0.0044 
2014-06-06,9.9439,18.6788,7.7188e-04 
2014-06-07,15.2044,23.8275,3.8728e-05 
2014-06-08,16.8649,23.5462,13.5253 
2014-06-09,14.0481,20.7726,11.4071 
2014-06-10,16.2312,22.8434,0.0052 
2014-06-11,18.7752,26.0161,0.5593 
2014-06-12,18.9259,25.6365,4.2801 
2014-06-13,17.1472,22.3541,13.8427 
2014-06-14,9.1392,17.1455,0.3568 
2014-06-15,11.7259,22.6318,7.2511e-04 
2014-06-16,19.6869,24.6298,0.0027 
2014-06-17,20.8123,29.0140,0.0453 
2014-06-18,16.1214,23.8063,2.8887 
2014-06-19,16.5352,22.4118,6.6739 
2014-06-20,14.4893,20.2511,0.0064 
2014-06-21,13.1087,22.0599,0.0033 
2014-06-22,15.7080,23.2991,4.3010e-05 
2014-06-23,17.4239,25.3502,0.2554 
2014-06-24,18.8267,28.0983,7.9187 
2014-06-25,17.8102,22.6512,20.4607 
2014-06-26,17.2732,20.6704,1.2742 
2014-06-27,17.0502,25.2459,0.0650 
2014-06-28,19.9936,26.9067,0.0092 
2014-06-29,20.4669,25.5012,0.8036 
2014-06-30,19.8007,27.0843,5.5197 
2014-07-01,21.0923,27.9992,1.5192 
2014-07-02,21.1093,26.1854,8.4612 
2014-07-03,16.8348,22.9541,7.7214 
2014-07-04,11.6696,18.2208,0.4336 
2014-07-05,13.1923,21.3639,5.8556e-06 
2014-07-06,16.5315,23.9881,0.0117 
2014-07-07,19.0024,24.7496,14.8413 
2014-07-08,19.2797,24.6011,13.5377 
2014-07-09,16.3979,19.9758,2.4962 
2014-07-10,14.0276,21.2677,0.0571 
2014-07-11,15.6593,24.7012,4.9352e-04 
2014-07-12,19.3695,25.8987,0.0084 
2014-07-13,19.7356,25.0893,21.5184 
2014-07-14,17.9928,25.0839,10.6862 
2014-07-15,16.8212,20.8726,3.5336 
2014-07-16,13.6512,17.5218,0.6821 
2014-07-17,13.6192,19.0933,1.6824 
2014-07-18,15.3141,22.4673,2.3816e-04 
2014-07-19,16.6825,22.1151,4.9333 
2014-07-20,15.9451,22.0722,4.0590 
2014-07-21,18.2672,24.7251,0.7428 
2014-07-22,20.0128,28.1746,0.0181 
2014-07-23,19.1938,27.4375,4.5910 
2014-07-24,14.9071,18.7401,0.8194 
2014-07-25,14.2526,21.7544,1.4811e-04 
2014-07-26,17.2748,24.3158,0.0028 
2014-07-27,17.5272,25.4118,0.3090 
2014-07-28,12.9929,23.9549,23.2936 
2014-07-29,12.2043,16.2817,0.2533 
2014-07-30,13.0985,18.5060,3.3337 
2014-07-31,13.4296,20.2224,6.3740 
2014-08-01,17.3571,24.6648,0.1494 
2014-08-02,16.6880,23.9551,13.2129 
2014-08-03,16.2094,21.7301,7.1787 
2014-08-04,15.4334,24.5807,0.2205 
2014-08-05,17.7621,23.1724,8.9041 
2014-08-06,15.6138,20.6905,1.0019 
2014-08-07,14.8092,21.5915,0.0070 
2014-08-08,15.6652,22.4210,0.0021 
2014-08-09,16.8421,23.6218,0.0000 
2014-08-10,18.0844,25.5054,9.9724e-04 
2014-08-11,18.7147,24.4396,0.0868 
2014-08-12,17.0815,21.3282,27.7410 
2014-08-13,14.9167,19.3051,19.9921 
2014-08-14,12.0785,16.5644,0.0846 
2014-08-15,11.5964,17.6569,0.0738 
2014-08-16,12.9321,20.5175,0.0674 
2014-08-17,14.2328,19.4162,8.0972 
2014-08-18,13.8843,21.2307,2.7153e-05 
2014-08-19,15.2373,24.5287,4.1343e-04 
2014-08-20,18.6797,25.0802,0.2868 
2014-08-21,18.7763,24.5375,0.0945 
2014-08-22,17.1420,22.8560,0.1006 
2014-08-23,17.9470,22.4850,0.0208 
2014-08-24,16.4941,23.1994,8.8402e-04 
2014-08-25,18.4984,22.9744,4.3987e-06 
2014-08-26,17.4971,26.6864,0.0067 
2014-08-27,19.8309,25.1755,0.0266 
2014-08-28,12.7483,19.8719,0.0046 
2014-08-29,13.3850,20.7660,6.0050e-04 
2014-08-30,16.7884,27.6572,0.3297 
2014-08-31,21.0055,26.3860,11.2142 
2014-09-01,20.0389,25.1455,3.1520 
2014-09-02,18.0582,23.4962,12.1951 
2014-09-03,17.1940,23.0648,3.1043 
2014-09-04,19.2580,25.7000,1.2946e-04 
2014-09-05,21.3223,28.5411,1.0740 
2014-09-06,14.8368,26.9795,9.4155 
2014-09-07,13.3341,18.5031,0.3647 
2014-09-08,13.2625,21.7439,0.0017 
2014-09-09,14.0639,22.1937,0.0624 
2014-09-10,15.7641,23.5191,0.2184 
2014-09-11,14.9950,23.9032,10.4617 
2014-09-12,9.0639,14.7985,1.1852 
2014-09-13,7.4923,13.0624,0.9173 
2014-09-14,7.8666,14.2003,0.2337 
2014-09-15,8.9768,16.4241,0.0125 
2014-09-16,9.8407,14.6421,10.4116 
2014-09-17,10.5247,15.3104,0.0276 
2014-09-18,11.3731,14.7926,0.0061 
2014-09-19,5.7530,17.4754,0.0013 
2014-09-20,14.4541,21.4784,0.0567 
2014-09-21,14.9319,20.3874,7.8365 
2014-09-22,7.0267,13.9923,5.7695 
2014-09-23,8.9002,16.6270,0.0088 
2014-09-24,12.8690,20.8215,5.6908e-04 
2014-09-25,12.6941,20.2009,2.3335e-04 
2014-09-26,13.8184,20.6906,1.3997e-06 
2014-09-27,15.3198,22.4921,0.0051 
2014-09-28,16.6063,22.7994,0.0059 
2014-09-29,15.8746,21.4235,2.4090e-04 
2014-09-30,15.3488,20.6370,1.9568 
2014-10-01,13.1596,20.1286,1.8637 
2014-10-02,15.1681,20.4884,1.2843e-04 
2014-10-03,13.5385,20.0481,0.7555 
2014-10-04,6.8842,17.2660,8.8793 
2014-10-05,3.2950,9.5327,1.7389 
2014-10-06,5.3132,15.5191,2.7625 
2014-10-07,11.3742,15.7198,5.5640 
2014-10-08,9.3262,12.9152,11.3266 
2014-10-09,8.7007,11.4675,0.2580 
2014-10-10,6.3349,10.7662,0.0262 
2014-10-11,5.2889,9.5726,0.0219 
2014-10-12,4.7789,13.5048,0.0134 
2014-10-13,9.7201,19.9264,3.4964 
2014-10-14,16.3988,21.9933,0.3798 
2014-10-15,15.5118,21.1069,6.9696 
2014-10-16,12.6152,16.6679,0.6339 
2014-10-17,10.9196,15.0683,5.7222 
2014-10-18,6.2849,13.1001,14.6591 
2014-10-19,2.1101,5.7651,1.9009 
2014-10-20,3.8779,10.8000,0.3539 
2014-10-21,8.0104,10.0141,9.3345 
2014-10-22,4.9856,8.1223,1.9118 
2014-10-23,4.2207,11.0943,0.0549 
2014-10-24,5.0493,10.2587,0.0102 
2014-10-25,7.0222,15.1519,0.0120 
2014-10-26,6.6297,12.6866,0.0773 
2014-10-27,5.4888,14.6812,5.1827e-04 
2014-10-28,13.5166,21.1497,1.9845 
2014-10-29,7.8488,14.7177,4.5976 
2014-10-30,4.6089,7.1741,0.8092 
2014-10-31,3.1828,6.4207,1.5536 
2014-11-01,0.8712,4.9251,3.6807 
2014-11-02,-1.8148,2.3132,1.4508 
2014-11-03,1.4406,9.7567,0.0185 
2014-11-04,7.2657,14.7210,0.0381 
2014-11-05,6.1890,12.8798,4.3056 
2014-11-06,3.7035,7.3051,5.7969 
2014-11-07,-0.0977,3.5272,6.1137 
2014-11-08,-1.6171,4.8131,0.1234 
2014-11-09,1.1722,6.5165,2.6932 
2014-11-10,3.5212,13.0178,0.0315 
2014-11-11,10.2355,16.1867,0.0000 
2014-11-12,1.4594,14.7064,0.9583 
2014-11-13,-2.2910,1.3350,3.1123 
2014-11-14,-3.3452,-1.1177,3.2412 
2014-11-15,-3.7182,-0.3172,0.4642 
2014-11-16,-3.6886,0.9935,0.0557 
2014-11-17,-0.1368,1.2311,10.7438 
2014-11-18,-10.2277,-0.7958,8.2951 
2014-11-19,-11.2043,-4.0971,5.3285 
2014-11-20,-5.4832,-0.6868,5.7246 
2014-11-21,-7.0893,-4.7880,3.6976 
2014-11-22,-8.1834,4.7594,2.1875 
2014-11-23,5.1611,8.1482,7.1348 
2014-11-24,5.2832,11.7439,3.5833 
2014-11-25,0.2785,6.1040,0.3026 
2014-11-26,-3.0448,-0.1403,0.8622 
2014-11-27,-3.6339,-1.1403,2.3199 
2014-11-28,-5.7808,-1.8527,7.8315 
2014-11-29,-6.3910,3.9226,0.1545 
2014-11-30,3.2887,7.5508,0.2584 
2014-12-01,-2.6727,7.9764,1.6823 
2014-12-02,-8.7406,0.7127,0.9061 
2014-12-03,-0.5331,4.2885,1.1308 
2014-12-04,-3.8099,-0.4016,0.2632 
2014-12-05,-3.7559,2.1110,0.2740 
2014-12-06,-0.4855,3.5970,8.8404 
2014-12-07,-6.2851,-0.6617,0.1182 
2014-12-08,-6.0569,0.1463,1.8614e-05 
2014-12-09,-0.3732,3.5327,0.0982 
2014-12-10,-3.8216,-0.0136,4.3086 
2014-12-11,-4.9251,-3.4974,13.4696 
2014-12-12,-4.8008,-0.7594,1.3938 
2014-12-13,-1.4623,0.0677,0.2396 
2014-12-14,-0.1760,2.1293,0.5075 
2014-12-15,0.4057,4.0323,0.2068 
2014-12-16,1.0295,5.2926,3.6175 
2014-12-17,-2.2324,4.1253,5.3146 
2014-12-18,-2.9613,-1.7569,2.3040 
2014-12-19,-5.9428,-1.9776,0.4721 
2014-12-20,-5.9254,-2.2307,0.0397 
2014-12-21,-5.0731,-1.1580,0.0483 
2014-12-22,-4.1299,2.7179,0.0031 
2014-12-23,0.4615,5.8515,0.5994 
2014-12-24,4.6596,7.4269,2.0665 
2014-12-25,0.6570,7.9348,6.1757 
2014-12-26,-0.5836,3.7205,0.2002 
2014-12-27,2.0071,7.2565,0.0683 
2014-12-28,-1.1759,6.1203,9.8620 
2014-12-29,-3.7190,-1.1576,0.7689 
2014-12-30,-7.2182,-3.9290,0.5939 
2014-12-31,-9.5526,-6.1197,1.4951 
2015-01-01,-7.9762,-6.8902,1.4719 
