Meteorological forcing data for the Large Basin Runoff Model.      
eri, 19,   <- lake basin, subbasin            
yyyy-mm-dd, Tmin(C), Tmax(C), Prec(mm)                             
2010-01-01,-5.4406,-2.7490,2.5185 
2010-01-02,-13.3550,-6.2215,0.5481 
2010-01-03,-13.3709,-8.4424,0.8262 
2010-01-04,-10.5643,-7.5193,0.3774 
2010-01-05,-9.5446,-5.7203,2.2279 
2010-01-06,-8.0742,-5.4189,0.7185 
2010-01-07,-7.5085,-3.2988,0.3887 
2010-01-08,-9.9403,-5.2560,3.6543 
2010-01-09,-13.3461,-8.6488,0.0389 
2010-01-10,-12.7348,-5.9779,0.0167 
2010-01-11,-10.2831,-6.8210,2.6387 
2010-01-12,-11.6433,-6.9020,1.2123 
2010-01-13,-9.0729,-2.7819,0.0238 
2010-01-14,-5.1187,1.5185,0.0069 
2010-01-15,-0.9821,1.2552,0.3723 
2010-01-16,-5.0070,-0.2179,0.0500 
2010-01-17,-4.9051,1.0146,0.0193 
2010-01-18,-4.5816,0.6136,0.0145 
2010-01-19,-3.5276,0.0191,1.0488 
2010-01-20,-6.1144,-2.0961,0.3400 
2010-01-21,-9.8113,-1.2886,0.0124 
2010-01-22,-4.2112,0.2260,0.0129 
2010-01-23,-5.5105,0.4658,0.0047 
2010-01-24,-1.1517,4.9643,4.6275 
2010-01-25,-0.5673,6.3427,12.2245 
2010-01-26,-3.0057,-0.7779,2.1310 
2010-01-27,-7.0753,-1.4328,2.4717 
2010-01-28,-10.8981,-5.7515,3.5551 
2010-01-29,-13.0749,-10.9870,2.0656 
2010-01-30,-17.5347,-10.6430,0.0154 
2010-01-31,-13.5761,-5.8296,2.9026 
2010-02-01,-10.0156,-5.9321,1.8574 
2010-02-02,-8.3085,-4.5559,0.8498 
2010-02-03,-6.9811,-1.8802,2.2315 
2010-02-04,-7.2618,-1.6972,0.1044 
2010-02-05,-5.1756,-1.6964,0.0032 
2010-02-06,-12.6638,-4.4164,0.0267 
2010-02-07,-13.1499,-4.7202,0.0247 
2010-02-08,-11.7843,-3.4821,0.0049 
2010-02-09,-10.7377,-5.6889,0.3982 
2010-02-10,-6.1862,-2.9344,4.1306 
2010-02-11,-10.4520,-3.6382,0.1279 
2010-02-12,-8.4448,-3.4509,0.2090 
2010-02-13,-9.6154,-4.3576,0.2357 
2010-02-14,-6.6371,-2.7149,0.6437 
2010-02-15,-6.0302,-2.5203,1.2956 
2010-02-16,-7.8049,-2.0625,0.4213 
2010-02-17,-5.5710,-1.5658,0.4041 
2010-02-18,-4.4240,-1.2262,0.1837 
2010-02-19,-3.9577,-0.2969,0.0753 
2010-02-20,-6.1567,1.3460,0.0032 
2010-02-21,-5.8619,2.5285,0.0016 
2010-02-22,-5.9155,0.1789,8.6642 
2010-02-23,-2.5072,-0.4200,3.4718 
2010-02-24,-6.2758,-0.5516,0.5857 
2010-02-25,-5.0108,-1.4199,2.5866 
2010-02-26,-5.6333,1.3957,8.2960 
2010-02-27,-3.0905,1.4603,2.4008 
2010-02-28,-3.2208,2.4918,0.4704 
2010-03-01,-3.5830,1.2099,0.0247 
2010-03-02,-7.3470,0.4792,0.0016 
2010-03-03,-4.2470,1.8841,8.3343e-04 
2010-03-04,-6.7625,0.7401,1.3098e-04 
2010-03-05,-6.2902,1.0886,1.7542e-04 
2010-03-06,-5.7580,4.0513,6.4021e-04 
2010-03-07,-3.1547,3.8399,1.3409e-04 
2010-03-08,-1.6130,6.9203,2.4130e-06 
2010-03-09,2.0068,10.1279,0.0040 
2010-03-10,2.6431,8.7459,0.0012 
2010-03-11,1.0464,10.2145,0.1340 
2010-03-12,4.1384,6.7471,2.1857 
2010-03-13,1.8666,5.5371,14.9678 
2010-03-14,1.9627,4.0883,17.6212 
2010-03-15,1.6994,9.2823,0.5620 
2010-03-16,2.0668,12.9444,0.0019 
2010-03-17,5.5688,13.3407,1.8189e-04 
2010-03-18,3.6683,12.6032,2.7098e-04 
2010-03-19,4.3217,13.9858,1.4442e-04 
2010-03-20,0.4349,12.3825,0.0832 
2010-03-21,-2.4059,5.3899,0.2973 
2010-03-22,-1.6119,4.2999,3.5868 
2010-03-23,2.6481,5.2483,1.1098 
2010-03-24,-1.8385,10.5817,0.0963 
2010-03-25,1.2687,7.9720,0.1374 
2010-03-26,-9.8302,0.0536,0.0037 
2010-03-27,-6.1974,4.5984,3.4999e-04 
2010-03-28,1.6102,4.6308,3.6427 
2010-03-29,1.8533,8.3796,5.0690 
2010-03-30,-0.9460,11.0551,9.7762e-04 
2010-03-31,4.3417,14.1620,1.0566e-04 
2010-04-01,8.0039,19.8529,0.0131 
2010-04-02,12.2261,23.3226,0.0099 
2010-04-03,14.3844,24.1699,0.1223 
2010-04-04,6.6164,16.1946,0.1963 
2010-04-05,9.9766,19.1053,0.1738 
2010-04-06,7.3785,17.4045,13.7156 
2010-04-07,14.2346,18.6805,3.8037 
2010-04-08,7.9509,14.1481,23.9277 
2010-04-09,-2.0387,7.6289,0.2400 
2010-04-10,-2.1694,11.8672,0.0502 
2010-04-11,2.9792,13.9241,0.7001 
2010-04-12,4.2423,12.0876,1.8853e-04 
2010-04-13,5.6528,12.1779,2.2142e-04 
2010-04-14,6.3287,15.2499,8.0237e-04 
2010-04-15,10.6015,23.5899,5.9054e-04 
2010-04-16,11.2199,21.9532,0.2507 
2010-04-17,0.5902,8.6136,0.3291 
2010-04-18,1.8800,11.1662,0.4802 
2010-04-19,1.9667,13.2034,1.9045e-04 
2010-04-20,7.1950,15.3993,0.0172 
2010-04-21,9.5872,15.7539,0.0084 
2010-04-22,-0.2225,12.6756,9.7441e-04 
2010-04-23,1.3267,14.1398,2.1939e-05 
2010-04-24,7.8762,17.0909,0.0058 
2010-04-25,7.8097,14.1593,9.9033 
2010-04-26,8.0319,15.1238,0.4654 
2010-04-27,0.5378,12.7858,4.8288e-04 
2010-04-28,-0.1442,9.5774,1.0699e-04 
2010-04-29,3.0855,15.3213,9.4219e-04 
2010-04-30,9.6032,22.9065,0.0083 
2010-05-01,15.5352,22.1287,2.1299 
2010-05-02,16.1542,20.6598,0.5138 
2010-05-03,14.2832,19.5174,12.9732 
2010-05-04,11.9182,18.8793,0.4100 
2010-05-05,12.0555,22.5075,8.6871 
2010-05-06,9.3463,14.2672,3.1742 
2010-05-07,5.2242,9.9833,9.0062 
2010-05-08,1.3565,8.1683,20.8195 
2010-05-09,-1.2440,5.2214,0.2583 
2010-05-10,-0.8076,10.5436,0.0038 
2010-05-11,3.8795,10.2337,3.5267 
2010-05-12,4.3471,11.7375,2.5443 
2010-05-13,5.0044,10.9067,9.7236 
2010-05-14,7.5436,15.6284,6.4222 
2010-05-15,5.2416,14.1371,0.0230 
2010-05-16,5.6741,17.5100,3.6913e-04 
2010-05-17,11.2423,17.2616,0.0016 
2010-05-18,11.6782,17.4995,0.0247 
2010-05-19,11.2359,21.4573,0.0161 
2010-05-20,13.4688,25.0327,0.0065 
2010-05-21,15.5985,23.4091,0.0137 
2010-05-22,16.2159,21.8279,4.3768 
2010-05-23,14.3801,22.5632,0.3763 
2010-05-24,16.9653,25.2420,2.4659e-04 
2010-05-25,19.3458,26.0911,4.1997e-04 
2010-05-26,21.3572,27.6313,0.0015 
2010-05-27,18.0408,26.8521,0.2084 
2010-05-28,18.9240,24.7508,0.1395 
2010-05-29,17.4088,22.9892,0.1019 
2010-05-30,16.8814,26.7968,0.0047 
2010-05-31,21.4815,28.5402,0.0395 
2010-06-01,16.9059,23.0754,10.1492 
2010-06-02,17.1523,24.5012,19.0219 
2010-06-03,14.9168,20.8134,12.1433 
2010-06-04,13.8240,21.1563,1.1384 
2010-06-05,16.2585,22.7620,8.5378 
2010-06-06,10.6831,20.1687,26.2980 
2010-06-07,8.4315,15.2626,0.0396 
2010-06-08,7.3398,17.9125,0.0130 
2010-06-09,10.8658,20.1320,10.2340 
2010-06-10,12.4904,20.4291,4.5146 
2010-06-11,12.2985,22.1514,0.0253 
2010-06-12,16.1782,23.1689,4.0370 
2010-06-13,15.5030,20.6378,1.1117 
2010-06-14,14.6986,22.1986,0.4880 
2010-06-15,14.7347,21.4867,0.0041 
2010-06-16,15.7945,21.7269,11.9455 
2010-06-17,11.4403,21.7906,0.2199 
2010-06-18,16.6904,23.6902,0.0094 
2010-06-19,19.8023,26.0744,0.0951 
2010-06-20,17.7425,24.4495,0.0509 
2010-06-21,14.6677,24.7015,1.1496e-05 
2010-06-22,18.2905,24.4185,11.0424 
2010-06-23,19.0622,26.8174,0.2108 
2010-06-24,18.4963,23.0610,10.7466 
2010-06-25,12.3743,22.4586,0.2459 
2010-06-26,17.1545,21.9316,6.0620 
2010-06-27,17.1886,26.0586,0.1757 
2010-06-28,19.5481,22.7721,22.3157 
2010-06-29,11.5513,20.2382,0.0477 
2010-06-30,8.7852,15.8888,0.0103 
2010-07-01,9.2599,19.4235,0.0226 
2010-07-02,13.3379,21.8815,0.0088 
2010-07-03,15.9285,25.3974,1.4292e-04 
2010-07-04,18.9643,27.6950,7.9326e-04 
2010-07-05,22.2692,29.8737,0.0024 
2010-07-06,24.3566,29.6266,0.0040 
2010-07-07,23.5946,30.1573,0.0892 
2010-07-08,23.4779,30.1172,1.1248 
2010-07-09,19.8616,26.8215,30.2920 
2010-07-10,16.0406,25.0163,0.0230 
2010-07-11,19.2778,26.1104,1.0992 
2010-07-12,19.2746,25.3778,6.8813 
2010-07-13,18.4659,24.8738,0.3731 
2010-07-14,18.5094,26.0868,0.0285 
2010-07-15,20.8541,27.1587,0.9558 
2010-07-16,20.3099,26.8731,11.4471 
2010-07-17,20.8406,25.9088,0.7970 
2010-07-18,16.1593,25.6933,0.1240 
2010-07-19,18.7663,25.7090,6.5632 
2010-07-20,16.9777,25.3678,0.1098 
2010-07-21,19.0197,24.9115,0.7116 
2010-07-22,16.8219,24.2060,0.0095 
2010-07-23,16.8449,27.2636,29.3302 
2010-07-24,21.3982,27.3015,9.9570 
2010-07-25,17.0833,23.0062,0.5607 
2010-07-26,15.2986,24.9070,4.9259e-04 
2010-07-27,18.5040,26.3199,0.0207 
2010-07-28,19.5886,27.5760,11.7670 
2010-07-29,15.3243,21.9246,0.9633 
2010-07-30,14.1320,22.5449,0.0239 
2010-07-31,16.1804,23.6607,0.4733 
2010-08-01,15.2190,24.8271,0.2501 
2010-08-02,19.1018,25.8940,0.0464 
2010-08-03,21.3325,27.6308,0.0357 
2010-08-04,21.1715,27.5989,0.3155 
2010-08-05,19.3978,26.5940,0.9213 
2010-08-06,15.1183,20.6484,0.1637 
2010-08-07,13.2847,20.8141,0.2661 
2010-08-08,16.8041,26.3289,3.3654 
2010-08-09,19.6347,27.2576,8.4472 
2010-08-10,19.5550,26.8085,1.2963 
2010-08-11,19.7259,26.6051,0.1108 
2010-08-12,20.8981,26.5147,0.0924 
2010-08-13,18.3672,26.9559,0.0385 
2010-08-14,19.8717,29.0346,0.2477 
2010-08-15,22.4320,28.5388,0.7723 
2010-08-16,17.5473,26.2846,1.4055 
2010-08-17,15.4057,22.8607,0.0121 
2010-08-18,15.4025,23.3092,0.0156 
2010-08-19,17.1226,24.4425,0.8048 
2010-08-20,13.9901,21.9507,0.0856 
2010-08-21,17.1308,27.3804,1.7927 
2010-08-22,18.5992,23.6728,20.7402 
2010-08-23,16.8602,21.0549,2.6095 
2010-08-24,15.2045,21.1615,0.2462 
2010-08-25,15.9113,20.9316,0.1197 
2010-08-26,12.7681,19.1914,0.0375 
2010-08-27,11.4111,20.9813,0.0012 
2010-08-28,15.6698,25.0015,0.0115 
2010-08-29,20.0990,27.2167,0.0000 
2010-08-30,22.6140,29.4771,0.0157 
2010-08-31,24.3290,29.0197,0.0127 
2010-09-01,22.0464,27.4264,0.0021 
2010-09-02,21.1976,26.1622,3.2060 
2010-09-03,17.6278,24.1549,11.2679 
2010-09-04,11.8052,18.2446,5.3319 
2010-09-05,10.4541,15.6235,2.8456 
2010-09-06,13.2893,21.3864,0.7719 
2010-09-07,17.6674,25.7010,0.2423 
2010-09-08,13.1954,21.9829,2.7844 
2010-09-09,11.5615,15.1044,1.1800 
2010-09-10,9.6562,17.5198,0.4657 
2010-09-11,12.3329,18.3871,0.1559 
2010-09-12,12.4730,17.7200,4.5869 
2010-09-13,13.5802,19.8794,1.8080 
2010-09-14,9.1211,16.8665,0.0246 
2010-09-15,7.4066,16.0072,0.0729 
2010-09-16,11.8390,15.8528,22.3087 
2010-09-17,7.4116,14.9825,0.2918 
2010-09-18,11.1508,19.4945,0.3716 
2010-09-19,8.4976,16.2246,0.2037 
2010-09-20,7.0028,16.0569,0.1163 
2010-09-21,11.2587,24.5092,0.1002 
2010-09-22,17.8987,24.1711,8.3524 
2010-09-23,10.7374,22.3969,0.1028 
2010-09-24,21.4413,25.4363,0.3294 
2010-09-25,11.3884,21.7910,1.3623 
2010-09-26,6.2807,13.4710,0.2303 
2010-09-27,9.5308,15.1630,3.2358 
2010-09-28,12.1738,13.8518,33.7117 
2010-09-29,10.6828,16.7489,0.3049 
2010-09-30,12.7094,18.4799,0.0192 
2010-10-01,9.1443,14.0923,0.0733 
2010-10-02,6.6433,9.7759,4.9310 
2010-10-03,3.3993,8.9942,2.8553 
2010-10-04,3.1020,10.9877,0.6912 
2010-10-05,7.0027,13.5917,4.1546 
2010-10-06,9.7985,15.4267,5.8315 
2010-10-07,9.4380,15.2238,0.1309 
2010-10-08,8.7259,18.7334,0.0256 
2010-10-09,9.7923,17.5766,0.0016 
2010-10-10,9.0105,18.7189,0.0129 
2010-10-11,10.7212,15.2929,1.8839 
2010-10-12,3.5715,12.7953,1.1701 
2010-10-13,6.1279,12.9489,0.3194 
2010-10-14,8.7396,10.7558,22.7618 
2010-10-15,5.0067,11.3050,0.0542 
2010-10-16,3.9827,11.5172,6.6450e-04 
2010-10-17,7.1987,11.7753,0.0033 
2010-10-18,5.2699,8.5095,0.0525 
2010-10-19,3.6756,9.7559,0.1294 
2010-10-20,4.3759,13.5605,0.0373 
2010-10-21,3.9432,11.5003,8.1415 
2010-10-22,0.7938,7.2865,1.2118 
2010-10-23,4.6253,14.2307,4.7224 
2010-10-24,11.2555,16.2303,6.3982 
2010-10-25,13.9159,16.9507,1.7747 
2010-10-26,14.7311,19.3343,7.0383 
2010-10-27,9.6509,14.9816,1.7215 
2010-10-28,6.1148,13.5305,0.4062 
2010-10-29,3.7549,7.3892,1.3422 
2010-10-30,2.4754,8.9456,0.0206 
2010-10-31,-0.6689,7.5224,0.0644 
2010-11-01,-1.9164,4.3080,0.0040 
2010-11-02,-0.3427,5.3631,0.0271 
2010-11-03,1.3876,6.9367,0.8165 
2010-11-04,2.8943,7.4836,1.9202 
2010-11-05,0.7502,5.7474,4.6986 
2010-11-06,-2.6676,3.3594,0.1618 
2010-11-07,-0.4024,6.2510,0.0245 
2010-11-08,2.6282,8.8424,0.0053 
2010-11-09,2.1108,8.3222,0.0062 
2010-11-10,2.1554,8.5967,0.0013 
2010-11-11,1.1401,9.4129,0.0011 
2010-11-12,3.8459,12.8663,0.0031 
2010-11-13,4.7609,10.3619,0.1021 
2010-11-14,4.3858,8.7071,1.2731 
2010-11-15,1.3005,7.4910,0.0342 
2010-11-16,3.5928,9.0486,1.5821 
2010-11-17,3.5100,10.2214,17.6182 
2010-11-18,2.0751,5.8349,1.1679 
2010-11-19,-3.0174,3.6056,0.0806 
2010-11-20,1.2475,4.8686,0.0126 
2010-11-21,-3.8319,5.1411,0.0894 
2010-11-22,6.0551,13.1456,8.1647 
2010-11-23,0.2704,14.5044,7.5689 
2010-11-24,-3.2931,1.8355,0.0978 
2010-11-25,-2.7347,5.4507,1.2266 
2010-11-26,-6.0485,7.6677,10.9694 
2010-11-27,-3.7526,1.2764,1.7413 
2010-11-28,-4.3143,0.6157,0.2456 
2010-11-29,-1.3708,4.3878,0.0715 
2010-11-30,2.0035,10.1617,13.2360 
2010-12-01,-3.2107,9.8647,13.0669 
2010-12-02,-4.0305,-1.6578,0.8075 
2010-12-03,-5.3259,-0.0973,0.5426 
2010-12-04,-6.6034,-2.5322,0.4351 
2010-12-05,-7.9811,-2.6196,0.4000 
2010-12-06,-5.8629,-3.8166,5.0971 
2010-12-07,-7.0004,-4.7899,1.9425 
2010-12-08,-9.1628,-5.6790,2.1906 
2010-12-09,-10.9907,-5.4270,0.6026 
2010-12-10,-7.6971,0.6756,0.9695 
2010-12-11,-3.2148,1.8870,0.3171 
2010-12-12,-0.6709,1.1533,14.7007 
2010-12-13,-9.9632,-0.5862,4.1890 
2010-12-14,-10.9911,-8.7189,2.1474 
2010-12-15,-11.2742,-5.3355,1.5310 
2010-12-16,-8.0323,-4.7387,2.9212 
2010-12-17,-7.3247,-3.1821,1.9986 
2010-12-18,-9.0982,-5.2620,1.0048 
2010-12-19,-9.3315,-5.0322,0.8150 
2010-12-20,-7.1034,-2.3702,0.5518 
2010-12-21,-7.9914,-4.0331,0.2519 
2010-12-22,-8.9024,-3.6629,0.1227 
2010-12-23,-5.3177,-3.1786,0.2094 
2010-12-24,-5.3471,-3.7037,0.1007 
2010-12-25,-8.0639,-4.8267,0.0605 
2010-12-26,-8.8341,-6.4527,0.1987 
2010-12-27,-10.4565,-4.7635,0.1826 
2010-12-28,-6.2645,-3.8307,0.1888 
2010-12-29,-6.4476,-2.5310,0.1729 
2010-12-30,-5.4004,2.2476,0.3359 
2010-12-31,2.0309,4.7972,2.0959 
2011-01-01,3.5353,7.8688,10.9404 
2011-01-02,-9.6901,1.9318,0.8730 
2011-01-03,-9.6181,-3.3835,1.0936 
2011-01-04,-3.9918,-0.9615,4.7916 
2011-01-05,-7.2234,-1.9011,3.0926 
2011-01-06,-9.4102,-4.6011,2.2054 
2011-01-07,-10.3799,-4.8268,2.7491 
2011-01-08,-9.7971,-6.6385,1.0764 
2011-01-09,-12.1185,-6.6464,0.1556 
2011-01-10,-12.3191,-6.1315,0.1573 
2011-01-11,-10.9775,-5.9680,1.0672 
2011-01-12,-9.8634,-7.3981,9.9918 
2011-01-13,-10.7510,-7.5520,1.1875 
2011-01-14,-10.3328,-5.3728,1.1074 
2011-01-15,-9.6057,-4.2157,11.1353 
2011-01-16,-11.0190,-4.4517,1.4345 
2011-01-17,-16.5755,-9.1571,0.0748 
2011-01-18,-8.6003,1.3244,1.2299 
2011-01-19,-8.7093,-0.3210,0.7128 
2011-01-20,-12.1793,-7.7412,0.9626 
2011-01-21,-11.0116,-8.6600,4.9870 
2011-01-22,-15.4974,-11.3868,1.7070 
2011-01-23,-18.3407,-12.4104,1.3626 
2011-01-24,-20.6291,-11.1442,1.1522 
2011-01-25,-10.9304,-2.3795,1.5133 
2011-01-26,-6.0134,-2.6445,0.1657 
2011-01-27,-5.9645,-2.8813,0.9462 
2011-01-28,-6.7661,-2.8211,1.3504 
2011-01-29,-8.1985,-3.9768,2.0425 
2011-01-30,-11.7989,-6.4282,0.3099 
2011-01-31,-17.2776,-8.5302,0.0818 
2011-02-01,-12.6143,-9.2914,1.3795 
2011-02-02,-10.8374,-5.5030,17.6248 
2011-02-03,-13.3602,-8.0308,0.4967 
2011-02-04,-13.9570,-8.1163,0.0144 
2011-02-05,-12.3055,-3.7173,3.3071 
2011-02-06,-8.0486,-3.1029,4.6936 
2011-02-07,-4.7179,-1.0324,1.2769 
2011-02-08,-13.1974,-3.4576,0.3360 
2011-02-09,-13.8759,-9.8182,0.2314 
2011-02-10,-16.7271,-10.4776,0.2610 
2011-02-11,-18.3971,-9.3861,0.6199 
2011-02-12,-9.5684,-4.8982,4.8213 
2011-02-13,-8.0241,2.0616,1.5707 
2011-02-14,-5.1289,2.5669,0.2470 
2011-02-15,-13.8570,-5.9070,0.0039 
2011-02-16,-8.6790,3.4573,0.6589 
2011-02-17,1.7142,6.2742,0.4076 
2011-02-18,1.0678,6.4982,1.0662 
2011-02-19,-7.2836,0.2624,1.7978 
2011-02-20,-10.2638,-3.5390,0.0219 
2011-02-21,-11.6173,-4.8125,6.7223 
2011-02-22,-14.7096,-6.6179,0.1617 
2011-02-23,-10.2622,-2.1705,0.0024 
2011-02-24,-5.4644,-0.2307,2.2263 
2011-02-25,-4.6251,-1.8793,3.4033 
2011-02-26,-10.8481,-3.1690,3.2075 
2011-02-27,-4.2679,1.2391,6.4827 
2011-02-28,-4.0812,0.8121,13.5350 
2011-03-01,-9.2449,-1.7975,0.0036 
2011-03-02,-9.9916,0.5412,0.0781 
2011-03-03,-12.9170,-4.4381,0.0269 
2011-03-04,-5.7310,3.9000,2.9292 
2011-03-05,2.2660,5.0327,26.1983 
2011-03-06,-5.6573,1.1600,9.1312 
2011-03-07,-12.4662,-1.6893,0.0015 
2011-03-08,-8.5044,0.1816,8.8872e-04 
2011-03-09,-2.7057,1.1114,9.0006 
2011-03-10,1.2356,4.6672,10.6709 
2011-03-11,-0.2001,2.4416,17.4860 
2011-03-12,-3.6259,2.7816,0.9917 
2011-03-13,-1.9339,0.9798,0.8690 
2011-03-14,-8.5328,0.4119,0.0150 
2011-03-15,-3.0351,4.6785,0.0794 
2011-03-16,1.3996,4.6494,5.6552 
2011-03-17,1.9770,9.7978,0.0172 
2011-03-18,3.8798,12.2339,0.1487 
2011-03-19,-5.5140,3.1956,0.0201 
2011-03-20,-5.8461,3.3861,0.0011 
2011-03-21,1.2288,6.9209,7.6810 
2011-03-22,-2.7369,3.4667,0.5817 
2011-03-23,-6.3542,1.7438,19.9478 
2011-03-24,-8.9533,-3.1036,0.8421 
2011-03-25,-11.3838,-3.8471,0.0401 
2011-03-26,-12.4053,-3.6290,0.0198 
2011-03-27,-11.3409,-3.1913,7.5651e-05 
2011-03-28,-10.9462,-1.2437,5.5215e-06 
2011-03-29,-8.0264,2.3313,0.0275 
2011-03-30,-3.9691,3.0185,0.0336 
2011-03-31,-1.5311,2.9916,0.9844 
2011-04-01,-0.8639,5.0199,0.0218 
2011-04-02,-2.1934,6.5610,0.0043 
2011-04-03,-1.5769,6.1955,0.6592 
2011-04-04,0.2918,14.7093,19.8041 
2011-04-05,-0.7723,9.2002,1.9730 
2011-04-06,-2.1151,4.3943,1.0430 
2011-04-07,0.0113,8.9920,0.0414 
2011-04-08,1.3757,8.3422,0.0059 
2011-04-09,2.6514,12.1095,0.0058 
2011-04-10,5.2533,19.8271,2.8952 
2011-04-11,11.3643,20.3901,0.1615 
2011-04-12,1.3641,10.7660,0.0194 
2011-04-13,4.0085,13.0857,0.2206 
2011-04-14,2.2865,11.9385,0.0081 
2011-04-15,-3.5440,6.3957,6.4960e-04 
2011-04-16,3.7249,10.1882,17.7882 
2011-04-17,-0.2331,10.0592,3.2734 
2011-04-18,-3.7014,4.7657,0.8158 
2011-04-19,-2.9045,5.3055,0.0971 
2011-04-20,1.8153,8.4864,18.1454 
2011-04-21,-1.6879,5.9642,0.3682 
2011-04-22,0.1814,6.8749,0.1703 
2011-04-23,4.1890,16.8494,13.4720 
2011-04-24,3.0592,14.4418,0.2520 
2011-04-25,5.4664,12.9005,4.9840 
2011-04-26,5.9934,16.3142,9.4830 
2011-04-27,13.4122,19.9453,12.3097 
2011-04-28,8.2658,15.6892,6.8917 
2011-04-29,1.6266,8.1933,0.3465 
2011-04-30,3.7328,14.3706,0.0433 
2011-05-01,9.5963,14.4297,3.0650 
2011-05-02,7.6566,13.8720,1.3947 
2011-05-03,3.8295,10.5359,7.6198 
2011-05-04,1.4148,10.6760,0.1939 
2011-05-05,3.8750,13.5931,0.0285 
2011-05-06,7.0855,12.7320,4.5864 
2011-05-07,7.2452,13.6729,2.0036 
2011-05-08,6.2491,14.9985,0.0083 
2011-05-09,8.7898,16.2191,0.0021 
2011-05-10,9.7489,15.0089,0.0557 
2011-05-11,8.7767,18.9402,0.0470 
2011-05-12,11.0028,22.7521,0.0386 
2011-05-13,14.4352,24.5397,2.8577 
2011-05-14,14.3568,21.0913,18.1859 
2011-05-15,6.5626,13.5427,18.2648 
2011-05-16,4.7275,7.2569,8.3755 
2011-05-17,5.5397,12.7458,2.5722 
2011-05-18,11.3423,17.4549,6.1692 
2011-05-19,11.6356,17.6842,17.7742 
2011-05-20,12.6351,21.7986,0.0187 
2011-05-21,14.5175,22.1896,0.5665 
2011-05-22,17.7763,22.9370,2.0626 
2011-05-23,17.4437,22.6461,4.0649 
2011-05-24,13.1131,18.1617,3.6008 
2011-05-25,7.5657,17.8553,0.6500 
2011-05-26,11.3250,18.5504,18.4742 
2011-05-27,8.9648,13.9303,5.8347 
2011-05-28,10.6846,18.6273,0.2806 
2011-05-29,14.6679,22.9134,2.0186 
2011-05-30,15.5645,25.1842,13.9937 
2011-05-31,20.7222,28.5508,0.0022 
2011-06-01,19.1421,27.1819,6.6004e-05 
2011-06-02,7.5420,18.5209,0.0268 
2011-06-03,9.1431,20.5916,0.0286 
2011-06-04,15.5607,23.8075,17.2908 
2011-06-05,14.1474,22.9553,0.0557 
2011-06-06,15.6117,25.0754,0.0132 
2011-06-07,18.1370,28.2924,7.9847 
2011-06-08,21.9329,30.6969,6.6515 
2011-06-09,19.5378,29.5245,0.4989 
2011-06-10,9.9366,21.2949,0.0037 
2011-06-11,12.0050,20.4277,0.8116 
2011-06-12,8.8842,19.9323,0.1634 
2011-06-13,9.5521,16.8094,0.0344 
2011-06-14,10.1894,19.3530,0.0651 
2011-06-15,15.0876,23.6978,1.0300e-04 
2011-06-16,17.0319,22.9921,0.0330 
2011-06-17,14.5189,22.4400,0.0472 
2011-06-18,16.8731,24.3005,0.0199 
2011-06-19,12.7499,22.2877,0.0045 
2011-06-20,14.0835,23.1449,0.0633 
2011-06-21,17.1885,24.4094,0.3898 
2011-06-22,17.4906,24.7006,4.3765 
2011-06-23,16.2092,23.5091,19.8931 
2011-06-24,16.8363,18.7880,5.5068 
2011-06-25,13.7652,17.9253,0.9515 
2011-06-26,13.4802,22.1404,0.0820 
2011-06-27,16.8833,23.6041,0.0218 
2011-06-28,17.9054,23.3872,1.5130 
2011-06-29,12.2956,18.4216,0.1002 
2011-06-30,12.0466,22.5263,3.3899e-04 
2011-07-01,15.9033,24.4154,0.0032 
2011-07-02,19.2660,26.8238,0.1003 
2011-07-03,17.6003,24.8398,9.1375 
2011-07-04,15.8160,23.3057,0.0020 
2011-07-05,17.8192,26.5083,0.0205 
2011-07-06,19.9645,25.7501,0.0470 
2011-07-07,17.7736,23.2279,0.0142 
2011-07-08,18.4947,25.3097,0.0138 
2011-07-09,15.0005,24.8256,0.0030 
2011-07-10,20.5952,29.1141,0.0464 
2011-07-11,22.8125,29.3051,0.0028 
2011-07-12,19.4361,28.3252,0.0602 
2011-07-13,15.3078,23.1883,0.0058 
2011-07-14,15.8651,24.7230,0.0076 
2011-07-15,18.6688,25.5722,0.0114 
2011-07-16,18.8782,28.0745,0.0364 
2011-07-17,22.3358,30.4746,0.0163 
2011-07-18,22.7221,29.7245,0.6565 
2011-07-19,20.4621,28.2233,0.0664 
2011-07-20,19.3267,32.3179,0.0070 
2011-07-21,25.7604,33.3337,0.0202 
2011-07-22,20.3703,31.4917,0.1101 
2011-07-23,23.6433,29.7578,0.3421 
2011-07-24,19.1449,26.1144,3.3989 
2011-07-25,19.7539,25.3454,2.6761 
2011-07-26,17.2757,22.1337,0.2383 
2011-07-27,15.7279,24.5278,0.0039 
2011-07-28,19.3852,26.6525,5.9472 
2011-07-29,19.3815,26.6993,10.9717 
2011-07-30,17.5220,27.3362,0.0029 
2011-07-31,22.1113,28.9734,0.8335 
2011-08-01,20.9215,27.6624,0.2644 
2011-08-02,17.7094,26.7212,0.0082 
2011-08-03,18.9352,24.6238,5.3970 
2011-08-04,15.9671,25.0079,0.4350 
2011-08-05,19.1570,26.2682,0.0182 
2011-08-06,20.5539,26.8445,1.6568 
2011-08-07,18.9554,26.5811,8.5439 
2011-08-08,17.8155,24.3398,0.2161 
2011-08-09,17.9431,22.7434,18.6821 
2011-08-10,16.5980,21.4133,2.8304 
2011-08-11,13.7617,21.7640,0.2803 
2011-08-12,16.8432,24.3902,0.0206 
2011-08-13,19.7150,24.5133,0.0331 
2011-08-14,18.6460,24.1965,5.9600 
2011-08-15,15.9909,23.3811,3.0758 
2011-08-16,16.3862,25.6873,0.0425 
2011-08-17,19.5535,25.2410,0.5376 
2011-08-18,18.9154,24.8567,0.1582 
2011-08-19,18.3047,25.6980,0.0729 
2011-08-20,20.5141,26.4286,3.6851 
2011-08-21,15.7157,24.2660,9.4320 
2011-08-22,12.5893,18.7793,2.9798 
2011-08-23,14.4213,23.2760,0.0378 
2011-08-24,17.0979,25.7303,4.4659 
2011-08-25,17.0688,25.2886,15.7725 
2011-08-26,15.3319,21.8369,0.0453 
2011-08-27,17.0052,24.1634,0.0433 
2011-08-28,15.2690,21.9784,0.0257 
2011-08-29,13.0040,21.2985,0.0932 
2011-08-30,15.7585,23.3310,0.1155 
2011-08-31,18.5635,22.0737,0.0393 
2011-09-01,17.1468,25.0804,7.2883 
2011-09-02,19.1168,28.6114,0.0937 
2011-09-03,20.8327,28.3466,4.2164 
2011-09-04,20.4698,25.1553,6.2552 
2011-09-05,13.1053,19.5318,3.2192 
2011-09-06,8.7456,15.5056,0.1285 
2011-09-07,11.7579,16.1672,1.6301 
2011-09-08,13.9752,17.9964,1.3226 
2011-09-09,15.5092,23.2038,0.0953 
2011-09-10,15.4860,21.3746,0.0330 
2011-09-11,15.5283,22.4523,0.1093 
2011-09-12,15.8386,24.1350,0.4503 
2011-09-13,18.3121,22.4722,0.5101 
2011-09-14,9.3904,17.1132,0.0849 
2011-09-15,6.6211,12.7664,3.9174 
2011-09-16,6.6131,12.5329,0.0897 
2011-09-17,8.3950,13.8473,0.0065 
2011-09-18,8.5741,16.7464,0.0180 
2011-09-19,11.8041,16.3453,11.1822 
2011-09-20,11.1267,18.2235,9.8684 
2011-09-21,13.3469,19.3464,6.2834 
2011-09-22,13.2790,18.4807,1.2423 
2011-09-23,12.8769,17.1094,8.8198 
2011-09-24,10.7756,17.8547,0.6303 
2011-09-25,13.6200,19.6072,0.0711 
2011-09-26,16.2682,21.3669,0.1813 
2011-09-27,16.1033,19.9503,14.8991 
2011-09-28,14.2432,19.0955,1.2056 
2011-09-29,11.8940,16.0010,2.8080 
2011-09-30,7.3521,13.5970,11.0799 
2011-10-01,4.4825,9.3749,1.4729 
2011-10-02,1.9931,8.3795,2.6891 
2011-10-03,6.9511,11.9693,5.4255 
2011-10-04,8.5539,17.5163,0.3891 
2011-10-05,10.0876,17.3164,0.0069 
2011-10-06,8.9646,16.3321,0.0094 
2011-10-07,11.8431,20.4490,0.0033 
2011-10-08,13.6086,21.8734,0.0093 
2011-10-09,15.4770,23.6321,6.5068e-04 
2011-10-10,16.5739,23.4891,0.0326 
2011-10-11,16.2080,21.5769,0.0199 
2011-10-12,13.0544,16.7079,6.6039 
2011-10-13,12.1520,16.4626,7.7276 
2011-10-14,10.1470,15.6689,24.8995 
2011-10-15,6.4245,9.7250,5.3917 
2011-10-16,7.6489,10.5774,2.3155 
2011-10-17,5.7594,10.1824,0.4325 
2011-10-18,5.1201,11.2710,0.0748 
2011-10-19,6.8080,10.7335,6.7616 
2011-10-20,7.1842,10.0872,37.4309 
2011-10-21,5.6337,7.8022,2.0866 
2011-10-22,4.4506,8.8037,0.1604 
2011-10-23,6.1005,12.9539,0.0167 
2011-10-24,8.5799,10.5590,3.7765 
2011-10-25,3.3388,9.1379,4.0716 
2011-10-26,4.8455,7.1260,8.9669 
2011-10-27,0.9009,4.9732,2.5335 
2011-10-28,-0.1990,6.4007,0.0344 
2011-10-29,2.6292,6.1983,0.2242 
2011-10-30,1.0857,7.7357,0.0593 
2011-10-31,4.0594,7.9514,0.0636 
2011-11-01,4.5633,10.2279,0.3086 
2011-11-02,6.5140,13.4086,5.2052e-04 
2011-11-03,6.3458,11.3286,0.0526 
2011-11-04,0.9637,6.7205,0.0049 
2011-11-05,-0.7611,7.0350,0.0012 
2011-11-06,3.0451,11.1291,8.0715e-04 
2011-11-07,7.7130,14.4809,0.0831 
2011-11-08,9.0480,14.6630,0.8603 
2011-11-09,11.2430,14.9437,5.0764 
2011-11-10,2.7126,13.4003,0.9240 
2011-11-11,-0.4522,3.3762,1.4136 
2011-11-12,0.9283,10.1317,0.2292 
2011-11-13,7.6604,12.7287,0.1477 
2011-11-14,7.7436,13.4668,8.0754 
2011-11-15,4.8847,11.0013,1.4444 
2011-11-16,3.1025,8.3966,0.0426 
2011-11-17,-1.1546,2.5056,0.1869 
2011-11-18,-4.4388,4.2656,0.3353 
2011-11-19,3.3802,8.0738,0.0417 
2011-11-20,3.4836,11.3650,0.6860 
2011-11-21,-5.3974,2.4165,0.0085 
2011-11-22,-3.5844,1.6000,0.0419 
2011-11-23,0.0035,4.8278,13.8278 
2011-11-24,-0.2617,6.7604,0.0191 
2011-11-25,3.1693,10.0617,0.0022 
2011-11-26,6.9462,10.2999,0.1159 
2011-11-27,9.2581,11.6730,13.9306 
2011-11-28,1.0280,7.6950,2.1509 
2011-11-29,2.9690,4.3832,48.9054 
2011-11-30,-1.0215,3.9428,7.2416 
2011-12-01,-1.4198,2.8045,9.2321e-04 
2011-12-02,-1.5681,0.8754,1.2263 
2011-12-03,-2.7214,5.7343,0.2734 
2011-12-04,4.5772,7.1596,9.0256 
2011-12-05,1.8596,8.2283,12.3863 
2011-12-06,-2.7253,1.1827,8.9572 
2011-12-07,-5.5259,-0.4132,0.2053 
2011-12-08,-4.1715,-0.1317,0.2989 
2011-12-09,-3.2521,-1.0949,2.6510 
2011-12-10,-8.6324,-3.8580,0.2527 
2011-12-11,-8.8871,0.2939,0.0107 
2011-12-12,-3.9029,2.5630,1.8618e-04 
2011-12-13,-2.4920,4.0381,0.0012 
2011-12-14,1.3760,4.0915,3.5300 
2011-12-15,4.6947,12.0840,19.3370 
2011-12-16,-0.3542,6.2809,1.6963 
2011-12-17,-8.7903,-0.8638,0.7044 
2011-12-18,-8.8673,-0.8445,1.4850 
2011-12-19,-1.5444,5.0983,0.0777 
2011-12-20,-7.2181,1.7228,0.1854 
2011-12-21,-2.3539,5.8220,5.9936 
2011-12-22,-0.1674,4.7552,0.5087 
2011-12-23,-6.0322,1.5615,1.3970 
2011-12-24,-9.9683,-2.1475,0.0242 
2011-12-25,-2.4015,2.4275,0.3516 
2011-12-26,-1.7262,2.2945,0.6744 
2011-12-27,-0.0124,1.5299,6.4410 
2011-12-28,-8.1678,-0.1864,4.2913 
2011-12-29,-10.4444,-2.5582,2.3946 
2011-12-30,-2.2748,3.3999,2.8722 
2011-12-31,0.5802,4.2025,8.1881 
2012-01-01,-1.1500,5.7234,7.9198 
2012-01-02,-5.8980,0.9163,2.3850 
2012-01-03,-14.4292,-6.5965,0.7827 
2012-01-04,-15.0496,-2.2738,0.0501 
2012-01-05,-2.9017,-0.1114,0.0504 
2012-01-06,-0.8584,5.5395,0.0027 
2012-01-07,-0.1713,4.5366,0.0273 
2012-01-08,-4.5874,-0.7164,0.0891 
2012-01-09,-4.6896,2.0967,0.0175 
2012-01-10,0.2459,2.7864,0.0818 
2012-01-11,-1.6042,5.8059,0.1138 
2012-01-12,1.3113,3.2882,6.0637 
2012-01-13,-5.2842,2.7803,1.9890 
2012-01-14,-11.0780,-5.6916,0.9996 
2012-01-15,-16.0034,-8.6248,0.0282 
2012-01-16,-11.2157,2.9756,0.1553 
2012-01-17,2.3603,8.2607,13.1663 
2012-01-18,-8.0735,0.8002,0.6570 
2012-01-19,-10.0123,-3.6702,4.4483 
2012-01-20,-13.1288,-8.6196,1.7259 
2012-01-21,-10.8121,-5.1960,2.2617 
2012-01-22,-8.8427,-0.9118,0.0099 
2012-01-23,-0.9212,7.1814,7.1704 
2012-01-24,-2.7122,5.8875,0.7847 
2012-01-25,-4.9285,-1.7532,0.3126 
2012-01-26,-5.4622,-0.0851,1.9362 
2012-01-27,-0.8546,1.1991,11.2070 
2012-01-28,-3.8367,-0.2174,4.0291 
2012-01-29,-3.9630,-1.8785,4.1251 
2012-01-30,-8.9503,-3.6089,4.5857 
2012-01-31,-3.6737,6.8833,3.1672 
2012-02-01,-0.0285,7.1650,0.0605 
2012-02-02,-4.2095,-0.0791,0.0013 
2012-02-03,-4.5725,2.6508,0.0081 
2012-02-04,-5.8745,2.3156,0.0226 
2012-02-05,-3.0911,2.3762,0.0022 
2012-02-06,-3.2589,4.3370,0.0062 
2012-02-07,-3.7150,2.8099,0.0430 
2012-02-08,-9.6645,-1.1041,8.6718e-04 
2012-02-09,-6.4329,1.7198,1.6709e-04 
2012-02-10,-6.5992,-0.3003,0.4888 
2012-02-11,-11.2486,-2.0831,7.8078 
2012-02-12,-11.2727,-4.8768,2.4712 
2012-02-13,-7.0919,-1.8442,0.0406 
2012-02-14,-4.9614,-0.4671,0.3073 
2012-02-15,-3.0115,0.8494,0.3793 
2012-02-16,-2.1431,3.0803,2.6356 
2012-02-17,-4.2395,1.0776,0.3348 
2012-02-18,-2.6047,0.4557,5.2800 
2012-02-19,-7.2311,-1.5523,0.0642 
2012-02-20,-9.2774,0.2638,0.0043 
2012-02-21,-4.7413,2.6242,1.4961 
2012-02-22,0.3914,3.6959,2.1807 
2012-02-23,-3.0734,2.9515,0.9190 
2012-02-24,-1.6957,2.4248,9.7130 
2012-02-25,-5.2238,-0.8306,1.3131 
2012-02-26,-8.6568,-1.0808,0.0400 
2012-02-27,-3.3215,3.1475,0.0165 
2012-02-28,-5.0972,0.1063,0.0697 
2012-02-29,-2.8930,0.1932,0.0970 
2012-03-01,-0.5234,1.2464,0.0541 
2012-03-02,-1.6512,7.0808,0.0696 
2012-03-03,-0.6574,8.4275,9.2206 
2012-03-04,-8.5437,-0.4890,1.7734 
2012-03-05,-13.6004,-5.2216,0.0229 
2012-03-06,-9.0996,5.0693,0.1515 
2012-03-07,4.7952,12.2762,0.0027 
2012-03-08,1.3559,13.4330,6.1572 
2012-03-09,-4.9346,0.3996,2.0131 
2012-03-10,-9.6283,-0.4035,0.2826 
2012-03-11,-0.4103,13.0996,2.6998e-04 
2012-03-12,7.3230,11.4185,2.4144 
2012-03-13,8.8647,12.4223,7.6345 
2012-03-14,2.8673,14.9186,0.0355 
2012-03-15,10.2409,20.3625,2.4117 
2012-03-16,11.2473,19.3839,0.5483 
2012-03-17,9.4339,20.6817,0.0182 
2012-03-18,12.5278,19.8290,0.0377 
2012-03-19,13.2750,21.4605,0.0372 
2012-03-20,12.7206,22.9164,0.0017 
2012-03-21,14.9312,24.2251,0.0017 
2012-03-22,14.5470,24.7409,0.0334 
2012-03-23,12.0007,21.3795,0.3087 
2012-03-24,8.0543,13.5048,3.4389 
2012-03-25,6.6262,16.5778,0.9479 
2012-03-26,-4.9170,10.7643,0.0034 
2012-03-27,-6.7347,5.4591,0.0450 
2012-03-28,3.9247,13.7697,0.0780 
2012-03-29,0.1205,7.6658,0.3376 
2012-03-30,-4.2472,3.7567,0.9649 
2012-03-31,-2.1136,7.1254,0.6635 
2012-04-01,-0.4026,7.1072,3.2033 
2012-04-02,-0.7451,10.0853,0.0253 
2012-04-03,1.7631,13.5431,0.0056 
2012-04-04,1.8563,12.7594,0.0112 
2012-04-05,-3.4768,5.9183,7.0215e-04 
2012-04-06,-2.4117,9.7846,1.6986e-04 
2012-04-07,1.1377,12.3677,0.0018 
2012-04-08,5.0138,10.6155,0.0640 
2012-04-09,1.5615,8.6216,0.0380 
2012-04-10,0.1130,7.0637,0.1372 
2012-04-11,-0.0242,7.9684,0.3150 
2012-04-12,0.3000,9.2464,0.0133 
2012-04-13,2.0709,12.2565,0.0201 
2012-04-14,7.3507,15.4582,0.2665 
2012-04-15,11.8138,20.1631,3.3367 
2012-04-16,14.2643,20.7595,0.0137 
2012-04-17,0.7642,15.6137,0.0019 
2012-04-18,-1.4519,11.4547,0.0063 
2012-04-19,6.5881,17.0180,0.0137 
2012-04-20,7.9553,18.6239,0.2116 
2012-04-21,-0.1483,16.6595,7.9109 
2012-04-22,-0.4747,8.2990,0.0446 
2012-04-23,0.6233,7.7203,5.7536 
2012-04-24,-0.2546,4.8964,2.7933 
2012-04-25,2.2407,11.8655,0.0928 
2012-04-26,5.4890,11.2047,0.7706 
2012-04-27,-2.1277,5.4140,0.2323 
2012-04-28,-2.3841,7.0023,3.0359e-04 
2012-04-29,1.2947,11.5989,0.0453 
2012-04-30,2.6889,10.5776,4.8179 
2012-05-01,6.1425,16.0316,5.6437 
2012-05-02,6.6741,21.6559,0.0691 
2012-05-03,12.6260,25.7205,1.1713 
2012-05-04,16.1882,23.7417,12.0493 
2012-05-05,7.2218,18.2173,0.0389 
2012-05-06,7.5669,17.2359,0.0055 
2012-05-07,10.8846,15.4761,0.9475 
2012-05-08,12.2101,17.9872,7.5753 
2012-05-09,10.3368,16.5163,2.6881 
2012-05-10,4.2877,11.9066,0.0572 
2012-05-11,5.4945,17.7507,0.0412 
2012-05-12,12.6079,20.9670,0.0500 
2012-05-13,10.6289,18.5706,0.5974 
2012-05-14,11.9918,20.8254,0.0029 
2012-05-15,15.8054,22.1601,0.0024 
2012-05-16,9.3291,20.9517,1.0809 
2012-05-17,4.3985,15.9890,0.0012 
2012-05-18,10.4175,20.3783,1.8942e-04 
2012-05-19,13.9932,25.9460,0.0016 
2012-05-20,20.9938,28.0309,0.0166 
2012-05-21,18.1440,26.5491,0.1990 
2012-05-22,11.7944,22.7256,0.1509 
2012-05-23,15.1441,22.5938,0.0324 
2012-05-24,16.7929,25.7973,0.0185 
2012-05-25,19.7793,26.4555,0.0606 
2012-05-26,14.8743,23.8365,0.0016 
2012-05-27,15.0214,26.8080,0.7509 
2012-05-28,18.6667,28.7564,0.0547 
2012-05-29,20.1559,27.5397,1.3404 
2012-05-30,13.2320,21.8055,0.0835 
2012-05-31,6.5736,16.2018,0.0014 
2012-06-01,9.3398,15.5740,37.4317 
2012-06-02,7.6420,15.6259,2.6434 
2012-06-03,11.1799,14.4262,5.8468 
2012-06-04,8.1450,14.9416,0.4528 
2012-06-05,8.4042,17.9245,0.4836 
2012-06-06,12.8987,19.1299,7.5101 
2012-06-07,11.2570,21.0758,1.0570 
2012-06-08,13.4196,23.3386,0.0188 
2012-06-09,17.8838,25.7096,6.9082 
2012-06-10,19.5518,28.0125,0.2327 
2012-06-11,20.9209,27.0391,0.0398 
2012-06-12,18.5010,21.0026,6.3695 
2012-06-13,9.2632,19.4843,0.0244 
2012-06-14,13.0372,20.5343,1.0108e-04 
2012-06-15,13.5626,25.5496,0.0159 
2012-06-16,18.7943,25.4048,1.8460e-04 
2012-06-17,19.0488,25.4827,1.1619 
2012-06-18,17.8859,26.8661,1.2219 
2012-06-19,21.2863,30.7238,0.0656 
2012-06-20,23.8869,30.1289,0.0014 
2012-06-21,22.7476,28.8281,3.2428 
2012-06-22,17.7487,21.8851,3.1378 
2012-06-23,13.5740,23.2894,8.3252e-04 
2012-06-24,17.5713,23.3656,0.1788 
2012-06-25,11.8667,18.1179,1.1474 
2012-06-26,11.5816,21.0835,0.0186 
2012-06-27,14.9642,23.2724,0.1978 
2012-06-28,20.6173,28.6812,0.0035 
2012-06-29,19.9666,28.1315,8.0938e-04 
2012-06-30,21.0842,27.9937,0.0024 
2012-07-01,16.2038,26.2718,0.0068 
2012-07-02,19.4197,27.0258,0.0062 
2012-07-03,21.5037,29.1514,0.3519 
2012-07-04,20.4725,29.8467,0.6669 
2012-07-05,20.1202,29.5434,0.0100 
2012-07-06,24.3160,29.8193,0.0040 
2012-07-07,23.5603,28.0327,0.2774 
2012-07-08,17.9241,25.9003,0.0260 
2012-07-09,15.0282,22.8588,0.0147 
2012-07-10,15.8116,24.2859,0.0181 
2012-07-11,17.8104,25.7230,0.0026 
2012-07-12,20.1594,28.4613,2.9733e-05 
2012-07-13,22.5664,29.8513,0.2660 
2012-07-14,20.7301,28.3118,0.1254 
2012-07-15,21.7485,26.5026,1.4735 
2012-07-16,18.0142,28.1218,1.1447 
2012-07-17,23.5413,30.4814,0.0339 
2012-07-18,21.4002,30.0943,0.6650 
2012-07-19,16.8343,25.4396,0.3988 
2012-07-20,16.3156,22.0743,0.9640 
2012-07-21,17.0494,26.0144,0.0176 
2012-07-22,19.8008,27.3859,1.6884 
2012-07-23,20.9101,29.8552,0.4939 
2012-07-24,19.5540,24.2827,0.0442 
2012-07-25,16.6010,24.6627,0.1603 
2012-07-26,20.4958,26.3569,24.2550 
2012-07-27,17.3731,22.2174,2.1727 
2012-07-28,17.5201,24.8817,0.6324 
2012-07-29,15.9178,25.4506,0.0017 
2012-07-30,19.4664,25.8748,0.0000 
2012-07-31,20.0774,26.7780,2.4129 
2012-08-01,16.6186,24.6725,0.4363 
2012-08-02,18.3512,26.4894,0.0291 
2012-08-03,20.6880,27.7718,0.1664 
2012-08-04,21.8859,29.7407,0.0436 
2012-08-05,21.0771,26.9211,7.2754 
2012-08-06,14.3030,23.6905,0.1192 
2012-08-07,16.9951,26.2579,5.0328e-04 
2012-08-08,19.8643,26.4524,0.2695 
2012-08-09,17.9386,24.8801,6.4156 
2012-08-10,15.6547,20.3104,20.5688 
2012-08-11,15.3325,19.7081,9.8750 
2012-08-12,14.6310,20.6829,1.8413 
2012-08-13,17.6791,22.9805,0.0918 
2012-08-14,16.8183,21.6574,7.5788 
2012-08-15,15.4819,22.3885,0.6211 
2012-08-16,17.5152,24.7398,0.1064 
2012-08-17,15.2120,23.3257,2.9796 
2012-08-18,11.7337,19.3166,0.0287 
2012-08-19,16.0768,20.4942,0.0210 
2012-08-20,14.1435,19.7052,0.0184 
2012-08-21,14.5352,20.5118,0.0067 
2012-08-22,16.9774,22.3967,0.0040 
2012-08-23,17.6254,24.1548,0.0035 
2012-08-24,19.5413,26.0110,4.4123e-04 
2012-08-25,20.6402,27.3244,6.1409e-05 
2012-08-26,19.3696,26.2832,0.0254 
2012-08-27,19.5206,24.9959,6.5722 
2012-08-28,15.1925,22.5040,0.0556 
2012-08-29,12.6503,22.2780,0.0104 
2012-08-30,15.3060,24.6720,0.0020 
2012-08-31,18.8925,27.2777,0.0045 
2012-09-01,17.2723,25.3591,0.0197 
2012-09-02,17.5033,24.0030,0.0066 
2012-09-03,17.1688,27.3144,0.0143 
2012-09-04,19.6418,25.6873,18.2611 
2012-09-05,18.2561,24.5180,0.2349 
2012-09-06,16.6853,24.2136,0.0868 
2012-09-07,17.9920,23.9920,0.2030 
2012-09-08,13.3797,22.8585,30.2116 
2012-09-09,11.7101,15.8768,0.6469 
2012-09-10,11.0439,17.3105,0.0313 
2012-09-11,13.7016,20.6992,0.0231 
2012-09-12,15.4562,22.7543,0.0029 
2012-09-13,17.5273,24.5994,0.0091 
2012-09-14,11.8568,22.6845,12.8369 
2012-09-15,10.0136,15.7914,0.0687 
2012-09-16,8.6593,20.8557,0.1040 
2012-09-17,14.3991,20.6205,0.0136 
2012-09-18,11.2412,18.2664,22.9982 
2012-09-19,7.2874,12.7349,0.3903 
2012-09-20,10.0070,16.3167,2.5551 
2012-09-21,13.3984,16.9920,0.4789 
2012-09-22,9.2016,15.0200,12.5578 
2012-09-23,6.5819,9.9334,1.4171 
2012-09-24,4.9890,12.3783,0.4523 
2012-09-25,10.3209,18.3080,0.0050 
2012-09-26,11.7637,17.6034,0.0580 
2012-09-27,7.0563,14.9607,0.0807 
2012-09-28,8.7920,14.7207,0.1016 
2012-09-29,8.5152,14.7513,0.9761 
2012-09-30,8.2197,14.0395,5.6208 
2012-10-01,8.3568,16.3217,0.0242 
2012-10-02,11.5168,17.7454,0.1653 
2012-10-03,12.8785,18.3744,1.3925 
2012-10-04,13.5449,19.6352,0.1939 
2012-10-05,10.2399,18.1324,0.7225 
2012-10-06,5.4628,8.1062,7.4546 
2012-10-07,3.2432,7.5716,0.5748 
2012-10-08,2.9964,8.8904,0.0523 
2012-10-09,5.3654,11.0710,0.1426 
2012-10-10,5.9993,9.7142,3.5930 
2012-10-11,2.0739,10.3061,0.8039 
2012-10-12,1.4808,9.4904,1.7901 
2012-10-13,2.1957,9.9018,2.0671 
2012-10-14,10.2296,17.1082,20.7041 
2012-10-15,5.3129,16.6674,1.3164 
2012-10-16,3.0819,9.2796,0.4845 
2012-10-17,6.2432,15.6515,2.5469 
2012-10-18,10.4700,15.2588,0.6669 
2012-10-19,7.5380,13.6112,0.6311 
2012-10-20,6.8902,10.1554,11.9936 
2012-10-21,6.2581,12.0566,0.2388 
2012-10-22,6.6605,16.1549,0.1724 
2012-10-23,9.6470,14.2563,22.9911 
2012-10-24,7.9873,11.9897,0.8768 
2012-10-25,10.7492,20.3439,0.1882 
2012-10-26,6.8985,18.9560,2.4347 
2012-10-27,3.4370,6.4857,21.9565 
2012-10-28,0.8680,4.4807,5.2894 
2012-10-29,1.6479,4.1477,14.5187 
2012-10-30,3.6833,11.9341,14.9585 
2012-10-31,3.6504,8.6450,7.9407 
2012-11-01,3.1138,5.4834,2.9982 
2012-11-02,-0.1535,3.7286,1.0872 
2012-11-03,-1.3311,2.4043,0.0924 
2012-11-04,-2.8084,2.0670,0.0825 
2012-11-05,-4.2458,1.1430,0.0473 
2012-11-06,-3.5064,2.4012,0.0102 
2012-11-07,-2.2620,3.8371,0.0047 
2012-11-08,-2.6983,4.7267,0.0143 
2012-11-09,0.0594,7.9138,0.0506 
2012-11-10,4.4857,8.2697,0.4898 
2012-11-11,7.8039,14.6679,0.0584 
2012-11-12,3.5916,15.5354,9.0918 
2012-11-13,-2.4042,2.2743,2.1955 
2012-11-14,-2.9031,3.2445,0.0017 
2012-11-15,-0.0556,4.5029,3.7729e-04 
2012-11-16,1.2049,7.7512,3.8411e-04 
2012-11-17,1.4184,7.8307,0.0043 
2012-11-18,1.9975,7.5714,0.0094 
2012-11-19,1.5266,7.5572,0.1468 
2012-11-20,2.7953,8.2347,0.0156 
2012-11-21,3.0837,10.7639,0.0329 
2012-11-22,4.4668,11.6079,0.3135 
2012-11-23,0.7922,9.4355,3.4682 
2012-11-24,-1.9863,0.6718,1.7053 
2012-11-25,-4.0895,-1.4868,0.6647 
2012-11-26,-3.0549,-0.1386,0.2898 
2012-11-27,-4.4346,-0.7984,0.0396 
2012-11-28,-5.4441,-0.0052,0.2492 
2012-11-29,-4.3810,2.7035,0.1668 
2012-11-30,-3.8502,0.9113,0.7181 
2012-12-01,-4.2742,2.7960,0.7258 
2012-12-02,2.2026,9.9188,14.9270 
2012-12-03,-0.7082,8.6206,0.0892 
2012-12-04,7.3875,13.8428,6.5081 
2012-12-05,-2.5430,7.2206,0.1948 
2012-12-06,-6.4790,0.3508,0.0074 
2012-12-07,0.0564,4.0931,0.5633 
2012-12-08,0.4482,3.2340,4.6631 
2012-12-09,-4.6402,-0.1444,2.0557 
2012-12-10,-0.9537,6.0288,6.8257 
2012-12-11,-7.7612,-1.6236,0.4629 
2012-12-12,-5.2614,1.5774,0.2100 
2012-12-13,-2.0291,3.9401,0.0020 
2012-12-14,-1.0963,3.9779,5.7123e-04 
2012-12-15,-3.0921,3.0408,0.2039 
2012-12-16,2.6705,9.0837,9.0088 
2012-12-17,3.9319,8.4977,0.6484 
2012-12-18,0.7852,4.4910,0.5865 
2012-12-19,-0.9381,3.5154,0.0666 
2012-12-20,-0.4607,3.1219,3.5477 
2012-12-21,-0.5490,5.2112,10.1198 
2012-12-22,-3.9049,-0.3382,0.7449 
2012-12-23,-5.0686,-0.9849,0.0825 
2012-12-24,-5.6586,-2.2489,0.0115 
2012-12-25,-4.1190,-0.9422,0.2244 
2012-12-26,-7.1905,-2.3505,1.6454 
2012-12-27,-6.0744,-4.0769,9.8796 
2012-12-28,-8.1115,-3.6987,0.4402 
2012-12-29,-5.7224,-3.7103,4.7060 
2012-12-30,-6.9792,-2.4704,0.3238 
2012-12-31,-6.7371,-0.6087,0.1452 
2013-01-01,-8.0962,-0.7056,0.3119 
2013-01-02,-9.5658,-4.6971,0.6753 
2013-01-03,-9.4235,-3.9194,0.7562 
2013-01-04,-5.2055,-2.9457,0.2213 
2013-01-05,-3.5163,-1.5557,0.1072 
2013-01-06,-2.8219,0.8997,4.0381 
2013-01-07,-8.4926,0.1895,0.3027 
2013-01-08,-4.3906,0.1895,4.2767e-04 
2013-01-09,-2.2959,2.3773,0.0387 
2013-01-10,-2.9960,1.4816,0.0189 
2013-01-11,-1.3567,6.8725,10.8906 
2013-01-12,4.9428,10.7354,0.1857 
2013-01-13,6.2619,13.2047,23.9294 
2013-01-14,-5.6884,5.5342,1.0849 
2013-01-15,-6.6227,-2.5112,0.0482 
2013-01-16,-5.9176,0.0615,0.0123 
2013-01-17,-7.4494,-1.4451,0.7339 
2013-01-18,-10.8039,-4.9419,2.2860 
2013-01-19,-3.7999,3.3550,0.3438 
2013-01-20,-9.0444,4.2525,2.3645 
2013-01-21,-13.2700,-9.2009,1.3766 
2013-01-22,-15.7688,-12.0735,1.2940 
2013-01-23,-16.9264,-12.7297,0.8680 
2013-01-24,-18.7675,-12.4787,0.2991 
2013-01-25,-14.5908,-9.5049,1.7518 
2013-01-26,-11.3828,-4.7770,0.6081 
2013-01-27,-11.1661,-3.5951,0.1336 
2013-01-28,-5.6828,6.0290,10.9686 
2013-01-29,-1.1364,7.7480,16.4294 
2013-01-30,7.8931,13.8262,11.9046 
2013-01-31,-6.9234,10.2340,3.8616 
2013-02-01,-9.7920,-7.0641,5.6590 
2013-02-02,-14.7929,-8.4089,3.1967 
2013-02-03,-13.1531,-9.1566,0.8658 
2013-02-04,-12.0419,-8.3557,1.1089 
2013-02-05,-12.9377,-6.5865,0.2060 
2013-02-06,-10.0594,-5.6320,0.8791 
2013-02-07,-8.8772,-4.2013,2.8758 
2013-02-08,-7.7745,-2.9185,29.5509 
2013-02-09,-12.0594,-4.8541,1.0228 
2013-02-10,-9.0700,-2.3378,4.0646e-05 
2013-02-11,-2.8030,7.1477,3.5218 
2013-02-12,-3.5999,-0.3306,0.8078 
2013-02-13,-6.1934,-1.0457,0.1116 
2013-02-14,-6.5339,0.6443,1.4552 
2013-02-15,-5.9789,1.5546,2.4041 
2013-02-16,-8.9112,-5.2638,1.2765 
2013-02-17,-15.3571,-6.6943,0.3673 
2013-02-18,-13.7723,-1.9361,0.0243 
2013-02-19,-4.2347,2.3651,9.7470 
2013-02-20,-9.3760,-4.5317,1.4271 
2013-02-21,-13.0264,-6.7682,0.4816 
2013-02-22,-10.8372,-1.4479,0.6666 
2013-02-23,-1.9024,1.3451,1.5526 
2013-02-24,-6.3091,-1.3348,2.1621 
2013-02-25,-5.9814,0.3727,0.0150 
2013-02-26,-4.6776,1.6900,0.1106 
2013-02-27,-0.9573,0.2839,17.5439 
2013-02-28,-1.2603,0.9012,5.5753 
2013-03-01,-5.2540,-1.3504,0.0731 
2013-03-02,-10.7402,-5.2370,0.0874 
2013-03-03,-9.9114,-5.9763,0.2127 
2013-03-04,-8.6999,-3.3529,0.1065 
2013-03-05,-9.7669,-1.1960,0.0083 
2013-03-06,-3.3774,2.1320,0.0778 
2013-03-07,-1.7459,1.1084,2.1651 
2013-03-08,-2.6908,2.8296,0.1226 
2013-03-09,-1.8256,2.9738,0.0040 
2013-03-10,-0.1720,7.0430,0.0082 
2013-03-11,4.8790,6.8306,11.2825 
2013-03-12,0.4452,6.3347,6.4164 
2013-03-13,-5.6954,0.0316,2.4898 
2013-03-14,-9.4577,-2.4787,0.6943 
2013-03-15,-6.2057,0.4401,0.4183 
2013-03-16,-7.4065,-3.1023,0.6810 
2013-03-17,-10.0391,-2.5608,0.1562 
2013-03-18,-9.4490,-0.3540,1.2699 
2013-03-19,-4.5309,2.7423,4.0447 
2013-03-20,-6.3736,-3.8854,2.4469 
2013-03-21,-11.1209,-1.9265,0.8893 
2013-03-22,-5.0186,-1.0123,0.5869 
2013-03-23,-5.9674,0.9838,0.0621 
2013-03-24,-5.9792,1.2029,2.0335e-04 
2013-03-25,-2.4415,1.9441,0.0055 
2013-03-26,-1.2575,5.0719,9.9475e-04 
2013-03-27,-2.4574,2.8963,0.0829 
2013-03-28,-1.0657,4.8400,0.4406 
2013-03-29,-1.8915,7.2537,0.0123 
2013-03-30,0.6114,7.9728,0.0062 
2013-03-31,2.6822,8.1227,0.1386 
2013-04-01,-4.3348,7.7204,2.3310 
2013-04-02,-6.5599,-1.6111,0.5797 
2013-04-03,-6.9094,-0.1535,0.3940 
2013-04-04,-5.6869,7.0418,2.1633e-04 
2013-04-05,-2.7282,5.7486,0.0114 
2013-04-06,-4.9627,3.9435,0.0039 
2013-04-07,3.6218,10.3482,0.6016 
2013-04-08,-0.0383,9.4405,7.4713 
2013-04-09,2.8957,12.4615,15.5361 
2013-04-10,3.1479,9.3598,28.1515 
2013-04-11,-2.3277,2.9408,8.0835 
2013-04-12,-1.8591,5.5280,17.4228 
2013-04-13,0.9729,3.9443,1.7994 
2013-04-14,-2.4022,6.8961,1.2163 
2013-04-15,0.9562,17.7034,0.0123 
2013-04-16,8.4459,16.6097,1.6554 
2013-04-17,1.2005,10.0369,0.0755 
2013-04-18,5.8884,21.8944,17.4836 
2013-04-19,5.5387,20.7062,8.1509 
2013-04-20,-2.0597,4.8895,0.8565 
2013-04-21,-3.8796,5.7411,0.0510 
2013-04-22,-1.1290,11.8104,0.0054 
2013-04-23,3.8721,15.4516,0.0038 
2013-04-24,1.2929,14.8696,10.1372 
2013-04-25,-1.7023,7.0776,2.0737 
2013-04-26,1.7744,10.5614,0.6363 
2013-04-27,5.5500,17.6149,0.0415 
2013-04-28,7.5168,18.4657,2.0656 
2013-04-29,9.9232,15.6226,6.5145 
2013-04-30,10.6324,20.1362,0.1068 
2013-05-01,13.2598,22.1522,0.0266 
2013-05-02,11.8496,21.0267,0.0155 
2013-05-03,12.3260,21.0473,0.0021 
2013-05-04,12.0208,19.0860,1.8090e-05 
2013-05-05,12.2294,20.4581,0.0051 
2013-05-06,12.9637,20.5610,1.0221e-05 
2013-05-07,14.3895,22.3505,0.0126 
2013-05-08,15.4242,22.2550,0.2212 
2013-05-09,14.3182,22.2239,0.7641 
2013-05-10,11.2857,21.0691,12.5797 
2013-05-11,4.8611,14.6747,1.5779 
2013-05-12,1.6884,11.8887,2.1843 
2013-05-13,-0.4664,6.1304,0.4662 
2013-05-14,3.3705,10.2725,0.1103 
2013-05-15,7.7167,18.8330,0.5281 
2013-05-16,11.5501,17.6081,8.5738e-04 
2013-05-17,8.0116,14.7319,1.5822e-06 
2013-05-18,11.6224,17.0910,0.0063 
2013-05-19,12.5041,24.6272,0.0682 
2013-05-20,16.2124,26.1808,0.1334 
2013-05-21,19.2268,25.9528,11.2924 
2013-05-22,17.4919,25.2759,7.3852 
2013-05-23,6.9619,23.6306,2.5526 
2013-05-24,1.2895,8.6244,3.3604 
2013-05-25,1.4107,11.4945,0.0029 
2013-05-26,3.3148,14.1521,0.0178 
2013-05-27,8.2493,17.6407,0.0211 
2013-05-28,10.5915,17.9255,14.0589 
2013-05-29,16.6430,23.5110,23.1839 
2013-05-30,17.5856,26.4327,1.3563 
2013-05-31,19.7085,26.4717,2.6254 
2013-06-01,18.8726,25.1264,8.1137 
2013-06-02,15.3420,19.9935,11.1634 
2013-06-03,4.0171,14.3301,0.0030 
2013-06-04,5.0901,17.3432,6.0990e-05 
2013-06-05,9.9762,17.0388,0.0025 
2013-06-06,10.1900,15.1512,2.6416 
2013-06-07,11.3860,17.1158,2.5553 
2013-06-08,12.4035,17.5628,0.1507 
2013-06-09,12.8968,22.0266,0.0059 
2013-06-10,14.9789,21.0074,15.1239 
2013-06-11,15.3642,20.8742,9.4163 
2013-06-12,14.1230,21.6004,2.4513 
2013-06-13,13.9771,21.2229,9.2962 
2013-06-14,11.0635,19.7521,0.4078 
2013-06-15,11.7736,21.4550,0.0090 
2013-06-16,15.7039,21.5744,8.5069 
2013-06-17,15.2723,22.2083,0.6377 
2013-06-18,12.8385,20.7693,0.1344 
2013-06-19,9.1247,18.7330,0.0068 
2013-06-20,14.3372,22.0396,0.0051 
2013-06-21,17.3899,25.0282,0.0194 
2013-06-22,18.5987,27.5290,2.7659 
2013-06-23,19.4304,27.8378,1.1623 
2013-06-24,21.3316,27.5771,0.0021 
2013-06-25,21.0062,27.0804,4.5454 
2013-06-26,19.1771,26.5340,0.1938 
2013-06-27,20.4009,26.2856,1.4172 
2013-06-28,16.5903,24.7861,28.5953 
2013-06-29,15.5314,20.9695,0.7330 
2013-06-30,14.3668,20.9932,0.0280 
2013-07-01,15.8242,20.5012,0.0633 
2013-07-02,14.7334,22.9267,0.0314 
2013-07-03,17.7132,25.8716,1.2459 
2013-07-04,18.7176,25.4196,7.6352 
2013-07-05,19.3529,22.9357,11.5126 
2013-07-06,19.0080,26.0324,2.2022 
2013-07-07,19.3512,25.4228,12.9088 
2013-07-08,19.0865,25.9045,6.4142 
2013-07-09,19.7068,24.6764,7.5048 
2013-07-10,20.1280,25.7731,2.0995 
2013-07-11,14.0372,22.3611,0.0566 
2013-07-12,15.5402,23.7399,0.0023 
2013-07-13,16.8079,25.0722,4.0259e-04 
2013-07-14,20.1929,27.9182,0.0208 
2013-07-15,23.3939,29.2418,0.0177 
2013-07-16,24.1793,30.5711,0.0284 
2013-07-17,23.1132,30.1379,0.0309 
2013-07-18,23.1247,30.1872,0.0759 
2013-07-19,24.3587,30.3250,2.1656 
2013-07-20,20.0278,26.8793,18.3533 
2013-07-21,14.4674,23.2834,0.0079 
2013-07-22,16.4793,23.3982,5.7521e-04 
2013-07-23,17.8430,23.7992,0.2659 
2013-07-24,10.4622,19.1498,0.0464 
2013-07-25,13.7889,20.4223,0.0042 
2013-07-26,15.3011,21.8815,0.0139 
2013-07-27,17.5238,21.1247,4.4440 
2013-07-28,14.0931,18.4649,10.1931 
2013-07-29,10.8616,16.8904,0.9993 
2013-07-30,14.1647,21.3532,0.0347 
2013-07-31,16.5006,21.6931,3.3743 
2013-08-01,16.2770,21.1347,33.1985 
2013-08-02,13.7524,21.3708,1.7861 
2013-08-03,13.3234,20.3363,3.2428 
2013-08-04,12.0928,18.8204,0.0325 
2013-08-05,11.9617,19.8940,0.0963 
2013-08-06,15.8194,22.5000,0.2229 
2013-08-07,16.7964,23.8441,6.3901 
2013-08-08,16.0109,23.0680,3.6096 
2013-08-09,15.5963,22.5467,1.1319 
2013-08-10,12.7358,20.6029,0.0191 
2013-08-11,14.4622,20.3839,0.0181 
2013-08-12,16.6581,21.5091,0.3057 
2013-08-13,14.1405,18.1802,2.2366 
2013-08-14,10.5867,17.3870,0.1634 
2013-08-15,12.4916,18.6823,0.0081 
2013-08-16,15.4894,22.4543,1.1841e-04 
2013-08-17,16.2092,24.0492,0.0104 
2013-08-18,17.4815,24.4291,0.0040 
2013-08-19,18.1312,24.0999,0.0279 
2013-08-20,17.7192,25.3606,0.0030 
2013-08-21,19.1935,26.4862,0.0119 
2013-08-22,20.0286,25.8624,0.9150 
2013-08-23,15.6186,23.7381,0.0505 
2013-08-24,15.9090,22.6469,0.0349 
2013-08-25,17.4378,24.4903,0.0637 
2013-08-26,20.4768,26.9787,7.5646 
2013-08-27,20.6189,26.4103,1.7113 
2013-08-28,19.3541,25.3361,2.6148 
2013-08-29,20.5509,26.5392,0.2273 
2013-08-30,20.6823,26.2655,0.4314 
2013-08-31,18.8418,23.5254,5.0170 
2013-09-01,18.2312,22.7935,2.5158 
2013-09-02,17.1438,20.8724,2.5051 
2013-09-03,13.6593,18.5524,0.6047 
2013-09-04,13.1455,21.0084,0.0608 
2013-09-05,10.1526,18.9516,0.2085 
2013-09-06,8.3607,18.2975,0.0589 
2013-09-07,13.1387,18.4732,17.5913 
2013-09-08,12.2754,18.7499,0.2402 
2013-09-09,12.2501,21.4310,0.0156 
2013-09-10,20.2337,29.3677,0.2824 
2013-09-11,22.8897,28.2263,1.0517 
2013-09-12,17.6143,26.5473,11.9193 
2013-09-13,8.9886,16.4266,0.2544 
2013-09-14,5.3998,15.4372,0.0145 
2013-09-15,10.3843,16.3704,0.2770 
2013-09-16,8.9129,12.6203,1.3257 
2013-09-17,6.8793,14.7019,0.0247 
2013-09-18,11.2346,19.2699,0.0033 
2013-09-19,13.6314,22.4538,0.0486 
2013-09-20,16.0460,23.2959,1.9791 
2013-09-21,13.5333,21.4365,63.2748 
2013-09-22,6.8642,12.4500,0.1665 
2013-09-23,5.4915,13.9278,0.0020 
2013-09-24,7.2699,16.6151,0.0182 
2013-09-25,10.7741,18.5847,2.5587e-04 
2013-09-26,13.5299,19.6461,7.2677e-04 
2013-09-27,11.8378,18.0140,0.0062 
2013-09-28,10.5844,19.8990,0.0145 
2013-09-29,13.4395,19.7214,0.1152 
2013-09-30,15.0379,18.0103,2.5425 
2013-10-01,13.9113,20.9462,0.1164 
2013-10-02,14.8820,19.7367,0.0261 
2013-10-03,13.6484,19.6453,0.0322 
2013-10-04,14.0521,21.5499,14.0988 
2013-10-05,13.4888,19.7094,3.6178 
2013-10-06,12.4858,21.2872,4.6563 
2013-10-07,9.0486,20.9429,30.1690 
2013-10-08,8.6748,14.9416,0.2757 
2013-10-09,10.8834,16.6576,0.0031 
2013-10-10,9.9887,17.0930,0.0558 
2013-10-11,10.2042,17.4640,0.0226 
2013-10-12,10.4158,18.6845,0.1033 
2013-10-13,14.0565,17.2354,4.3925 
2013-10-14,6.7134,14.0769,0.3595 
2013-10-15,9.0382,16.0817,0.0264 
2013-10-16,13.1491,16.1824,8.6226 
2013-10-17,8.0334,12.3524,7.1522 
2013-10-18,6.6438,12.0482,2.7816 
2013-10-19,5.7082,10.7098,8.7018 
2013-10-20,2.7602,9.6789,0.7005 
2013-10-21,6.9152,10.5304,6.3594 
2013-10-22,1.1608,9.4590,4.5598 
2013-10-23,1.3954,4.9469,1.6794 
2013-10-24,0.5918,4.8296,2.9119 
2013-10-25,2.1166,5.3687,2.7686 
2013-10-26,1.6034,5.4931,15.0090 
2013-10-27,1.6262,5.5443,1.4458 
2013-10-28,2.7607,4.9871,0.0605 
2013-10-29,-2.6627,5.8800,0.0395 
2013-10-30,3.0337,11.2438,0.7916 
2013-10-31,7.0352,14.9725,24.2871 
2013-11-01,7.6890,15.2542,12.3265 
2013-11-02,2.7243,7.4739,2.9520 
2013-11-03,-5.0695,2.2836,0.0117 
2013-11-04,-2.1284,2.9947,0.0070 
2013-11-05,2.7760,11.8829,0.0478 
2013-11-06,7.0197,12.2793,5.9620 
2013-11-07,1.8163,12.2091,7.7412 
2013-11-08,-0.1893,3.2356,3.3850 
2013-11-09,0.2070,7.1858,0.4057 
2013-11-10,3.0339,7.7609,2.7537 
2013-11-11,-1.7332,3.5155,2.9080 
2013-11-12,-6.3581,-1.6021,0.3602 
2013-11-13,-5.1046,0.7747,0.3504 
2013-11-14,-1.7453,4.9285,9.0786e-04 
2013-11-15,2.2115,7.2381,2.1570e-05 
2013-11-16,1.7552,10.7653,0.0678 
2013-11-17,10.0977,14.2003,5.1067 
2013-11-18,1.3918,14.3952,9.2632 
2013-11-19,-1.2711,1.8237,0.2710 
2013-11-20,-5.4744,2.8610,7.2792e-04 
2013-11-21,0.6562,6.3267,0.1268 
2013-11-22,0.6103,6.5401,7.1072 
2013-11-23,-7.4293,-0.3019,1.6087 
2013-11-24,-11.4032,-6.5057,0.7373 
2013-11-25,-9.3570,-1.1965,0.5282 
2013-11-26,-3.0523,0.1577,1.0951 
2013-11-27,-4.9558,-0.8879,1.3596 
2013-11-28,-9.0382,-4.8395,0.3210 
2013-11-29,-9.4851,-3.9014,0.5284 
2013-11-30,-8.3701,0.9742,0.0340 
2013-12-01,0.2544,2.4629,0.5375 
2013-12-02,-1.6968,1.4324,0.0690 
2013-12-03,-6.3923,0.8721,0.0630 
2013-12-04,-1.0650,3.6283,1.4623 
2013-12-05,0.8115,11.5903,1.8359 
2013-12-06,-4.4980,-0.0033,0.0198 
2013-12-07,-7.2525,-4.5626,0.1871 
2013-12-08,-9.4885,-4.9266,0.1464 
2013-12-09,-5.3423,0.8276,3.0146 
2013-12-10,-10.6175,-3.3754,1.0724 
2013-12-11,-9.1089,-7.0936,2.7621 
2013-12-12,-15.0362,-9.1799,2.1680 
2013-12-13,-9.4292,-5.8742,2.3053 
2013-12-14,-15.2850,-7.8947,6.7767 
2013-12-15,-11.6735,-5.1171,8.8246 
2013-12-16,-13.2601,-7.5746,3.7305 
2013-12-17,-13.1710,-6.5268,4.4647 
2013-12-18,-6.7205,-3.3404,1.3878 
2013-12-19,-5.2056,1.8165,0.3127 
2013-12-20,-1.3677,2.9057,10.0208 
2013-12-21,-0.5078,2.2316,9.6148 
2013-12-22,-2.5852,4.5475,20.5464 
2013-12-23,-5.5800,1.0997,0.4598 
2013-12-24,-11.9319,-6.1078,1.2463 
2013-12-25,-14.3247,-6.6869,2.2643 
2013-12-26,-6.4994,-3.2815,4.3395 
2013-12-27,-9.1157,-2.9155,0.9180 
2013-12-28,-3.3295,2.4934,0.0393 
2013-12-29,0.0300,2.9637,0.0412 
2013-12-30,-11.9893,-1.0570,0.3329 
2013-12-31,-12.3062,-9.8114,2.5020 
2014-01-01,-13.4782,-9.9953,0.4472 
2014-01-02,-17.5247,-11.9451,2.8514 
2014-01-03,-21.0223,-15.1858,0.4430 
2014-01-04,-15.3815,-3.6566,0.2669 
2014-01-05,-4.2844,-1.4447,9.9622 
2014-01-06,-14.6867,2.2571,14.9816 
2014-01-07,-20.0268,-14.1316,1.5728 
2014-01-08,-18.4822,-12.5518,0.6818 
2014-01-09,-15.8746,-9.1835,0.2392 
2014-01-10,-10.2274,1.9464,3.9178 
2014-01-11,1.0413,7.1690,19.1088 
2014-01-12,-1.7291,0.6062,1.0475 
2014-01-13,-1.5690,3.7242,0.0204 
2014-01-14,-2.1197,2.9945,0.3068 
2014-01-15,-6.6179,-1.7148,1.0017 
2014-01-16,-8.6938,-4.5919,1.1626 
2014-01-17,-4.4785,-1.8488,5.1042 
2014-01-18,-8.5182,-3.4645,2.4965 
2014-01-19,-10.7322,-4.5522,1.0590 
2014-01-20,-12.7244,-4.5481,1.5025 
2014-01-21,-20.0641,-13.5228,0.0046 
2014-01-22,-22.0206,-15.5326,0.1422 
2014-01-23,-17.6688,-15.3477,1.2304 
2014-01-24,-18.9530,-14.3226,0.7720 
2014-01-25,-14.1082,-5.2800,10.2379 
2014-01-26,-17.0409,-10.4318,2.6408 
2014-01-27,-15.4240,-6.6077,4.6944 
2014-01-28,-19.3652,-15.8781,0.2021 
2014-01-29,-21.1502,-12.2946,0.1494 
2014-01-30,-15.2713,-6.5979,0.0407 
2014-01-31,-6.2521,-3.4112,2.4509 
2014-02-01,-6.0159,-0.2127,9.9233 
2014-02-02,-6.9204,0.1575,5.3742 
2014-02-03,-12.3571,-7.5584,0.1244 
2014-02-04,-11.9687,-7.2663,0.0149 
2014-02-05,-9.4258,-7.2477,15.4146 
2014-02-06,-17.3514,-10.3910,0.6986 
2014-02-07,-14.6243,-10.4285,0.6509 
2014-02-08,-18.1417,-12.1412,0.2901 
2014-02-09,-13.8010,-9.8137,3.0190 
2014-02-10,-12.9235,-10.2512,0.5370 
2014-02-11,-17.3317,-12.6695,0.0647 
2014-02-12,-15.8556,-10.0375,0.0069 
2014-02-13,-10.4180,-5.6663,0.0074 
2014-02-14,-10.1121,-3.8331,0.5277 
2014-02-15,-10.3003,-4.7530,0.6938 
2014-02-16,-14.5816,-10.0717,1.9282 
2014-02-17,-16.3893,-9.5147,0.0203 
2014-02-18,-9.1549,-3.8138,8.8695 
2014-02-19,-5.9695,1.0263,0.0751 
2014-02-20,-3.8612,0.8430,4.3829 
2014-02-21,-1.3745,4.7805,9.3711 
2014-02-22,-4.3253,-1.8827,0.1137 
2014-02-23,-8.9604,-3.2585,0.1068 
2014-02-24,-11.5294,-7.9308,1.1228 
2014-02-25,-13.5497,-8.8084,0.6602 
2014-02-26,-17.7014,-8.7965,1.2557 
2014-02-27,-17.8624,-13.2194,1.6855 
2014-02-28,-23.1316,-12.9709,0.3145 
2014-03-01,-14.4863,-3.6416,0.5464 
2014-03-02,-17.2527,-9.6833,5.3244 
2014-03-03,-21.8065,-14.9504,0.0098 
2014-03-04,-18.6706,-10.8076,1.6988 
2014-03-05,-12.1091,-7.9576,1.2092 
2014-03-06,-15.8950,-6.5271,0.2478 
2014-03-07,-9.0385,1.9729,5.7202e-04 
2014-03-08,-4.2454,0.2681,0.0229 
2014-03-09,-13.9731,-3.7160,0.0238 
2014-03-10,-3.8648,3.1585,0.0197 
2014-03-11,1.2824,4.7152,0.0029 
2014-03-12,-10.7498,1.7279,15.4692 
2014-03-13,-18.9232,-9.9733,0.0860 
2014-03-14,-10.2384,4.3928,0.0493 
2014-03-15,-6.5533,4.0447,0.5203 
2014-03-16,-16.3693,-7.6855,0.0552 
2014-03-17,-17.1124,-6.5050,0.0026 
2014-03-18,-10.6241,2.3152,0.0097 
2014-03-19,-1.5265,4.7667,2.3713 
2014-03-20,-2.2696,4.6008,2.5870 
2014-03-21,-8.8405,0.3273,0.1944 
2014-03-22,-1.7200,0.1222,3.8415 
2014-03-23,-13.2915,-2.8966,0.0701 
2014-03-24,-15.7231,-6.2487,0.1177 
2014-03-25,-9.4317,-3.6771,0.5484 
2014-03-26,-15.7790,-6.2248,0.0097 
2014-03-27,-10.6194,1.5892,1.0679 
2014-03-28,0.9469,6.7391,6.3622 
2014-03-29,-4.1072,0.7153,0.0674 
2014-03-30,-3.8398,4.9093,0.4020 
2014-03-31,-1.5381,6.7660,1.7344e-07 
2014-04-01,1.2317,8.3201,0.0402 
2014-04-02,-3.4103,4.3581,0.0247 
2014-04-03,-6.1917,2.7442,0.0029 
2014-04-04,-1.4166,9.3094,9.1472 
2014-04-05,-3.8323,8.0449,1.9154 
2014-04-06,-3.0617,8.1822,0.0016 
2014-04-07,2.5660,7.4134,2.2014 
2014-04-08,-0.5845,9.4967,9.4601 
2014-04-09,-0.2361,7.3170,0.0274 
2014-04-10,1.8288,14.0707,0.1384 
2014-04-11,4.7358,12.1023,0.2986 
2014-04-12,6.1748,14.2276,0.1968 
2014-04-13,6.8958,18.8399,14.2932 
2014-04-14,8.3131,17.1787,6.7122 
2014-04-15,-7.0218,6.5082,11.2632 
2014-04-16,-9.2921,2.3396,0.0071 
2014-04-17,-3.6565,10.6247,0.1062 
2014-04-18,4.5474,11.6992,0.5679 
2014-04-19,-2.7249,9.3115,0.0107 
2014-04-20,1.1220,16.1065,6.4609e-06 
2014-04-21,9.8182,19.3704,0.0039 
2014-04-22,5.5323,17.8300,5.0041 
2014-04-23,1.3189,6.9685,0.0597 
2014-04-24,-1.2870,10.4895,0.0073 
2014-04-25,3.6129,10.2773,6.2301 
2014-04-26,1.1388,7.2828,0.7257 
2014-04-27,-1.5848,10.6732,0.0194 
2014-04-28,2.0365,10.2423,0.0209 
2014-04-29,6.5106,10.6137,22.6234 
2014-04-30,6.9292,10.4979,6.3049 
2014-05-01,7.9183,11.0368,3.2532 
2014-05-02,4.6373,10.7810,1.2430 
2014-05-03,5.8340,10.5581,6.1707 
2014-05-04,2.7476,8.7663,0.4740 
2014-05-05,2.2572,11.1991,0.0048 
2014-05-06,2.6308,13.5303,0.0017 
2014-05-07,6.1360,12.8146,0.0303 
2014-05-08,7.5826,20.1334,1.6188 
2014-05-09,12.4043,22.9308,0.1019 
2014-05-10,12.1320,18.0907,1.6974 
2014-05-11,9.0951,20.9071,0.0021 
2014-05-12,15.5285,23.9204,0.6229 
2014-05-13,17.2640,25.8501,17.3626 
2014-05-14,14.6611,24.3759,10.4240 
2014-05-15,12.6159,18.2657,15.5182 
2014-05-16,2.0418,12.1390,1.8793 
2014-05-17,2.2210,9.7990,0.0634 
2014-05-18,4.7534,14.4695,0.0500 
2014-05-19,7.7835,17.9015,0.0651 
2014-05-20,12.7156,17.0787,7.1133 
2014-05-21,10.8902,22.2082,6.5534 
2014-05-22,11.8537,21.3196,1.7270 
2014-05-23,6.9048,16.7645,0.2216 
2014-05-24,9.6966,20.7404,0.0294 
2014-05-25,14.9486,22.8419,0.0056 
2014-05-26,16.3313,25.2547,4.2833e-04 
2014-05-27,19.1859,25.4113,0.2506 
2014-05-28,13.0334,23.5479,0.1102 
2014-05-29,8.6796,19.8423,4.9125e-04 
2014-05-30,13.6835,20.9405,0.0218 
2014-05-31,13.0805,20.5044,0.0202 
2014-06-01,12.7569,23.4596,5.4611e-04 
2014-06-02,17.3212,26.4403,0.6683 
2014-06-03,17.7382,25.7452,11.3995 
2014-06-04,14.2148,20.5958,0.0066 
2014-06-05,8.3411,17.2317,0.0018 
2014-06-06,10.4482,20.9948,0.0292 
2014-06-07,14.8482,23.3723,0.0170 
2014-06-08,18.4502,22.4741,4.7127 
2014-06-09,13.2895,22.2989,0.3969 
2014-06-10,18.1364,23.2982,0.0501 
2014-06-11,16.4696,24.3348,1.7433 
2014-06-12,17.2857,22.4181,7.2883 
2014-06-13,16.5433,20.1104,2.4478 
2014-06-14,7.0955,17.9257,0.0121 
2014-06-15,11.6104,20.9578,0.0692 
2014-06-16,14.0899,25.0875,0.3116 
2014-06-17,20.3295,27.1105,9.2419 
2014-06-18,14.3072,24.5903,1.2953 
2014-06-19,16.1310,21.6494,0.5769 
2014-06-20,13.4649,20.6259,0.0139 
2014-06-21,14.4970,22.0669,0.0364 
2014-06-22,17.1846,23.3505,0.0618 
2014-06-23,17.2322,26.0546,2.3353 
2014-06-24,18.8311,25.3466,17.7521 
2014-06-25,17.2138,21.8086,0.7071 
2014-06-26,15.8343,21.1986,1.0275 
2014-06-27,19.1786,25.0796,0.0386 
2014-06-28,19.0546,27.2464,0.0096 
2014-06-29,20.1653,26.6928,3.7672 
2014-06-30,20.2461,26.7659,1.4316 
2014-07-01,21.8949,26.1195,1.6513 
2014-07-02,18.2950,25.5311,2.0200 
2014-07-03,14.1719,20.6210,1.0448 
2014-07-04,9.8063,19.2532,0.0240 
2014-07-05,12.8948,22.4903,0.0251 
2014-07-06,15.3486,24.4551,0.0308 
2014-07-07,20.9465,24.0736,28.4674 
2014-07-08,17.6055,23.5035,21.4168 
2014-07-09,12.7920,18.8736,0.2472 
2014-07-10,12.8645,19.4367,0.0417 
2014-07-11,15.2735,23.8681,0.0617 
2014-07-12,18.9537,25.1064,0.0667 
2014-07-13,18.6597,24.6686,6.6427 
2014-07-14,16.4675,23.6605,0.4645 
2014-07-15,15.0141,19.3359,5.4574 
2014-07-16,12.8460,17.0366,0.8578 
2014-07-17,11.7123,19.8528,0.0686 
2014-07-18,15.5028,22.3097,0.1355 
2014-07-19,16.1998,22.0019,1.9566 
2014-07-20,16.2369,21.7095,2.5525 
2014-07-21,18.6108,25.0728,0.1168 
2014-07-22,20.7895,26.4420,0.0162 
2014-07-23,16.2417,25.7056,2.2817 
2014-07-24,13.5500,19.8699,1.9675e-04 
2014-07-25,14.3586,20.9075,0.0172 
2014-07-26,16.5579,22.6548,0.1010 
2014-07-27,18.0167,24.0778,0.3427 
2014-07-28,14.1543,22.5276,49.8117 
2014-07-29,9.9048,18.1949,0.1209 
2014-07-30,13.0592,19.0920,2.1061 
2014-07-31,14.0222,20.8630,0.8521 
2014-08-01,15.9810,23.7685,0.5915 
2014-08-02,17.6489,24.2484,0.7535 
2014-08-03,18.5671,23.9589,0.4299 
2014-08-04,18.1915,24.1275,1.6839 
2014-08-05,17.1801,22.9101,3.8262 
2014-08-06,15.2086,22.0254,0.0906 
2014-08-07,14.6935,22.3162,0.0105 
2014-08-08,16.0377,22.4261,0.0498 
2014-08-09,16.9862,22.9063,0.0600 
2014-08-10,17.8615,24.7105,0.0446 
2014-08-11,17.9784,24.2985,0.2472 
2014-08-12,17.5568,22.2510,21.1903 
2014-08-13,14.5944,17.8451,0.3406 
2014-08-14,10.9563,16.4171,0.0857 
2014-08-15,10.2519,19.2187,0.0675 
2014-08-16,12.5934,19.9786,2.4956 
2014-08-17,13.5805,21.2138,0.3351 
2014-08-18,12.9938,20.3938,0.0758 
2014-08-19,14.0936,23.2808,0.0739 
2014-08-20,17.5494,22.1512,11.2071 
2014-08-21,17.5464,23.3307,0.8814 
2014-08-22,16.7025,24.0549,0.0787 
2014-08-23,16.6719,23.0902,0.0832 
2014-08-24,17.2429,22.3978,0.0408 
2014-08-25,17.7130,24.2392,0.0427 
2014-08-26,18.3384,27.1369,0.0099 
2014-08-27,13.9165,26.0887,0.0013 
2014-08-28,10.9990,19.2362,1.8806e-04 
2014-08-29,13.8463,21.0050,0.0511 
2014-08-30,17.9695,27.2661,0.0320 
2014-08-31,19.5325,25.7912,0.3425 
2014-09-01,19.3221,25.3650,0.5833 
2014-09-02,18.8800,22.7831,15.4302 
2014-09-03,17.1084,23.4818,0.1905 
2014-09-04,18.8526,25.4786,0.0144 
2014-09-05,19.9162,27.6977,6.0935 
2014-09-06,14.6527,26.6405,39.8472 
2014-09-07,11.3011,19.6389,0.1460 
2014-09-08,15.1399,21.1949,0.1215 
2014-09-09,16.2833,19.5008,0.1830 
2014-09-10,16.4091,22.5793,23.6856 
2014-09-11,13.1026,20.9539,21.5279 
2014-09-12,6.7185,12.9196,0.3055 
2014-09-13,7.7167,12.3107,3.9516 
2014-09-14,6.4022,12.6702,0.1840 
2014-09-15,9.6431,15.0807,0.2811 
2014-09-16,8.0827,14.7969,1.5393 
2014-09-17,10.0992,15.9353,0.0105 
2014-09-18,7.3917,14.2049,0.0375 
2014-09-19,4.7709,14.4463,0.0182 
2014-09-20,12.5186,21.1953,0.0408 
2014-09-21,12.7540,19.9610,12.6656 
2014-09-22,6.8489,11.7249,0.2702 
2014-09-23,7.9344,18.1958,0.0076 
2014-09-24,12.3049,20.3839,0.0573 
2014-09-25,13.7116,20.2011,0.0269 
2014-09-26,14.1720,21.3496,0.0530 
2014-09-27,15.2032,22.6720,0.0162 
2014-09-28,16.4015,21.9405,0.1018 
2014-09-29,16.3838,21.4845,0.0725 
2014-09-30,13.8657,19.7083,8.7952 
2014-10-01,11.9813,18.5933,0.1542 
2014-10-02,12.9780,19.3217,0.0261 
2014-10-03,15.7832,21.0107,10.6755 
2014-10-04,6.6345,15.0612,11.8587 
2014-10-05,2.8433,9.5368,1.0253 
2014-10-06,6.4171,14.9864,2.1905 
2014-10-07,8.8678,15.2370,8.1201 
2014-10-08,8.0490,11.0579,2.3172 
2014-10-09,4.6170,9.9455,0.0721 
2014-10-10,4.1306,10.3443,0.0393 
2014-10-11,3.5231,10.5195,0.0103 
2014-10-12,4.8991,12.0938,0.0249 
2014-10-13,8.7749,18.1617,1.1563 
2014-10-14,16.4087,21.1930,2.5811 
2014-10-15,14.3832,20.4549,8.5813 
2014-10-16,11.0834,14.7067,2.5290 
2014-10-17,9.3012,13.4575,0.9210 
2014-10-18,5.7098,13.3011,2.2712 
2014-10-19,1.0682,6.7537,0.1748 
2014-10-20,3.4849,10.3063,3.4184 
2014-10-21,5.9928,9.5509,6.8384 
2014-10-22,2.0450,10.2065,0.5620 
2014-10-23,4.2697,13.4995,0.0081 
2014-10-24,3.8525,12.2487,0.0052 
2014-10-25,7.3697,13.8256,0.0101 
2014-10-26,6.6894,12.0633,0.0587 
2014-10-27,4.5721,12.7626,0.4396 
2014-10-28,12.1272,17.0943,3.2432 
2014-10-29,5.4132,11.8310,0.1729 
2014-10-30,3.4978,6.4521,0.5361 
2014-10-31,3.2632,5.3634,5.4226 
2014-11-01,-1.0642,4.1935,2.2482 
2014-11-02,-5.5176,5.1190,0.0564 
2014-11-03,0.4801,9.5210,2.6432e-04 
2014-11-04,7.4312,12.2044,3.7488 
2014-11-05,4.7313,10.6789,2.2898 
2014-11-06,4.4120,7.9612,0.5596 
2014-11-07,-0.4193,6.1407,2.9520 
2014-11-08,-1.6962,3.8678,3.2677 
2014-11-09,-0.3627,4.4132,1.2940 
2014-11-10,2.6378,10.5521,0.2487 
2014-11-11,9.0408,14.5250,0.0049 
2014-11-12,-1.2905,13.0625,0.9239 
2014-11-13,-3.1483,-0.4419,1.7804 
2014-11-14,-4.5273,-0.9709,2.4641 
2014-11-15,-5.0117,-1.3468,0.8595 
2014-11-16,-4.8241,-0.7024,1.6829 
2014-11-17,-4.0739,-0.5344,10.1192 
2014-11-18,-10.0971,-5.6582,1.9791 
2014-11-19,-12.0260,-3.3775,6.0488 
2014-11-20,-7.3051,-2.3246,5.6036 
2014-11-21,-7.8458,-5.1597,2.6730 
2014-11-22,-9.7354,4.3565,0.6335 
2014-11-23,3.9928,5.6778,3.3128 
2014-11-24,5.3523,12.6466,26.8659 
2014-11-25,-1.5144,4.4386,0.1989 
2014-11-26,-3.1205,-0.2890,0.1385 
2014-11-27,-4.5580,-0.5803,1.6299 
2014-11-28,-7.0395,-2.9450,2.2321 
2014-11-29,-7.1639,2.8133,0.1738 
2014-11-30,2.9493,10.7434,0.0498 
2014-12-01,-5.6874,9.2567,0.2475 
2014-12-02,-11.1333,-2.6208,0.6229 
2014-12-03,-4.2244,0.9736,1.8568 
2014-12-04,-5.4075,-1.4076,0.2293 
2014-12-05,-4.9097,1.4082,0.0080 
2014-12-06,-0.5156,2.0228,0.0578 
2014-12-07,-8.5238,-1.4014,0.0073 
2014-12-08,-5.5938,1.7164,0.0070 
2014-12-09,0.9949,4.0642,0.1412 
2014-12-10,-4.9564,1.3698,0.6393 
2014-12-11,-4.8190,-2.6012,4.0922 
2014-12-12,-5.1015,0.6853,0.2225 
2014-12-13,-0.8872,0.8764,0.3532 
2014-12-14,1.1136,3.7839,0.5266 
2014-12-15,-1.1137,5.2515,0.5169 
2014-12-16,1.1753,4.1651,4.4823 
2014-12-17,-1.3484,4.5378,2.4885 
2014-12-18,-3.4651,-1.4487,0.6074 
2014-12-19,-8.6756,-2.4489,0.0172 
2014-12-20,-9.1655,-1.7484,0.0182 
2014-12-21,-4.6460,-1.2322,0.0147 
2014-12-22,-4.4449,1.4969,0.0023 
2014-12-23,-0.8214,4.9879,0.1617 
2014-12-24,5.0887,9.9959,10.2343 
2014-12-25,0.8417,10.7265,6.7274 
2014-12-26,-0.7578,4.2789,0.0414 
2014-12-27,1.0559,7.9821,0.1049 
2014-12-28,-2.1486,7.0602,2.5913 
2014-12-29,-5.3579,-2.1441,0.1533 
2014-12-30,-7.9787,-5.1909,0.2746 
2014-12-31,-11.1208,-7.6972,0.6878 
2015-01-01,-9.3422,-7.5848,0.2735 
