Meteorological forcing data for the Large Basin Runoff Model.      
eri, 08,   <- lake basin, subbasin            
yyyy-mm-dd, Tmin(C), Tmax(C), Prec(mm)                             
2010-01-01,-9.0424,-5.3743,0.1850 
2010-01-02,-14.1252,-6.5679,0.4351 
2010-01-03,-18.7883,-8.3107,0.1550 
2010-01-04,-8.2841,-7.1320,1.9917 
2010-01-05,-8.7456,-5.2704,0.5923 
2010-01-06,-5.5159,-3.7649,0.7562 
2010-01-07,-8.4818,-4.3426,4.7734 
2010-01-08,-9.1297,-4.5057,2.5769 
2010-01-09,-14.8567,-6.4924,0.2963 
2010-01-10,-15.0157,-8.8151,0.2454 
2010-01-11,-10.3754,-6.3058,1.6964 
2010-01-12,-7.7252,-5.2015,0.4057 
2010-01-13,-9.9469,-3.3738,0.0110 
2010-01-14,-5.4455,0.3342,0.0081 
2010-01-15,0.1826,1.9436,0.0622 
2010-01-16,-0.7304,1.7428,0.0118 
2010-01-17,-0.4710,1.5819,0.2958 
2010-01-18,-5.4907,-0.1206,0.1151 
2010-01-19,-3.2888,-0.5284,0.0475 
2010-01-20,-4.3922,-1.4806,0.0204 
2010-01-21,-6.5703,3.1171,0.1539 
2010-01-22,0.6519,2.9310,1.3570 
2010-01-23,-0.0290,6.2846,0.0488 
2010-01-24,4.4645,10.1397,9.7931 
2010-01-25,-0.6050,9.1310,2.4559 
2010-01-26,-6.0984,0.0916,1.8212 
2010-01-27,-10.6134,-3.6536,0.0861 
2010-01-28,-9.6618,-1.4974,1.1406 
2010-01-29,-15.5583,-9.4570,0.0527 
2010-01-30,-11.7883,-7.6094,0.0135 
2010-01-31,-11.5281,-4.6365,6.0419e-04 
2010-02-01,-9.2880,-3.1965,0.0013 
2010-02-02,-4.8228,-0.0657,0.4515 
2010-02-03,-2.5908,0.0746,0.5754 
2010-02-04,-4.9198,1.8208,0.0292 
2010-02-05,-2.4234,1.6095,1.3255 
2010-02-06,-6.8446,-0.4771,6.4823 
2010-02-07,-9.0560,-5.1643,0.1015 
2010-02-08,-7.9621,-5.1294,0.0663 
2010-02-09,-7.2747,-1.1205,10.7076 
2010-02-10,-8.4272,-1.1277,4.7399 
2010-02-11,-7.4421,-4.3617,0.2117 
2010-02-12,-8.2268,-4.5739,0.3793 
2010-02-13,-8.5459,-4.8463,0.3616 
2010-02-14,-7.2226,-4.4112,0.4234 
2010-02-15,-9.6382,-4.4976,0.5000 
2010-02-16,-6.6063,-2.7108,2.7028 
2010-02-17,-5.4891,-1.0673,0.4905 
2010-02-18,-2.9297,-0.5862,0.1702 
2010-02-19,-7.2264,-1.6254,2.7633e-05 
2010-02-20,-5.0114,-0.4970,8.0823e-05 
2010-02-21,-1.2581,1.3100,0.0948 
2010-02-22,-0.2196,2.2634,7.2709 
2010-02-23,-3.3047,-0.4093,0.3830 
2010-02-24,-3.5260,-1.5296,0.8542 
2010-02-25,-5.8478,-2.7261,2.0236 
2010-02-26,-6.4751,-3.9734,3.7830 
2010-02-27,-4.1499,-0.3225,3.8757 
2010-02-28,-2.2547,-0.1477,0.5529 
2010-03-01,-2.1664,-0.5543,0.1112 
2010-03-02,-5.9247,-0.8716,0.2091 
2010-03-03,-7.1762,-0.5919,0.1562 
2010-03-04,-7.2250,-0.7692,0.0130 
2010-03-05,-7.0596,-0.6193,0.0656 
2010-03-06,-3.2340,-0.2254,0.0027 
2010-03-07,-1.1810,1.9717,0.0015 
2010-03-08,1.5538,3.6152,0.0193 
2010-03-09,2.5802,9.3036,2.8178e-05 
2010-03-10,4.6863,14.8457,0.6811 
2010-03-11,8.3682,16.4151,0.0232 
2010-03-12,11.1042,17.0341,1.1637 
2010-03-13,4.7834,14.5637,8.9195 
2010-03-14,2.2785,5.0723,4.6536 
2010-03-15,2.1435,7.0422,0.3931 
2010-03-16,1.1845,11.2070,0.0066 
2010-03-17,5.9271,12.9334,0.0000 
2010-03-18,6.0095,16.1447,1.8009e-04 
2010-03-19,5.4433,17.0732,1.7949e-04 
2010-03-20,7.0335,16.3425,0.0171 
2010-03-21,-0.4841,8.1826,0.0966 
2010-03-22,2.8640,6.9065,12.2092 
2010-03-23,2.6223,10.5182,1.0731 
2010-03-24,2.9291,11.4560,0.0013 
2010-03-25,-0.0143,11.0693,13.5786 
2010-03-26,-4.2312,-0.6779,1.9030 
2010-03-27,-5.9850,10.8753,0.0160 
2010-03-28,5.9915,11.0622,8.7098 
2010-03-29,2.7014,10.8778,5.1244 
2010-03-30,-0.6060,10.6262,0.0328 
2010-03-31,5.6452,19.8645,0.0000 
2010-04-01,11.8704,25.4417,0.0000 
2010-04-02,13.4449,27.0598,0.0000 
2010-04-03,13.5476,25.8754,0.0212 
2010-04-04,9.5825,21.1284,0.0046 
2010-04-05,13.8396,23.1877,0.1191 
2010-04-06,15.9105,26.6096,0.0331 
2010-04-07,20.6445,25.9292,1.1362 
2010-04-08,6.1656,20.6597,22.9786 
2010-04-09,-1.5443,6.6786,0.1087 
2010-04-10,2.4976,17.6853,1.9611e-04 
2010-04-11,10.0815,17.3293,0.0292 
2010-04-12,5.8637,15.6703,0.0143 
2010-04-13,7.0185,13.7229,1.3828 
2010-04-14,6.0140,20.6817,0.0000 
2010-04-15,14.0097,26.5250,0.0000 
2010-04-16,17.6282,25.4570,0.7372 
2010-04-17,3.2375,16.1144,0.0450 
2010-04-18,0.9068,11.2468,0.0231 
2010-04-19,5.2033,13.6266,0.0000 
2010-04-20,7.4049,14.8460,0.0000 
2010-04-21,10.6705,18.5650,0.0000 
2010-04-22,4.3682,18.4558,0.0029 
2010-04-23,6.5962,17.7771,0.0358 
2010-04-24,10.4949,22.5438,9.2187 
2010-04-25,14.2161,22.3890,20.1398 
2010-04-26,7.2338,13.7220,16.7093 
2010-04-27,2.3498,11.1710,0.0138 
2010-04-28,4.0480,12.5699,0.0043 
2010-04-29,8.9834,19.6883,1.1644e-04 
2010-04-30,13.9636,25.8878,3.3185e-05 
2010-05-01,18.4888,25.7489,1.1957 
2010-05-02,18.3082,23.0571,5.9912 
2010-05-03,16.3148,21.0227,3.4692 
2010-05-04,12.1333,21.3781,3.5826 
2010-05-05,15.0281,26.0699,0.2833 
2010-05-06,10.5422,18.9564,2.0924 
2010-05-07,10.5838,27.3655,1.1024 
2010-05-08,6.9072,24.9802,7.3412 
2010-05-09,1.2199,10.3943,0.1330 
2010-05-10,3.9917,12.9480,0.0710 
2010-05-11,7.0703,16.3980,23.1014 
2010-05-12,8.8393,17.1151,4.3859 
2010-05-13,6.7871,24.8953,3.2857 
2010-05-14,15.9317,24.5792,7.4115 
2010-05-15,12.2450,18.0048,0.0219 
2010-05-16,11.0495,17.3447,0.0629 
2010-05-17,12.0786,15.0917,14.7709 
2010-05-18,11.8709,15.8102,5.8099 
2010-05-19,8.2821,16.6739,1.0402 
2010-05-20,14.5911,24.0865,0.2177 
2010-05-21,15.1206,24.0359,5.1656 
2010-05-22,16.0475,21.9618,1.8352 
2010-05-23,17.4554,26.7933,0.2092 
2010-05-24,19.3730,26.9378,0.0065 
2010-05-25,18.4454,26.8572,0.0254 
2010-05-26,22.3942,28.0272,8.3641e-04 
2010-05-27,22.3034,28.1793,3.3704 
2010-05-28,19.4998,26.5864,0.5030 
2010-05-29,18.9843,25.4738,0.0642 
2010-05-30,19.4894,29.2646,0.0032 
2010-05-31,22.0641,29.0716,16.8934 
2010-06-01,18.5142,24.4959,22.9225 
2010-06-02,19.4725,28.1604,0.9616 
2010-06-03,18.2636,27.0847,0.5465 
2010-06-04,17.6604,28.1446,7.0576 
2010-06-05,18.8855,28.1454,25.4707 
2010-06-06,16.8826,23.6231,7.6457 
2010-06-07,12.0193,18.9376,0.3273 
2010-06-08,14.4809,21.7753,0.1271 
2010-06-09,14.7127,24.6460,14.3921 
2010-06-10,15.7651,23.9987,0.2300 
2010-06-11,17.8875,28.8438,2.3736 
2010-06-12,23.0459,28.4103,1.9825 
2010-06-13,21.3506,28.1888,19.2489 
2010-06-14,19.6381,26.4782,3.8222 
2010-06-15,18.8691,25.9742,4.0879 
2010-06-16,20.1608,24.9323,0.3833 
2010-06-17,16.3255,24.4313,7.2052e-04 
2010-06-18,17.6317,28.4124,1.8558e-04 
2010-06-19,23.0988,29.9911,0.1195 
2010-06-20,20.6515,27.3171,0.0059 
2010-06-21,21.5314,28.2194,0.0667 
2010-06-22,20.1590,29.6725,5.1717 
2010-06-23,24.3415,31.1393,5.6728 
2010-06-24,22.0822,30.4439,10.7009 
2010-06-25,17.3263,25.7596,0.0044 
2010-06-26,21.9634,29.6096,0.4182 
2010-06-27,22.7207,30.8000,10.5127 
2010-06-28,20.5612,28.9999,15.8123 
2010-06-29,15.9993,24.4975,0.1094 
2010-06-30,13.5160,20.2259,4.4497e-06 
2010-07-01,14.8998,20.7150,2.7392e-07 
2010-07-02,16.4089,23.4451,0.0030 
2010-07-03,18.6576,26.8416,0.1109 
2010-07-04,22.4866,31.1525,4.9339e-06 
2010-07-05,24.0617,30.7201,1.1693e-04 
2010-07-06,25.8811,32.2711,1.3130e-04 
2010-07-07,26.9483,32.4798,2.0386e-05 
2010-07-08,27.3015,31.9651,6.0701 
2010-07-09,20.5687,29.9584,26.0441 
2010-07-10,20.6042,26.8512,0.3289 
2010-07-11,23.0518,27.7454,0.8044 
2010-07-12,17.8542,26.6898,1.4621 
2010-07-13,21.6357,26.9723,0.8737 
2010-07-14,21.1393,27.6898,0.0720 
2010-07-15,22.8847,30.1362,0.0268 
2010-07-16,20.7247,29.7181,1.5939 
2010-07-17,23.9602,31.0690,0.0019 
2010-07-18,22.0556,29.8744,2.5479 
2010-07-19,21.3760,29.1024,4.2224 
2010-07-20,19.4171,29.0066,0.1693 
2010-07-21,22.7117,28.9491,0.0097 
2010-07-22,22.8206,29.3590,1.6389 
2010-07-23,24.4708,32.0235,1.2206 
2010-07-24,25.8222,31.9164,7.7821 
2010-07-25,21.6728,31.1889,12.2178 
2010-07-26,19.7042,26.4884,0.2934 
2010-07-27,21.7457,28.2056,0.0044 
2010-07-28,22.3339,30.6415,0.1186 
2010-07-29,20.2766,26.2005,2.3636 
2010-07-30,19.6967,25.4984,2.8332e-04 
2010-07-31,20.5062,25.4509,0.0376 
2010-08-01,19.7326,27.1573,0.0032 
2010-08-02,21.6045,28.5014,0.0107 
2010-08-03,24.6741,29.7287,2.7285 
2010-08-04,22.0240,31.4550,1.0796 
2010-08-05,20.6925,30.5515,13.6969 
2010-08-06,18.1800,25.6641,0.0505 
2010-08-07,19.2258,25.1810,7.0769e-05 
2010-08-08,21.0462,27.5444,2.7285e-04 
2010-08-09,23.0158,29.9833,0.0093 
2010-08-10,25.0795,29.4473,0.0284 
2010-08-11,24.8942,30.8211,1.9722 
2010-08-12,22.3351,27.4838,5.1887 
2010-08-13,22.5418,30.1314,0.1096 
2010-08-14,23.7639,31.7954,3.4611 
2010-08-15,21.0886,30.8803,7.4180 
2010-08-16,18.2742,27.8730,1.8459 
2010-08-17,20.4102,25.4879,0.0036 
2010-08-18,19.6595,25.5851,0.0101 
2010-08-19,21.5180,28.2466,0.0123 
2010-08-20,23.2695,29.2293,0.0028 
2010-08-21,22.3919,29.2536,10.4454 
2010-08-22,19.6151,23.4581,3.0092 
2010-08-23,18.6073,22.8189,0.4395 
2010-08-24,16.9621,23.4717,0.4616 
2010-08-25,18.7630,23.5247,0.1401 
2010-08-26,15.0982,22.8375,0.0490 
2010-08-27,16.2290,22.8613,1.8492e-04 
2010-08-28,19.2997,25.6225,0.0283 
2010-08-29,21.7406,30.2153,0.0134 
2010-08-30,25.2238,30.8391,0.0440 
2010-08-31,25.4807,30.2838,0.1867 
2010-09-01,22.3613,30.2636,0.0606 
2010-09-02,23.7006,29.6567,0.0254 
2010-09-03,17.5835,27.6709,1.2693 
2010-09-04,14.0532,19.6722,0.3086 
2010-09-05,11.1281,19.9827,8.2015e-04 
2010-09-06,14.5004,25.1545,0.0813 
2010-09-07,19.4812,29.1292,0.3591 
2010-09-08,14.8214,24.1267,0.2900 
2010-09-09,9.8063,19.6764,3.0509e-04 
2010-09-10,12.9880,19.8802,0.0040 
2010-09-11,12.1022,21.8623,6.2572 
2010-09-12,12.5736,22.4628,0.4551 
2010-09-13,16.4563,26.4442,0.2898 
2010-09-14,14.9057,24.5218,0.0037 
2010-09-15,13.5772,24.3514,0.0142 
2010-09-16,18.3318,24.0827,8.9690 
2010-09-17,11.6763,21.4145,4.9723 
2010-09-18,14.1154,26.2990,0.2245 
2010-09-19,15.6545,25.8501,0.5565 
2010-09-20,13.2545,20.6871,0.0616 
2010-09-21,16.1176,29.2237,0.0019 
2010-09-22,21.0917,28.0071,1.0687 
2010-09-23,19.8622,29.8203,0.1901 
2010-09-24,24.0497,28.3267,0.0014 
2010-09-25,13.5386,24.4870,0.0020 
2010-09-26,9.4290,16.0396,0.0099 
2010-09-27,11.2667,17.3970,4.3537 
2010-09-28,12.2103,14.1603,20.9213 
2010-09-29,10.9316,18.5650,0.7783 
2010-09-30,15.0075,19.2156,2.7363e-04 
2010-10-01,9.3269,17.5025,0.0481 
2010-10-02,8.8578,13.8191,8.2715 
2010-10-03,7.7322,10.3941,7.6696 
2010-10-04,8.3379,11.5317,3.8648 
2010-10-05,7.8114,13.4428,0.4848 
2010-10-06,7.4832,17.9574,0.2798 
2010-10-07,9.3675,18.9938,0.0188 
2010-10-08,11.4573,22.2594,6.2454e-06 
2010-10-09,15.8851,22.4934,0.0000 
2010-10-10,15.4228,27.4539,8.5636e-04 
2010-10-11,20.0575,25.8037,0.0152 
2010-10-12,11.2498,23.6945,0.0048 
2010-10-13,9.8421,19.1785,0.0837 
2010-10-14,7.9028,18.7061,9.9223 
2010-10-15,7.9544,13.0062,0.5200 
2010-10-16,7.3361,15.5647,0.0027 
2010-10-17,9.7998,16.6596,0.0000 
2010-10-18,8.5740,14.9762,0.4996 
2010-10-19,7.2094,12.8516,0.2985 
2010-10-20,6.6620,17.2264,0.0187 
2010-10-21,5.8109,16.4045,0.2331 
2010-10-22,3.8791,13.2900,0.0484 
2010-10-23,8.2518,19.6203,0.0224 
2010-10-24,16.2127,23.8093,0.7367 
2010-10-25,16.0018,21.2603,1.4133 
2010-10-26,12.1651,23.2411,13.7961 
2010-10-27,8.7751,16.6594,0.2058 
2010-10-28,4.7988,15.3856,0.0316 
2010-10-29,4.8495,8.4813,0.3326 
2010-10-30,2.7954,11.8758,0.0730 
2010-10-31,2.4963,11.1702,0.0393 
2010-11-01,2.4605,6.7836,0.0055 
2010-11-02,0.7127,7.6843,4.5017e-04 
2010-11-03,2.2450,10.3246,0.0184 
2010-11-04,4.6287,8.7873,1.6009 
2010-11-05,2.4538,6.9481,2.2098 
2010-11-06,-3.8957,3.8455,0.1143 
2010-11-07,-1.1889,8.9648,0.0010 
2010-11-08,1.8570,13.1237,0.0012 
2010-11-09,7.7730,14.9536,1.8908e-06 
2010-11-10,6.4070,15.0346,8.4476e-06 
2010-11-11,6.9352,16.3949,0.0210 
2010-11-12,9.0354,16.6291,0.0479 
2010-11-13,11.1252,19.7492,0.0605 
2010-11-14,4.4577,17.1785,0.2442 
2010-11-15,0.6306,10.1426,1.7092e-04 
2010-11-16,3.2233,9.4283,9.2152 
2010-11-17,4.5442,9.2046,10.5917 
2010-11-18,1.5229,6.3234,0.3444 
2010-11-19,0.1139,7.2721,0.0533 
2010-11-20,1.5460,7.0281,0.0012 
2010-11-21,2.6863,14.8673,0.0268 
2010-11-22,14.2323,18.0700,3.7112 
2010-11-23,1.0400,18.5202,8.9896 
2010-11-24,-3.4329,3.2268,0.0968 
2010-11-25,2.3343,15.5292,32.7116 
2010-11-26,-8.0078,9.9122,14.3289 
2010-11-27,-4.4960,-0.4095,0.0489 
2010-11-28,-4.9546,2.4772,0.0181 
2010-11-29,-1.8332,7.1654,0.0754 
2010-11-30,5.2115,13.2688,29.6398 
2010-12-01,-4.9974,7.0279,3.4566 
2010-12-02,-6.0347,-1.6721,0.1013 
2010-12-03,-5.3736,-2.0073,0.0804 
2010-12-04,-4.1345,-1.3311,0.2627 
2010-12-05,-6.5645,-1.8140,0.2097 
2010-12-06,-6.3956,-2.3074,0.2164 
2010-12-07,-8.1618,-4.5233,0.1814 
2010-12-08,-10.0950,-4.3499,0.4471 
2010-12-09,-8.8798,-3.3927,0.1687 
2010-12-10,-4.7692,2.1031,1.9997 
2010-12-11,-1.7531,3.5915,0.0688 
2010-12-12,-4.7306,2.7781,19.2373 
2010-12-13,-12.6033,-2.4813,3.6665 
2010-12-14,-14.7716,-8.9134,0.0789 
2010-12-15,-14.9599,-8.8144,0.1846 
2010-12-16,-13.6179,-6.9604,0.0812 
2010-12-17,-8.1296,-4.9825,0.2368 
2010-12-18,-13.1401,-7.9909,0.0486 
2010-12-19,-13.4517,-7.8782,0.1577 
2010-12-20,-10.7122,-6.4475,0.2027 
2010-12-21,-7.9448,-2.1036,0.0853 
2010-12-22,-4.0635,-2.1366,0.5514 
2010-12-23,-6.9484,-2.1330,0.0811 
2010-12-24,-7.2227,-2.9875,0.0362 
2010-12-25,-5.3099,-3.2713,0.4167 
2010-12-26,-6.2527,-4.1056,0.4175 
2010-12-27,-8.6249,-4.4424,0.4684 
2010-12-28,-11.0061,-5.5785,0.0266 
2010-12-29,-7.0363,-1.9768,4.3115e-04 
2010-12-30,-2.4013,3.3152,1.0885 
2010-12-31,2.8881,11.3268,0.4351 
2011-01-01,0.0350,11.2798,6.0764 
2011-01-02,-10.5789,-0.8520,0.0293 
2011-01-03,-8.7986,-0.0569,0.0147 
2011-01-04,-3.2073,0.0242,0.0148 
2011-01-05,-8.4313,-3.6992,0.1013 
2011-01-06,-6.0023,-1.8012,0.8818 
2011-01-07,-7.9861,-3.1052,0.5099 
2011-01-08,-11.1438,-7.4972,0.9359 
2011-01-09,-14.6751,-7.2795,0.0911 
2011-01-10,-8.0440,-5.5892,0.5382 
2011-01-11,-7.8006,-4.2037,5.5851 
2011-01-12,-6.5189,-4.8651,3.2460 
2011-01-13,-12.5634,-6.8753,0.5565 
2011-01-14,-11.1875,-5.3290,0.6571 
2011-01-15,-6.5979,-1.8806,0.4941 
2011-01-16,-12.3765,-4.1664,0.0719 
2011-01-17,-14.0773,-1.7883,0.0032 
2011-01-18,-1.3680,1.9720,2.7444 
2011-01-19,-6.1470,0.7267,0.9443 
2011-01-20,-8.6029,-5.0975,3.5328 
2011-01-21,-12.8028,-5.9262,1.9136 
2011-01-22,-18.5790,-10.9563,0.1406 
2011-01-23,-17.0161,-9.9547,0.1441 
2011-01-24,-16.5810,-2.4934,1.0052 
2011-01-25,-5.4417,0.3424,0.1118 
2011-01-26,-8.6393,-3.4244,0.0058 
2011-01-27,-6.9179,-3.5705,0.7661 
2011-01-28,-6.5133,-3.1651,2.2281 
2011-01-29,-7.9565,-0.7741,0.8252 
2011-01-30,-6.5775,-2.1825,0.3595 
2011-01-31,-12.8483,-6.2888,0.0430 
2011-02-01,-9.2254,-6.1093,19.1861 
2011-02-02,-6.6801,4.6649,12.2035 
2011-02-03,-12.4453,-7.2591,0.1619 
2011-02-04,-13.5946,-6.2427,5.9317e-04 
2011-02-05,-7.3451,-2.8640,10.1000 
2011-02-06,-8.1503,-0.4662,0.6641 
2011-02-07,-1.6580,0.1715,1.4805 
2011-02-08,-12.1034,-2.1849,1.0381 
2011-02-09,-15.4255,-11.3471,0.0069 
2011-02-10,-19.3320,-12.8616,0.0055 
2011-02-11,-15.4761,-5.3168,0.0388 
2011-02-12,-5.0680,-2.2452,0.9831 
2011-02-13,-3.0836,3.4390,0.0733 
2011-02-14,-0.2001,4.0861,0.0849 
2011-02-15,-7.4197,0.2545,1.9605e-04 
2011-02-16,-0.4101,5.4281,0.0270 
2011-02-17,5.6100,14.4711,0.0218 
2011-02-18,5.5807,14.3358,0.0024 
2011-02-19,-4.3971,4.5621,2.8054e-04 
2011-02-20,-6.4345,0.9612,6.1696 
2011-02-21,-5.1310,4.2921,15.1861 
2011-02-22,-7.8305,-5.3023,2.4477 
2011-02-23,-8.7106,-2.4898,0.0383 
2011-02-24,-2.1188,1.6182,4.6610 
2011-02-25,-3.4233,-0.9806,14.9392 
2011-02-26,-5.9827,-0.4468,0.3654 
2011-02-27,-1.5134,3.8885,0.2012 
2011-02-28,-0.7329,8.4806,32.7340 
2011-03-01,-5.0262,4.8783,6.3340e-04 
2011-03-02,-2.6089,4.1535,7.4053e-04 
2011-03-03,-9.1500,3.5794,5.1514e-06 
2011-03-04,2.7159,8.5750,5.1878 
2011-03-05,2.9434,10.8516,33.6655 
2011-03-06,-3.8751,1.8854,6.2332 
2011-03-07,-8.8604,-0.0117,0.1258 
2011-03-08,-3.2266,8.4293,0.0136 
2011-03-09,3.2211,10.1601,18.7140 
2011-03-10,2.7357,10.7165,3.6711 
2011-03-11,-1.4141,2.7003,5.5157 
2011-03-12,-0.5618,7.4507,0.0198 
2011-03-13,-1.9754,4.0998,0.0280 
2011-03-14,-3.7542,4.0552,0.0741 
2011-03-15,-1.3590,8.2063,4.8205 
2011-03-16,2.6617,9.5606,1.6379 
2011-03-17,5.3905,17.1607,0.0019 
2011-03-18,11.0281,17.2636,0.0535 
2011-03-19,1.6388,11.3468,0.0027 
2011-03-20,0.1013,14.2044,0.7002 
2011-03-21,12.7083,16.7920,8.4605 
2011-03-22,1.5610,14.4125,0.4460 
2011-03-23,2.2011,9.7410,3.3730 
2011-03-24,-2.9066,0.8308,0.3940 
2011-03-25,-5.8248,-0.6877,0.0707 
2011-03-26,-8.1943,-1.4556,0.0099 
2011-03-27,-6.1895,-0.9472,0.0317 
2011-03-28,-6.1738,1.0512,0.0069 
2011-03-29,-3.4190,3.4360,2.3731e-04 
2011-03-30,-2.4807,2.1688,1.0879 
2011-03-31,-2.8896,2.9037,0.0451 
2011-04-01,1.6234,7.4708,0.0733 
2011-04-02,1.7084,7.2948,2.2597 
2011-04-03,1.9495,8.7454,0.4044 
2011-04-04,9.6758,20.2627,20.7338 
2011-04-05,-0.5115,8.3102,1.2717 
2011-04-06,0.9731,11.8671,0.2706 
2011-04-07,0.4711,11.3353,0.1517 
2011-04-08,5.0289,8.8023,7.8868 
2011-04-09,4.1906,17.4257,0.1731 
2011-04-10,11.7240,24.8391,0.0643 
2011-04-11,12.0428,24.5811,1.8718 
2011-04-12,4.5120,11.4211,0.8127 
2011-04-13,2.5014,14.5607,0.0041 
2011-04-14,9.7107,14.6407,7.2067e-04 
2011-04-15,4.8304,19.3876,0.0257 
2011-04-16,9.2479,19.4801,9.9343 
2011-04-17,2.5218,11.1163,2.0982 
2011-04-18,3.4735,10.3090,1.8514 
2011-04-19,2.3740,11.8441,13.6598 
2011-04-20,7.5058,18.9265,20.6142 
2011-04-21,-0.9806,7.6597,0.0469 
2011-04-22,2.8342,14.8067,4.7566 
2011-04-23,15.4014,20.4914,7.1275 
2011-04-24,9.8633,16.7765,3.9168 
2011-04-25,12.2653,15.9489,35.0677 
2011-04-26,12.4461,21.2434,4.9740 
2011-04-27,15.2166,21.2747,4.4424 
2011-04-28,7.5134,17.0943,2.0863 
2011-04-29,3.7758,12.8801,1.1730 
2011-04-30,5.7934,16.3246,0.0224 
2011-05-01,13.6180,19.4195,1.4883 
2011-05-02,7.2475,18.1868,11.9430 
2011-05-03,5.7458,11.2338,19.7197 
2011-05-04,4.3650,10.7648,0.3813 
2011-05-05,6.8715,14.8994,0.0175 
2011-05-06,9.1258,14.3828,1.7834 
2011-05-07,9.5918,17.2352,0.8858 
2011-05-08,10.9042,16.9041,0.1479 
2011-05-09,9.8748,17.8412,4.7462e-04 
2011-05-10,12.7528,20.4959,0.6946 
2011-05-11,16.5904,26.0866,0.7784 
2011-05-12,20.3858,28.2185,2.2857 
2011-05-13,17.2373,27.6097,9.1142 
2011-05-14,15.5782,21.4305,15.0270 
2011-05-15,8.4855,20.7666,16.1885 
2011-05-16,6.5692,8.1819,8.3190 
2011-05-17,6.4618,10.3977,5.8076 
2011-05-18,10.4716,16.8523,5.4132 
2011-05-19,9.0753,17.5794,1.0692 
2011-05-20,11.7964,21.0384,0.3442 
2011-05-21,16.5125,24.5932,0.1265 
2011-05-22,18.0804,28.3830,0.6010 
2011-05-23,18.2001,27.9778,5.6995 
2011-05-24,18.3729,22.7479,5.1235 
2011-05-25,15.0291,24.2063,20.5244 
2011-05-26,17.1139,21.2361,39.9249 
2011-05-27,10.2591,16.7337,10.5799 
2011-05-28,12.7859,21.9398,0.2329 
2011-05-29,19.3667,28.7619,7.0785 
2011-05-30,22.3393,30.0415,0.3029 
2011-05-31,24.5034,31.3751,0.0013 
2011-06-01,23.3382,30.4741,2.6617e-04 
2011-06-02,16.2247,24.3241,1.3478e-05 
2011-06-03,13.0915,23.7171,0.0585 
2011-06-04,19.2705,32.6565,0.2463 
2011-06-05,20.3126,31.7342,1.6262 
2011-06-06,21.2137,28.5526,0.0094 
2011-06-07,20.4848,32.6065,0.0747 
2011-06-08,24.2459,32.5759,6.3982e-05 
2011-06-09,22.8169,31.6295,1.5474 
2011-06-10,16.8709,28.1797,11.2189 
2011-06-11,19.0363,26.3651,7.6715 
2011-06-12,14.7865,22.1129,0.5119 
2011-06-13,14.8848,22.0359,0.0479 
2011-06-14,12.8236,21.7359,0.0170 
2011-06-15,13.1497,22.9599,0.0090 
2011-06-16,16.2557,23.0216,1.2877 
2011-06-17,16.3204,26.3760,0.0812 
2011-06-18,18.4851,26.4264,0.1613 
2011-06-19,18.8647,24.3185,5.9835 
2011-06-20,18.5707,26.9860,1.4568 
2011-06-21,19.6670,29.5914,3.0679 
2011-06-22,20.9670,29.0532,2.0132 
2011-06-23,19.1598,25.4242,2.1135 
2011-06-24,16.7870,22.2357,3.3905 
2011-06-25,13.1202,22.8579,0.1349 
2011-06-26,19.0035,24.1925,0.0096 
2011-06-27,18.1850,24.6416,0.0045 
2011-06-28,20.8473,24.0429,0.0052 
2011-06-29,15.4356,24.5053,9.5352e-05 
2011-06-30,19.5125,28.5176,2.6994e-04 
2011-07-01,21.9148,31.1327,0.0016 
2011-07-02,21.2434,34.0169,1.7965 
2011-07-03,21.4829,31.8909,4.1972 
2011-07-04,21.3619,27.3662,0.1205 
2011-07-05,21.4670,30.2670,0.0031 
2011-07-06,24.5776,31.1576,0.2740 
2011-07-07,20.2012,28.1579,0.1129 
2011-07-08,22.0999,27.3080,0.4841 
2011-07-09,21.4694,30.3359,0.0147 
2011-07-10,23.7770,33.1816,2.7494e-07 
2011-07-11,24.6975,34.0398,17.2252 
2011-07-12,22.2534,31.7097,0.2739 
2011-07-13,19.5058,28.8583,0.0325 
2011-07-14,17.7034,25.3636,0.0063 
2011-07-15,20.4330,28.2169,0.0083 
2011-07-16,22.7170,28.8825,0.0035 
2011-07-17,21.2771,30.4027,0.0031 
2011-07-18,22.7269,33.2093,2.8706 
2011-07-19,22.7972,31.8949,16.1066 
2011-07-20,23.8324,33.2006,0.0799 
2011-07-21,26.8034,34.0784,0.0093 
2011-07-22,26.7084,34.0920,3.3355 
2011-07-23,25.2676,33.5265,16.3702 
2011-07-24,21.2574,30.4199,41.0250 
2011-07-25,23.6068,30.2974,0.9178 
2011-07-26,23.3684,28.3658,0.5831 
2011-07-27,19.2807,28.5995,0.0601 
2011-07-28,25.7077,32.8112,1.6587 
2011-07-29,25.8970,31.9661,4.6111 
2011-07-30,22.9872,28.6733,0.1002 
2011-07-31,25.1583,30.8571,0.0455 
2011-08-01,25.7319,30.5554,5.6033 
2011-08-02,24.4526,30.1362,0.6519 
2011-08-03,21.3428,30.1806,6.7530 
2011-08-04,20.5804,26.2645,0.1095 
2011-08-05,21.4164,27.3120,0.0225 
2011-08-06,23.6583,28.7874,3.5573 
2011-08-07,22.3798,27.7161,14.2084 
2011-08-08,20.1218,27.1867,1.3620 
2011-08-09,18.3225,26.3887,20.5437 
2011-08-10,17.2060,23.5356,9.0822 
2011-08-11,16.1467,23.2786,2.7510e-04 
2011-08-12,19.2237,25.1692,0.0000 
2011-08-13,20.8444,28.4792,0.0208 
2011-08-14,17.1315,28.4278,10.7816 
2011-08-15,17.5417,23.6301,2.1084 
2011-08-16,18.5440,25.2412,0.0466 
2011-08-17,21.2578,26.0045,0.0033 
2011-08-18,22.7241,27.3235,0.1949 
2011-08-19,20.4010,27.2268,0.5216 
2011-08-20,21.8200,28.0116,0.0655 
2011-08-21,18.4905,26.9304,3.0094 
2011-08-22,14.8926,21.7026,0.0886 
2011-08-23,18.6354,25.2080,0.1325 
2011-08-24,19.0588,29.4177,20.3590 
2011-08-25,19.5427,28.9220,12.6136 
2011-08-26,18.2056,23.0020,0.0198 
2011-08-27,17.6539,23.4578,0.0629 
2011-08-28,16.3424,22.7597,0.0040 
2011-08-29,16.6887,21.7874,1.0645e-04 
2011-08-30,18.2313,23.1448,0.0022 
2011-08-31,20.9351,28.4440,0.0957 
2011-09-01,21.1407,28.2578,1.4200 
2011-09-02,23.6626,31.4408,0.0141 
2011-09-03,27.0197,32.1010,0.5070 
2011-09-04,19.4549,28.6187,14.3094 
2011-09-05,14.5037,19.1381,1.5213 
2011-09-06,13.3206,16.1635,1.4930 
2011-09-07,14.0119,17.1782,16.5875 
2011-09-08,16.6526,20.3262,15.8111 
2011-09-09,16.5758,21.9783,4.5355 
2011-09-10,16.1532,21.8673,2.6378 
2011-09-11,16.8928,22.8767,2.0536 
2011-09-12,16.6546,25.7128,0.3236 
2011-09-13,19.5533,27.4689,0.0272 
2011-09-14,14.9182,24.5954,0.0616 
2011-09-15,9.4825,17.3191,4.7051 
2011-09-16,9.8263,13.6281,0.0066 
2011-09-17,11.2147,17.6665,0.0026 
2011-09-18,9.3943,20.4408,0.0461 
2011-09-19,15.2971,20.9449,4.0347 
2011-09-20,14.6780,20.9233,7.4634 
2011-09-21,16.8602,21.0323,12.6782 
2011-09-22,15.7151,21.2609,0.8755 
2011-09-23,11.9918,20.3560,20.6287 
2011-09-24,9.4805,17.9892,0.5631 
2011-09-25,14.0126,21.8108,0.3771 
2011-09-26,17.2382,21.5336,30.1764 
2011-09-27,11.1990,18.0990,0.6532 
2011-09-28,11.5311,16.3991,2.3854 
2011-09-29,9.9767,17.0641,7.2831 
2011-09-30,8.6892,15.5322,9.3416 
2011-10-01,5.2952,9.9171,8.1856 
2011-10-02,5.0198,11.7510,0.4670 
2011-10-03,5.8091,13.9863,2.0182 
2011-10-04,10.3306,17.6159,0.2097 
2011-10-05,14.9003,20.8236,0.0176 
2011-10-06,14.9954,21.7180,0.0333 
2011-10-07,16.1917,23.1668,0.0179 
2011-10-08,14.6551,23.0382,0.0088 
2011-10-09,15.5717,23.0031,3.0997e-04 
2011-10-10,19.0121,22.2605,0.0126 
2011-10-11,16.6823,22.9439,0.0148 
2011-10-12,14.1402,20.5831,3.0685 
2011-10-13,11.8612,19.0435,0.1994 
2011-10-14,11.3839,17.0520,1.7371 
2011-10-15,9.1666,12.4507,0.6272 
2011-10-16,10.2838,17.0981,0.8138 
2011-10-17,6.5004,13.9739,0.0032 
2011-10-18,7.9892,11.9779,1.6673 
2011-10-19,9.0765,15.0201,37.4002 
2011-10-20,4.8360,13.8725,20.5560 
2011-10-21,4.9221,8.7624,0.9830 
2011-10-22,4.2491,10.5140,0.0047 
2011-10-23,7.3447,14.2044,5.4005e-05 
2011-10-24,10.1241,13.1522,5.2115 
2011-10-25,7.8726,15.8586,0.0227 
2011-10-26,12.6823,16.6968,6.2134 
2011-10-27,3.8088,11.7107,10.0746 
2011-10-28,3.1318,7.4732,0.2035 
2011-10-29,2.4222,8.3387,0.3001 
2011-10-30,3.0778,8.6457,0.1055 
2011-10-31,5.5695,10.1194,1.0548 
2011-11-01,3.3096,12.9764,0.0891 
2011-11-02,6.9859,15.7552,0.0114 
2011-11-03,9.3850,14.2083,3.1237e-05 
2011-11-04,5.7804,10.2808,0.0036 
2011-11-05,-0.0101,11.2358,3.4663e-05 
2011-11-06,4.3577,14.2409,0.0000 
2011-11-07,8.9259,14.3652,0.0724 
2011-11-08,10.6188,18.9904,0.0933 
2011-11-09,12.5578,17.4301,2.1669 
2011-11-10,1.6225,11.0940,0.3105 
2011-11-11,0.8301,4.6429,0.1709 
2011-11-12,2.2451,13.8343,0.0146 
2011-11-13,9.9772,16.4764,0.0331 
2011-11-14,13.5954,18.2632,17.8166 
2011-11-15,10.7383,13.3477,17.6614 
2011-11-16,4.0607,10.2307,0.0180 
2011-11-17,-0.5181,3.5722,0.0368 
2011-11-18,-3.2936,5.4293,8.8082e-04 
2011-11-19,2.3198,10.4720,0.2050 
2011-11-20,9.4745,13.5776,0.6090 
2011-11-21,3.9423,8.7127,4.4014 
2011-11-22,3.1425,10.1490,18.8282 
2011-11-23,3.2043,10.7103,7.8197 
2011-11-24,1.0473,9.0680,7.3807e-04 
2011-11-25,4.8616,11.8364,1.4393e-04 
2011-11-26,7.4136,14.7179,1.3587e-07 
2011-11-27,9.3585,14.4683,16.0018 
2011-11-28,2.9548,8.8827,10.2878 
2011-11-29,4.9164,10.0219,29.2458 
2011-11-30,-2.1496,4.5123,2.4069 
2011-12-01,-3.4789,3.8227,6.6515e-04 
2011-12-02,-2.3402,3.1286,0.2043 
2011-12-03,-1.2406,8.9552,0.0160 
2011-12-04,5.7738,9.7388,6.5949 
2011-12-05,3.6944,10.1541,31.0111 
2011-12-06,0.9603,3.4274,12.4561 
2011-12-07,-2.8540,1.3927,0.2735 
2011-12-08,-5.9698,1.2951,0.0324 
2011-12-09,-0.7028,0.3579,1.0691 
2011-12-10,-10.3570,-1.2069,0.0415 
2011-12-11,-8.7334,-0.0413,0.0000 
2011-12-12,-2.9219,3.8320,0.0022 
2011-12-13,0.6091,6.0136,0.3065 
2011-12-14,3.0241,11.8329,7.8853 
2011-12-15,7.2388,14.2232,19.2002 
2011-12-16,-2.0592,5.8781,0.2610 
2011-12-17,-4.4252,-0.7868,1.9025 
2011-12-18,-5.2398,1.7696,0.1636 
2011-12-19,1.7791,7.8863,0.1977 
2011-12-20,0.5573,7.4171,5.3914 
2011-12-21,4.9077,13.6858,21.3639 
2011-12-22,4.4950,7.0379,0.8975 
2011-12-23,-1.4469,4.8850,3.1087 
2011-12-24,-4.0297,1.6652,0.0829 
2011-12-25,-1.4301,4.1043,0.0150 
2011-12-26,-3.0148,4.7785,0.0139 
2011-12-27,0.0627,2.8443,9.9668 
2011-12-28,-5.6778,0.6666,0.7694 
2011-12-29,-5.1311,5.2591,0.2996 
2011-12-30,2.4908,9.0897,4.4519 
2011-12-31,2.2882,9.2331,0.7069 
2012-01-01,1.1531,8.0355,0.1612 
2012-01-02,-4.2771,0.4001,0.4315 
2012-01-03,-10.1484,-3.9245,0.0239 
2012-01-04,-9.2953,0.5103,0.0025 
2012-01-05,-5.1606,1.9386,0.0025 
2012-01-06,1.3749,9.2271,2.9126e-04 
2012-01-07,0.6319,7.3789,0.0030 
2012-01-08,-2.1761,2.2731,0.0268 
2012-01-09,-0.3025,4.8869,2.7330e-04 
2012-01-10,-1.5958,6.6377,8.6205e-06 
2012-01-11,1.6735,7.2227,4.2949 
2012-01-12,2.4958,7.1295,3.6222 
2012-01-13,-8.5668,0.8946,5.7919 
2012-01-14,-10.2421,-6.8968,1.3375 
2012-01-15,-10.6918,-7.0189,0.1197 
2012-01-16,-9.0054,3.9867,0.3093 
2012-01-17,2.5456,13.0244,15.0562 
2012-01-18,-8.2787,0.9781,0.0613 
2012-01-19,-7.1332,-2.4011,3.4314 
2012-01-20,-14.3194,-6.3735,0.5435 
2012-01-21,-6.7339,-5.5939,7.5777 
2012-01-22,-9.9879,3.7064,0.0690 
2012-01-23,4.0901,12.3100,7.3024 
2012-01-24,-3.4962,2.7799,0.1079 
2012-01-25,-4.0934,0.2493,0.0744 
2012-01-26,-0.8421,3.5393,13.3074 
2012-01-27,-0.0980,3.6668,14.3911 
2012-01-28,-1.7637,0.5043,1.6950 
2012-01-29,-4.1104,-0.1131,0.2622 
2012-01-30,-7.5978,6.1033,0.0293 
2012-01-31,5.7845,11.4523,0.0112 
2012-02-01,6.1613,11.3719,2.0624 
2012-02-02,-0.2204,5.4864,0.0265 
2012-02-03,1.5219,7.6716,0.0015 
2012-02-04,-0.2805,7.2260,2.6668 
2012-02-05,-1.4688,4.5159,0.1059 
2012-02-06,-1.5457,6.1259,0.0056 
2012-02-07,-3.7707,4.4686,0.0038 
2012-02-08,-4.7037,0.5013,0.8120 
2012-02-09,-6.5756,1.2837,0.0179 
2012-02-10,-6.7516,0.2736,0.6542 
2012-02-11,-10.9879,-0.0517,2.9621 
2012-02-12,-11.1752,-3.5116,0.5279 
2012-02-13,-10.2264,-1.5780,0.0295 
2012-02-14,-3.2150,0.7968,3.1633 
2012-02-15,-3.1357,3.5124,0.1107 
2012-02-16,3.5478,7.6808,3.8497 
2012-02-17,-1.7559,4.4017,0.0931 
2012-02-18,0.4662,3.6599,0.0264 
2012-02-19,-5.2934,-0.2949,0.0185 
2012-02-20,-5.7512,3.3366,0.0299 
2012-02-21,-0.0850,7.8889,1.5025 
2012-02-22,2.5749,8.4433,0.9060 
2012-02-23,1.7707,6.8628,1.2932 
2012-02-24,0.9394,6.8188,7.9485 
2012-02-25,-3.8764,0.5437,0.8308 
2012-02-26,-6.3613,4.5998,0.0291 
2012-02-27,1.6097,5.8676,4.2438e-06 
2012-02-28,-3.4895,6.6394,0.0067 
2012-02-29,2.8803,17.2831,12.7613 
2012-03-01,1.1248,12.5333,0.2622 
2012-03-02,1.1484,14.0680,14.1823 
2012-03-03,-1.0806,13.9784,2.2406 
2012-03-04,-4.7142,0.2506,1.0296 
2012-03-05,-6.0868,-0.6292,8.0387 
2012-03-06,-5.6740,9.5336,0.0464 
2012-03-07,6.1633,16.8375,0.0000 
2012-03-08,6.1078,16.5756,9.2958 
2012-03-09,-1.3881,4.5327,0.0790 
2012-03-10,-5.3180,7.6250,0.0039 
2012-03-11,1.7477,16.9721,0.0015 
2012-03-12,9.3245,16.4109,7.7403 
2012-03-13,12.1847,17.3609,5.3051 
2012-03-14,10.4885,23.6663,5.7587e-04 
2012-03-15,14.6518,24.8680,2.1475 
2012-03-16,15.4381,24.1195,12.6694 
2012-03-17,13.5587,22.5039,0.0268 
2012-03-18,15.1637,21.3201,6.1103 
2012-03-19,15.0848,22.6618,4.9740 
2012-03-20,17.4830,23.6588,0.3012 
2012-03-21,17.9029,26.3515,7.0996e-04 
2012-03-22,16.7838,26.5679,0.0250 
2012-03-23,17.9205,25.7208,0.7085 
2012-03-24,12.3656,19.1332,5.2737 
2012-03-25,11.7619,17.3371,0.0154 
2012-03-26,1.1416,16.6647,0.0428 
2012-03-27,-2.8599,12.8217,0.0043 
2012-03-28,11.9976,18.3474,0.9254 
2012-03-29,1.8880,14.5818,7.8816e-05 
2012-03-30,0.5419,17.9835,3.5933 
2012-03-31,1.8136,10.7198,0.7096 
2012-04-01,2.5859,15.3478,0.0116 
2012-04-02,2.4120,13.6576,0.0055 
2012-04-03,4.6204,23.2500,3.1867 
2012-04-04,6.4782,22.2631,0.3524 
2012-04-05,1.8870,9.8259,7.3106e-04 
2012-04-06,1.3629,9.1752,4.5775e-04 
2012-04-07,4.4373,13.7773,0.0025 
2012-04-08,7.9178,13.3501,0.0400 
2012-04-09,7.6485,13.2043,0.3113 
2012-04-10,2.4473,11.0286,0.1269 
2012-04-11,-0.8430,8.3357,0.4227 
2012-04-12,2.6178,11.8956,0.0056 
2012-04-13,7.6888,15.3526,0.0210 
2012-04-14,9.0843,16.4615,6.9983 
2012-04-15,15.0799,23.8893,1.5699 
2012-04-16,17.1183,23.5493,0.0414 
2012-04-17,6.9617,15.5554,4.1660e-05 
2012-04-18,5.2143,16.0714,0.0021 
2012-04-19,11.6238,20.7703,0.0050 
2012-04-20,14.0096,21.9109,0.1039 
2012-04-21,3.0294,18.2125,8.4973 
2012-04-22,2.9417,6.9191,0.0486 
2012-04-23,3.9142,9.9609,0.0358 
2012-04-24,3.8032,13.5595,2.6246e-06 
2012-04-25,8.0375,16.2366,0.1981 
2012-04-26,9.9456,16.3324,8.0978 
2012-04-27,0.3617,12.0559,0.0058 
2012-04-28,3.3587,8.7009,2.6591 
2012-04-29,3.3170,13.5300,0.0135 
2012-04-30,8.3562,24.1055,4.3327 
2012-05-01,12.7744,19.6739,7.7835 
2012-05-02,16.7203,25.5413,8.0049 
2012-05-03,20.0130,28.9715,0.0023 
2012-05-04,19.5563,28.5358,6.2771 
2012-05-05,13.3209,20.6695,1.6089 
2012-05-06,11.3921,20.8033,0.0032 
2012-05-07,16.6672,26.0485,13.5612 
2012-05-08,14.9492,21.8418,14.1073 
2012-05-09,13.3046,19.7708,1.9419 
2012-05-10,7.0315,15.0891,0.7350 
2012-05-11,10.5070,19.8288,9.8643e-07 
2012-05-12,13.6485,21.1728,4.1735e-05 
2012-05-13,14.3366,20.4128,0.0162 
2012-05-14,13.3670,20.8039,0.0055 
2012-05-15,16.3013,24.5092,1.6969e-04 
2012-05-16,15.9839,24.3509,0.0087 
2012-05-17,8.3758,16.9228,8.1451e-05 
2012-05-18,11.1141,23.1249,0.0000 
2012-05-19,19.7959,27.3893,7.7386e-05 
2012-05-20,21.9659,28.9566,4.3598e-05 
2012-05-21,21.7772,28.4337,0.0087 
2012-05-22,13.4871,20.7480,0.0567 
2012-05-23,14.9778,24.1309,3.7700e-05 
2012-05-24,20.1497,27.0096,3.3736e-04 
2012-05-25,21.5256,29.8927,1.8125 
2012-05-26,18.4692,27.3194,4.2205 
2012-05-27,20.4784,32.0792,0.1387 
2012-05-28,23.9648,32.6476,0.0751 
2012-05-29,19.8201,31.8980,3.6702 
2012-05-30,17.2024,26.4327,0.0035 
2012-05-31,12.6976,21.3345,8.3623e-05 
2012-06-01,13.4465,18.7658,12.0752 
2012-06-02,7.8973,19.3806,0.1293 
2012-06-03,13.6445,23.5829,0.0148 
2012-06-04,14.4590,23.1196,0.0010 
2012-06-05,11.9530,18.3316,0.8108 
2012-06-06,13.2026,21.4428,0.0448 
2012-06-07,15.6517,23.9364,0.0312 
2012-06-08,17.0011,26.7470,0.0106 
2012-06-09,20.0019,29.1068,2.5695e-04 
2012-06-10,22.8691,30.6659,0.0000 
2012-06-11,20.9443,30.2751,1.1231 
2012-06-12,20.7945,25.1891,0.3189 
2012-06-13,13.7636,22.9050,2.9020e-04 
2012-06-14,13.5285,25.7145,0.0011 
2012-06-15,18.8837,29.5719,0.0022 
2012-06-16,20.8238,29.4432,0.0088 
2012-06-17,20.0695,28.7553,9.5504 
2012-06-18,19.8711,29.2932,5.3359 
2012-06-19,22.2946,32.2132,0.7839 
2012-06-20,24.1939,32.2831,0.0000 
2012-06-21,24.2303,31.8485,0.0014 
2012-06-22,18.9980,29.3788,2.0085 
2012-06-23,19.0748,26.1685,0.0073 
2012-06-24,21.1824,28.9816,0.0037 
2012-06-25,18.0800,28.9284,0.0045 
2012-06-26,15.8238,23.9581,1.9959e-04 
2012-06-27,20.0017,29.3814,0.0000 
2012-06-28,21.6792,36.0332,0.0013 
2012-06-29,25.3403,33.2064,3.1092 
2012-06-30,20.2054,30.4325,4.2117 
2012-07-01,22.6100,30.7603,2.0168 
2012-07-02,25.4741,30.8096,1.2311 
2012-07-03,26.0360,33.2371,0.4808 
2012-07-04,25.0641,34.5351,0.0654 
2012-07-05,28.4721,35.1611,5.0465 
2012-07-06,26.0307,34.4715,0.8926 
2012-07-07,28.8290,35.6453,8.5691e-05 
2012-07-08,21.8644,34.5699,0.0037 
2012-07-09,19.0124,27.4282,0.0157 
2012-07-10,21.0823,26.6958,0.1848 
2012-07-11,19.6952,27.4875,0.0236 
2012-07-12,20.8371,28.4338,0.2871 
2012-07-13,21.0651,28.8485,0.0377 
2012-07-14,20.6752,28.7649,0.0628 
2012-07-15,22.3307,29.5547,0.5086 
2012-07-16,23.9455,31.9777,0.1252 
2012-07-17,25.8441,34.9450,0.0023 
2012-07-18,25.6378,31.7425,1.4242 
2012-07-19,24.0525,28.9068,12.0725 
2012-07-20,19.8400,22.6761,4.1695 
2012-07-21,19.0171,26.6305,0.0039 
2012-07-22,21.9610,29.7546,9.3873e-04 
2012-07-23,23.7757,31.4503,0.9005 
2012-07-24,21.1865,30.8020,2.6613 
2012-07-25,18.1870,27.6663,0.1400 
2012-07-26,25.5330,29.6112,0.3588 
2012-07-27,22.3542,28.1427,4.8537 
2012-07-28,18.1356,24.2997,6.1212 
2012-07-29,20.0824,25.7185,0.0248 
2012-07-30,21.9650,28.0474,9.9287e-05 
2012-07-31,24.3792,29.4609,0.0650 
2012-08-01,21.1518,26.6107,0.0036 
2012-08-02,21.6926,30.0469,0.0011 
2012-08-03,25.4985,32.1382,2.7738e-06 
2012-08-04,22.3686,31.6170,1.1057 
2012-08-05,21.1895,28.6522,34.0075 
2012-08-06,17.6018,25.5617,0.0018 
2012-08-07,20.9698,28.4610,1.4329e-04 
2012-08-08,24.8519,29.2816,0.1647 
2012-08-09,20.8252,27.9328,2.3112 
2012-08-10,17.0232,21.5931,18.0961 
2012-08-11,14.3697,19.8675,1.4347 
2012-08-12,14.9835,22.7881,0.0476 
2012-08-13,20.1142,25.2519,0.3119 
2012-08-14,16.9996,21.5615,8.5160 
2012-08-15,17.9347,24.8379,0.5715 
2012-08-16,19.1651,27.2721,0.0756 
2012-08-17,17.9925,26.2964,0.2002 
2012-08-18,15.1599,21.3718,0.0025 
2012-08-19,17.2380,22.3276,0.1776 
2012-08-20,17.6453,21.7443,0.4174 
2012-08-21,17.6103,22.2716,1.5736 
2012-08-22,16.7002,24.4882,0.2152 
2012-08-23,21.4316,27.1869,0.0071 
2012-08-24,23.0617,28.7402,2.4224e-04 
2012-08-25,20.2953,29.6750,2.6487e-04 
2012-08-26,20.4744,30.0377,9.8351e-05 
2012-08-27,20.8758,29.8108,19.2290 
2012-08-28,18.1304,24.3455,0.3552 
2012-08-29,18.0073,23.5001,0.0032 
2012-08-30,17.5622,28.7387,0.0094 
2012-08-31,21.0586,31.4523,0.0000 
2012-09-01,22.9476,30.2155,3.5282 
2012-09-02,21.8380,26.6242,19.6531 
2012-09-03,21.6127,26.8361,0.6809 
2012-09-04,22.3692,26.3799,7.0793 
2012-09-05,19.5874,26.8980,1.8104 
2012-09-06,19.6441,26.5115,0.0962 
2012-09-07,21.2655,27.6911,2.6295 
2012-09-08,14.8470,26.9950,39.1692 
2012-09-09,13.2966,18.9565,0.1393 
2012-09-10,15.0363,19.0320,0.0203 
2012-09-11,14.4183,21.9140,0.0017 
2012-09-12,15.6743,24.8979,0.0016 
2012-09-13,20.9298,25.7422,3.9590e-04 
2012-09-14,13.9092,24.9597,2.4114 
2012-09-15,14.5244,18.9328,0.2655 
2012-09-16,14.8929,21.1892,0.0243 
2012-09-17,15.8562,23.3540,0.0032 
2012-09-18,14.7221,21.8253,15.6033 
2012-09-19,8.0548,15.9513,0.1195 
2012-09-20,10.3025,17.7619,0.0033 
2012-09-21,12.6199,19.4462,0.9209 
2012-09-22,10.6034,18.3747,21.9229 
2012-09-23,5.9556,12.4865,0.1508 
2012-09-24,5.7982,14.3668,0.0113 
2012-09-25,8.7422,19.1194,2.0958 
2012-09-26,14.9952,19.0998,13.4708 
2012-09-27,13.7510,17.8900,4.7126 
2012-09-28,11.9893,15.6283,0.1808 
2012-09-29,11.8263,17.9941,0.0405 
2012-09-30,12.3606,17.3689,0.0010 
2012-10-01,10.7898,15.4110,0.0258 
2012-10-02,11.4306,18.2859,14.7522 
2012-10-03,12.5445,18.1209,3.0609 
2012-10-04,13.1523,21.0534,0.0243 
2012-10-05,9.6448,19.8608,3.2470 
2012-10-06,4.0470,8.8337,17.0515 
2012-10-07,4.0814,8.1126,0.2747 
2012-10-08,3.3785,9.4215,0.0518 
2012-10-09,2.6629,13.5783,0.0823 
2012-10-10,6.6311,12.1152,0.7816 
2012-10-11,0.9795,12.7886,1.1693e-04 
2012-10-12,5.0976,11.3582,0.0146 
2012-10-13,3.2000,19.9107,0.5985 
2012-10-14,17.5540,20.7251,3.1361 
2012-10-15,8.3734,18.6928,2.1844 
2012-10-16,4.4112,13.2294,0.2869 
2012-10-17,10.9198,20.8857,0.5007 
2012-10-18,10.7956,19.8473,3.1632 
2012-10-19,7.7316,13.3965,3.3184 
2012-10-20,7.1648,10.5284,2.4942 
2012-10-21,5.5661,14.3183,0.0764 
2012-10-22,9.8121,22.1712,0.4086 
2012-10-23,16.7647,21.2164,3.2243 
2012-10-24,15.7613,22.5441,1.3259 
2012-10-25,14.6909,22.6718,1.2156e-04 
2012-10-26,7.2597,21.3450,8.4269 
2012-10-27,5.5452,8.6597,14.5498 
2012-10-28,4.4074,7.8443,2.6189 
2012-10-29,4.3341,5.0790,18.9490 
2012-10-30,2.7748,6.7007,22.2490 
2012-10-31,1.5700,5.8949,6.9330 
2012-11-01,3.1313,6.6690,0.7143 
2012-11-02,-1.3782,5.3006,0.0255 
2012-11-03,-1.5724,5.2502,0.0327 
2012-11-04,1.3725,4.1044,0.0198 
2012-11-05,0.5553,3.8701,0.1187 
2012-11-06,-1.2036,6.7052,0.0047 
2012-11-07,1.6550,7.0548,0.0024 
2012-11-08,1.8220,7.0484,0.0032 
2012-11-09,2.3550,12.4043,8.5682e-04 
2012-11-10,7.3941,16.5637,2.8143 
2012-11-11,10.3942,17.2615,0.0110 
2012-11-12,0.5093,16.6924,12.6855 
2012-11-13,-4.3868,1.3548,0.0307 
2012-11-14,-0.9656,3.8352,0.0073 
2012-11-15,0.1126,5.0656,3.5953e-04 
2012-11-16,2.5659,7.4430,4.3314e-04 
2012-11-17,3.5567,10.8643,8.2785e-05 
2012-11-18,3.5556,11.4699,0.0012 
2012-11-19,6.4435,11.3570,7.6556e-04 
2012-11-20,7.0986,11.6025,0.0106 
2012-11-21,6.5376,13.9538,0.0112 
2012-11-22,6.9807,15.7047,4.6396e-07 
2012-11-23,0.2871,13.6662,0.9358 
2012-11-24,-1.7815,0.9187,0.1046 
2012-11-25,-5.4226,5.0480,0.1712 
2012-11-26,-1.6148,3.6415,0.0039 
2012-11-27,-4.6009,1.8850,0.1985 
2012-11-28,-4.0526,3.5875,1.7843e-04 
2012-11-29,-2.5508,7.4253,4.4093e-04 
2012-11-30,0.7330,10.5147,0.0000 
2012-12-01,3.9756,15.3451,8.0447e-04 
2012-12-02,11.7351,15.1513,4.4107 
2012-12-03,11.6325,16.8847,0.0954 
2012-12-04,8.1555,16.8554,8.2432 
2012-12-05,-0.9115,8.5031,0.1288 
2012-12-06,-4.2008,4.7591,0.0090 
2012-12-07,3.3856,7.7680,1.5352 
2012-12-08,4.5460,9.8033,6.5157 
2012-12-09,1.4731,11.8068,2.4657 
2012-12-10,0.7136,12.3116,10.0696 
2012-12-11,-3.6257,0.6270,0.3256 
2012-12-12,-4.5734,3.2331,0.0367 
2012-12-13,-1.7006,4.9858,1.8607e-04 
2012-12-14,-1.2072,7.0807,0.0046 
2012-12-15,1.6650,7.5281,0.6101 
2012-12-16,6.6442,12.4054,0.3132 
2012-12-17,4.2124,10.4402,0.0239 
2012-12-18,1.3272,5.3038,4.0064 
2012-12-19,1.7620,5.1602,0.1883 
2012-12-20,2.3877,10.2583,11.5599 
2012-12-21,-1.0358,8.7884,6.2080 
2012-12-22,-4.3855,-1.0324,0.2353 
2012-12-23,-7.4989,-0.8930,0.0056 
2012-12-24,-4.6816,0.0020,0.6950 
2012-12-25,-2.7148,-0.1910,0.2019 
2012-12-26,-3.3660,-0.5350,12.4778 
2012-12-27,-3.8904,-0.5034,1.9591 
2012-12-28,-7.4010,-2.9988,0.0960 
2012-12-29,-4.6278,-1.2386,4.1231 
2012-12-30,-8.6585,-2.2502,0.4539 
2012-12-31,-8.9099,-0.3022,1.2909 
2013-01-01,-7.5714,-0.4922,0.8378 
2013-01-02,-10.5950,-8.1051,0.0080 
2013-01-03,-11.4345,-4.5334,0.0093 
2013-01-04,-8.6657,-4.1173,0.0422 
2013-01-05,-8.2341,-2.0663,0.0749 
2013-01-06,-1.9300,0.3648,0.3629 
2013-01-07,-4.4609,-0.8273,0.0860 
2013-01-08,-4.0308,1.2227,1.4517e-05 
2013-01-09,0.3020,2.4116,0.9033 
2013-01-10,-1.1365,1.9261,0.0999 
2013-01-11,1.9569,13.9580,13.9708 
2013-01-12,8.2458,14.6101,0.0634 
2013-01-13,5.7642,17.8080,26.7665 
2013-01-14,-5.8678,5.6020,9.5080 
2013-01-15,-7.0313,-1.4554,0.0023 
2013-01-16,-2.9809,1.2852,0.0010 
2013-01-17,-2.9877,0.2061,0.0636 
2013-01-18,-9.0001,0.7060,0.0261 
2013-01-19,0.8538,8.3266,0.0012 
2013-01-20,-7.4847,8.4798,0.1236 
2013-01-21,-10.2006,-5.6801,0.8548 
2013-01-22,-15.0573,-10.8130,0.2886 
2013-01-23,-16.3714,-9.0918,0.1966 
2013-01-24,-15.3244,-8.4026,0.6806 
2013-01-25,-10.7055,-5.8155,2.9179 
2013-01-26,-9.9621,-5.4838,0.9811 
2013-01-27,-8.6910,-1.3596,0.0372 
2013-01-28,-1.2269,11.5806,4.7953 
2013-01-29,8.4013,14.3513,2.9087 
2013-01-30,11.0078,16.4681,11.1738 
2013-01-31,-7.4468,10.4799,1.8697 
2013-02-01,-11.7400,-6.7535,0.4151 
2013-02-02,-13.9766,-4.3662,2.6227 
2013-02-03,-9.5668,-4.3667,0.6607 
2013-02-04,-12.1425,-4.6297,3.4554 
2013-02-05,-8.2631,-3.2487,0.4272 
2013-02-06,-9.6450,-1.8642,0.4649 
2013-02-07,-5.5048,2.1466,0.0250 
2013-02-08,-3.6445,3.4992,2.7231 
2013-02-09,-9.0250,-1.8640,0.0738 
2013-02-10,-4.9565,8.4836,0.0059 
2013-02-11,0.9526,10.2098,0.1958 
2013-02-12,-4.1736,2.6372,2.3094e-04 
2013-02-13,-4.6017,2.4385,0.0035 
2013-02-14,-1.5199,6.3258,0.1554 
2013-02-15,-2.6247,5.8291,0.1237 
2013-02-16,-8.0282,-2.1260,1.3532 
2013-02-17,-10.3681,-5.4981,0.7251 
2013-02-18,-9.9051,5.9901,0.0185 
2013-02-19,-6.6525,7.2032,3.8969 
2013-02-20,-9.4264,-5.2676,0.2371 
2013-02-21,-12.2129,-4.6263,0.1836 
2013-02-22,-7.7726,4.2502,4.0420 
2013-02-23,-3.9267,3.4999,0.1283 
2013-02-24,-8.7114,0.2228,0.0781 
2013-02-25,-2.7226,4.2510,0.0017 
2013-02-26,-2.5881,4.3955,17.8670 
2013-02-27,2.1444,7.8477,11.5196 
2013-02-28,-0.7077,1.6021,2.6790 
2013-03-01,-3.9338,0.5755,0.0823 
2013-03-02,-6.9771,-2.7006,0.5623 
2013-03-03,-6.8198,-3.1071,0.6688 
2013-03-04,-9.1571,0.0460,0.3140 
2013-03-05,-5.5199,2.8273,0.1076 
2013-03-06,-1.3036,1.5468,5.1624 
2013-03-07,-2.6347,0.6502,0.1040 
2013-03-08,-5.0249,2.4157,0.1083 
2013-03-09,-0.4206,9.2259,0.0207 
2013-03-10,7.3862,15.2085,0.1764 
2013-03-11,8.9535,14.7434,15.2917 
2013-03-12,-0.3918,7.8976,1.3592 
2013-03-13,-2.3628,2.3076,0.4741 
2013-03-14,-7.3120,2.7471,0.0301 
2013-03-15,-3.6661,6.6493,0.0931 
2013-03-16,-0.5472,6.1005,3.7190 
2013-03-17,-5.3071,-0.8870,0.0548 
2013-03-18,-3.1229,8.9148,4.8500 
2013-03-19,-6.3846,6.3559,0.1924 
2013-03-20,-6.2849,-1.9036,0.0710 
2013-03-21,-10.3109,-1.1243,0.3207 
2013-03-22,-7.6015,2.4111,0.0279 
2013-03-23,-4.4533,3.8156,0.0184 
2013-03-24,-4.1741,2.6500,0.0417 
2013-03-25,-0.7719,0.6699,5.6990 
2013-03-26,-2.1954,1.3854,2.1307 
2013-03-27,-4.6153,4.2536,1.2518 
2013-03-28,-3.3731,7.3522,0.0320 
2013-03-29,1.5102,8.0811,0.0047 
2013-03-30,3.0476,11.8432,1.3157e-04 
2013-03-31,7.4965,13.8154,0.0393 
2013-04-01,0.9093,13.2372,0.0727 
2013-04-02,-5.6273,4.0145,0.0285 
2013-04-03,-3.7659,4.2242,6.9965e-04 
2013-04-04,-3.8511,10.9642,2.4025e-04 
2013-04-05,1.8307,10.5902,0.0029 
2013-04-06,-1.5174,14.0389,0.0056 
2013-04-07,13.3323,20.1826,0.0704 
2013-04-08,6.8741,22.6294,0.0125 
2013-04-09,10.0145,25.3854,0.1368 
2013-04-10,12.5366,24.0575,23.3733 
2013-04-11,7.6208,16.5930,20.5739 
2013-04-12,5.9605,12.7614,20.5154 
2013-04-13,-0.1002,5.7994,0.2437 
2013-04-14,2.6699,16.2948,0.0297 
2013-04-15,11.0637,19.8699,0.0036 
2013-04-16,12.0572,19.4127,5.4493 
2013-04-17,8.1462,15.7472,4.6707 
2013-04-18,15.3201,25.9968,0.1122 
2013-04-19,3.6866,25.3316,7.1401 
2013-04-20,0.8048,5.1902,0.5448 
2013-04-21,-0.5044,8.4134,3.5286e-04 
2013-04-22,4.0058,17.4589,1.6890e-04 
2013-04-23,7.9720,21.1707,0.5194 
2013-04-24,2.5184,19.6364,21.1652 
2013-04-25,0.5664,8.4638,0.2786 
2013-04-26,4.9051,13.8005,0.0054 
2013-04-27,10.0292,19.9245,0.0120 
2013-04-28,11.0567,19.5980,11.9614 
2013-04-29,11.8219,17.6264,2.4155 
2013-04-30,11.7552,23.5636,0.0148 
2013-05-01,14.7511,26.1585,0.0000 
2013-05-02,14.7583,25.6899,9.9230e-06 
2013-05-03,17.3970,23.2829,2.3092e-04 
2013-05-04,13.6580,22.0153,1.2387e-04 
2013-05-05,12.9113,19.8250,2.4669e-04 
2013-05-06,12.0389,20.3577,3.8122e-04 
2013-05-07,13.8669,20.4886,0.0328 
2013-05-08,15.3735,20.7737,0.1653 
2013-05-09,17.1654,24.5981,0.2541 
2013-05-10,15.0224,24.4417,7.3892 
2013-05-11,6.7675,17.2634,2.6106 
2013-05-12,2.5916,12.3605,0.8411 
2013-05-13,1.6725,10.2175,0.0761 
2013-05-14,6.7777,24.0624,0.0178 
2013-05-15,19.9520,27.7885,0.5362 
2013-05-16,17.2132,26.1745,0.5244 
2013-05-17,13.8393,25.2032,0.3389 
2013-05-18,15.4230,23.4981,0.1196 
2013-05-19,17.6897,25.3213,0.0224 
2013-05-20,18.9680,29.5076,0.0025 
2013-05-21,21.1652,29.1760,0.0522 
2013-05-22,20.0539,26.6995,1.2718 
2013-05-23,10.0330,24.1065,5.1504 
2013-05-24,5.2063,11.4652,1.4419 
2013-05-25,6.4145,14.5985,0.0000 
2013-05-26,7.9692,16.1292,0.0017 
2013-05-27,11.4479,15.7203,2.6876 
2013-05-28,12.2384,26.1112,7.4652 
2013-05-29,20.3578,28.1083,0.0355 
2013-05-30,21.5375,29.1514,0.0044 
2013-05-31,21.3944,28.6832,11.3508 
2013-06-01,21.8639,25.9893,5.8658 
2013-06-02,17.7355,24.0435,4.9915 
2013-06-03,10.4786,19.3938,0.1434 
2013-06-04,12.1245,19.0910,0.0061 
2013-06-05,11.8857,21.5708,0.0397 
2013-06-06,14.6780,20.7527,4.0027 
2013-06-07,12.5110,18.6971,0.2709 
2013-06-08,12.7624,21.9107,0.0121 
2013-06-09,16.8493,25.6595,0.5511 
2013-06-10,18.8794,25.3022,15.2722 
2013-06-11,16.7616,26.3329,2.4426 
2013-06-12,21.0690,27.9403,0.9470 
2013-06-13,17.1291,26.0978,26.7374 
2013-06-14,13.6559,20.1130,0.0472 
2013-06-15,15.5496,24.2982,0.6550 
2013-06-16,18.6819,25.0944,5.2916 
2013-06-17,17.7732,27.3260,0.4250 
2013-06-18,18.1041,27.1208,0.0152 
2013-06-19,12.9236,20.9321,0.0055 
2013-06-20,15.5792,24.9285,1.6009e-05 
2013-06-21,21.0292,28.7066,0.0011 
2013-06-22,21.9387,31.7724,0.2548 
2013-06-23,22.5323,29.3048,1.1309 
2013-06-24,21.1708,28.9198,0.5119 
2013-06-25,21.0468,30.3794,2.8356 
2013-06-26,18.7034,29.5342,12.7328 
2013-06-27,19.5520,28.9735,11.7086 
2013-06-28,17.7093,26.1665,9.5599 
2013-06-29,17.9490,21.5327,3.6579 
2013-06-30,17.1601,20.7139,4.5558 
2013-07-01,17.8027,21.6763,7.4695 
2013-07-02,18.1354,25.0657,1.4037 
2013-07-03,18.0979,27.1321,0.8627 
2013-07-04,18.2703,24.2587,5.6002 
2013-07-05,18.9918,24.3316,8.7181 
2013-07-06,20.4276,24.7409,4.9295 
2013-07-07,18.8152,25.2544,1.8726 
2013-07-08,20.4080,29.0147,6.2054 
2013-07-09,20.3559,27.5284,52.0855 
2013-07-10,21.4083,29.1175,32.0546 
2013-07-11,18.3929,21.8080,0.7255 
2013-07-12,16.8622,22.6044,0.0021 
2013-07-13,18.4582,25.8230,0.0056 
2013-07-14,21.5174,28.2548,0.0138 
2013-07-15,24.0813,30.1756,0.0351 
2013-07-16,26.0508,30.5897,0.4961 
2013-07-17,25.5542,31.1453,0.3060 
2013-07-18,26.3893,31.5356,0.0088 
2013-07-19,24.1302,31.6721,0.7687 
2013-07-20,23.4180,30.7155,27.8371 
2013-07-21,21.0043,26.8018,0.9892 
2013-07-22,18.9602,25.2463,10.0110 
2013-07-23,18.8679,27.2424,0.4619 
2013-07-24,15.7138,21.4812,0.0070 
2013-07-25,15.4827,21.0681,0.0113 
2013-07-26,17.3295,24.6162,0.0102 
2013-07-27,16.6875,24.3229,13.3797 
2013-07-28,11.2281,19.2200,1.3194 
2013-07-29,13.6073,21.2634,0.2034 
2013-07-30,15.9500,23.6214,0.0238 
2013-07-31,20.8173,24.4258,1.3289 
2013-08-01,17.1420,23.6721,4.8966 
2013-08-02,16.1256,23.4919,6.9093 
2013-08-03,17.2586,22.9590,8.4855 
2013-08-04,15.1144,22.6566,0.0939 
2013-08-05,16.4003,22.6621,0.0166 
2013-08-06,17.3834,25.9340,0.0869 
2013-08-07,21.3043,28.8352,5.8428 
2013-08-08,19.1861,28.0871,6.7293 
2013-08-09,18.5136,24.8855,1.9439 
2013-08-10,20.4061,24.5623,0.0413 
2013-08-11,18.8872,24.1769,0.2776 
2013-08-12,19.0464,26.3830,0.1762 
2013-08-13,16.8949,24.3490,0.7197 
2013-08-14,10.6634,18.5291,1.0406e-04 
2013-08-15,14.2291,20.6824,4.2373e-04 
2013-08-16,16.6320,22.2310,0.0131 
2013-08-17,17.5687,23.6530,1.5087e-04 
2013-08-18,19.3873,24.6753,0.0274 
2013-08-19,17.9709,25.9243,0.0250 
2013-08-20,20.3556,27.4094,0.0027 
2013-08-21,21.1812,27.5511,0.0463 
2013-08-22,20.7281,28.0748,2.1571 
2013-08-23,19.6570,27.2553,0.5064 
2013-08-24,19.1001,25.5674,0.0021 
2013-08-25,18.9916,28.2819,4.2197e-04 
2013-08-26,19.9857,30.8488,0.0057 
2013-08-27,21.2233,29.8553,3.7914 
2013-08-28,21.8539,29.4967,7.6344 
2013-08-29,19.6062,27.6864,0.2258 
2013-08-30,22.8788,28.3307,0.0248 
2013-08-31,22.4369,27.5147,1.2200 
2013-09-01,19.8506,27.2232,0.5568 
2013-09-02,21.2969,26.7415,0.7380 
2013-09-03,11.7456,22.1106,0.0288 
2013-09-04,15.1526,24.3146,0.0085 
2013-09-05,16.3587,23.5375,7.1994e-04 
2013-09-06,13.5165,22.4214,0.0055 
2013-09-07,16.9210,27.8262,0.0171 
2013-09-08,19.0882,25.9934,0.0274 
2013-09-09,14.9652,29.4118,0.1331 
2013-09-10,24.1366,31.9550,0.0052 
2013-09-11,24.0860,31.7266,0.4382 
2013-09-12,18.6403,29.7569,9.3363 
2013-09-13,11.1829,21.2602,4.5800 
2013-09-14,9.5176,17.5470,0.0078 
2013-09-15,11.7790,19.0617,0.0331 
2013-09-16,11.1563,18.1959,3.4673 
2013-09-17,9.9681,19.6905,0.0017 
2013-09-18,13.8913,22.8987,0.0026 
2013-09-19,15.6729,26.5037,0.0586 
2013-09-20,19.2404,26.7475,6.2732 
2013-09-21,16.1621,23.0408,33.8641 
2013-09-22,9.1924,16.6191,0.0090 
2013-09-23,9.8146,14.7536,0.0337 
2013-09-24,8.5904,17.2104,0.0041 
2013-09-25,11.9636,18.3241,0.0336 
2013-09-26,14.0054,20.3129,0.2403 
2013-09-27,14.1247,20.5966,0.0273 
2013-09-28,14.5975,22.8639,0.0399 
2013-09-29,15.1296,21.2755,0.2949 
2013-09-30,14.4248,19.6505,0.2501 
2013-10-01,15.9768,23.0932,0.0183 
2013-10-02,16.2886,24.2472,4.7669e-04 
2013-10-03,18.8126,24.2623,0.7066 
2013-10-04,19.2732,26.2753,11.1127 
2013-10-05,19.4952,24.7832,10.2989 
2013-10-06,15.2253,23.2041,17.6216 
2013-10-07,6.3703,14.4996,11.9931 
2013-10-08,9.7662,16.6090,0.0120 
2013-10-09,11.0734,18.1472,0.0011 
2013-10-10,11.3020,18.6279,1.6158e-05 
2013-10-11,12.6691,20.0998,0.0070 
2013-10-12,14.6519,21.9410,0.0183 
2013-10-13,13.9215,21.2504,0.0010 
2013-10-14,10.4556,16.0562,0.0069 
2013-10-15,10.2227,19.8986,0.1328 
2013-10-16,14.1054,19.2513,7.7990 
2013-10-17,7.6140,13.0362,1.3766 
2013-10-18,5.2922,15.2602,0.0705 
2013-10-19,5.0523,13.5568,6.2611 
2013-10-20,3.2346,12.9374,0.1264 
2013-10-21,7.9591,13.9626,0.7084 
2013-10-22,0.6433,10.7209,1.8785 
2013-10-23,2.4675,6.5589,1.0085 
2013-10-24,-2.6017,5.3978,0.5470 
2013-10-25,-1.9905,6.7549,0.0261 
2013-10-26,0.7689,8.8124,0.0685 
2013-10-27,2.2999,9.9260,0.1953 
2013-10-28,5.2101,11.3101,0.0163 
2013-10-29,4.4782,13.0721,4.4794e-04 
2013-10-30,9.4041,18.2354,0.0502 
2013-10-31,15.0534,17.2474,10.3229 
2013-11-01,7.6871,17.3872,19.2023 
2013-11-02,5.0902,9.4488,3.8351 
2013-11-03,2.2337,6.3013,0.8971 
2013-11-04,0.1841,8.2249,0.0415 
2013-11-05,7.7617,13.6885,0.0100 
2013-11-06,9.1250,14.3345,2.7023 
2013-11-07,2.6670,13.9504,4.3114 
2013-11-08,-1.4939,5.1923,0.4597 
2013-11-09,2.0440,12.4250,9.0551e-04 
2013-11-10,3.8806,12.4203,0.0017 
2013-11-11,0.6365,8.8078,1.3382 
2013-11-12,-4.6569,3.4331,6.0131 
2013-11-13,-9.1135,-0.5671,0.0757 
2013-11-14,-2.3373,5.4681,0.0000 
2013-11-15,2.3949,7.6228,8.2874e-06 
2013-11-16,2.7653,12.7120,0.0488 
2013-11-17,12.6677,17.2346,12.0747 
2013-11-18,2.1010,16.9984,4.8372 
2013-11-19,-3.3359,2.4033,4.8803e-04 
2013-11-20,-3.0343,6.6914,0.0162 
2013-11-21,3.6736,8.8625,4.8705 
2013-11-22,2.3927,9.0480,4.0508 
2013-11-23,-5.0013,1.4786,0.1291 
2013-11-24,-10.6379,-5.3768,0.0405 
2013-11-25,-9.2084,-0.1512,0.0302 
2013-11-26,-1.1608,0.1528,1.3724 
2013-11-27,-6.3334,-0.7797,0.4709 
2013-11-28,-9.1185,-1.8952,0.1735 
2013-11-29,-4.9020,-0.4298,0.0712 
2013-11-30,-4.7914,4.8218,0.0482 
2013-12-01,0.5769,6.0300,0.0144 
2013-12-02,0.1844,4.6745,0.0482 
2013-12-03,-0.0852,10.0217,0.2097 
2013-12-04,6.0970,13.4833,0.0816 
2013-12-05,1.5386,16.2644,0.6239 
2013-12-06,-3.8676,0.5951,2.3130 
2013-12-07,-9.2663,-4.1060,0.1557 
2013-12-08,-7.8851,-2.9876,0.8838 
2013-12-09,-4.6636,0.7183,0.5308 
2013-12-10,-12.1279,-4.9672,0.1218 
2013-12-11,-12.9341,-6.7424,0.6915 
2013-12-12,-17.2835,-7.3479,0.1021 
2013-12-13,-11.8333,-5.2329,1.8794e-05 
2013-12-14,-6.1104,0.6830,8.8327 
2013-12-15,-9.4126,0.4541,1.5885 
2013-12-16,-13.8791,-8.2707,0.1537 
2013-12-17,-7.7037,-2.3443,2.4712 
2013-12-18,-7.7582,-4.0675,0.2481 
2013-12-19,-6.1159,2.8463,1.0751 
2013-12-20,2.8347,12.6369,3.5488 
2013-12-21,4.0010,13.8985,32.8770 
2013-12-22,3.7115,13.2535,38.9155 
2013-12-23,-2.7304,5.5933,0.3826 
2013-12-24,-14.8930,-3.2606,0.4022 
2013-12-25,-10.5547,-4.1126,0.3029 
2013-12-26,-3.9281,-2.9104,0.6390 
2013-12-27,-5.1878,2.5278,0.0691 
2013-12-28,1.2856,7.7596,0.0016 
2013-12-29,1.9989,5.9311,0.5554 
2013-12-30,-10.7745,2.4822,0.3896 
2013-12-31,-9.3355,-6.2470,0.7437 
2014-01-01,-8.0302,-5.3763,4.1563 
2014-01-02,-12.7231,-5.4785,7.2950 
2014-01-03,-20.7280,-12.3951,0.2497 
2014-01-04,-17.2760,-2.0330,0.0036 
2014-01-05,-3.1417,1.5271,10.4880 
2014-01-06,-24.6612,1.0363,13.4913 
2014-01-07,-25.9598,-18.9617,0.0122 
2014-01-08,-18.9038,-7.9751,0.1811 
2014-01-09,-12.3941,-2.6365,0.3018 
2014-01-10,-2.1576,3.7789,1.7958 
2014-01-11,0.7536,10.0891,13.9017 
2014-01-12,-2.2540,3.6566,0.0760 
2014-01-13,2.9610,8.1614,0.5232 
2014-01-14,-3.8111,7.7272,0.9291 
2014-01-15,-5.8754,2.9807,0.3444 
2014-01-16,-8.9833,-2.2423,1.6677 
2014-01-17,-6.1017,-0.4622,3.1883 
2014-01-18,-12.9538,-7.7936,0.3994 
2014-01-19,-8.9613,-4.2825,1.1167 
2014-01-20,-4.8339,0.4899,0.0735 
2014-01-21,-13.6932,-5.3399,1.0526 
2014-01-22,-18.5492,-13.6394,0.3758 
2014-01-23,-14.7692,-11.5937,1.2146 
2014-01-24,-21.7627,-11.6006,0.1034 
2014-01-25,-10.5852,-2.3637,8.5368 
2014-01-26,-16.7562,-0.2338,3.0977 
2014-01-27,-16.9585,-0.6847,1.9201 
2014-01-28,-26.6586,-17.5915,0.0127 
2014-01-29,-24.2489,-12.4312,0.0021 
2014-01-30,-14.0231,-4.9007,0.0000 
2014-01-31,-4.2154,-1.5872,0.3213 
2014-02-01,-2.3663,3.0432,6.3542 
2014-02-02,-4.6127,3.3407,9.1925 
2014-02-03,-11.0832,-4.9699,0.0089 
2014-02-04,-10.3289,-5.5292,0.0610 
2014-02-05,-6.9356,-5.3352,15.8808 
2014-02-06,-13.2877,-7.4249,0.6483 
2014-02-07,-21.4333,-11.9914,0.1035 
2014-02-08,-18.2493,-10.6368,0.1711 
2014-02-09,-10.5962,-7.4504,3.2493 
2014-02-10,-12.8410,-8.2236,0.1040 
2014-02-11,-15.4321,-12.5382,0.1116 
2014-02-12,-14.6076,-7.2747,0.1770 
2014-02-13,-10.9319,-6.0624,0.0663 
2014-02-14,-7.2412,-5.4839,0.2067 
2014-02-15,-11.7321,-6.7794,0.3653 
2014-02-16,-10.9940,-6.3584,1.1412 
2014-02-17,-14.2698,-2.4302,0.5829 
2014-02-18,-3.7542,2.4068,13.5360 
2014-02-19,0.5940,4.2062,0.0147 
2014-02-20,-2.7158,8.4313,6.3883 
2014-02-21,0.4664,11.0113,4.8664 
2014-02-22,0.1366,3.9277,0.5532 
2014-02-23,-4.9363,1.2935,0.8731 
2014-02-24,-11.0558,-4.5892,0.0032 
2014-02-25,-9.1094,-4.5670,0.1765 
2014-02-26,-12.1113,-5.7595,0.2177 
2014-02-27,-12.8631,-9.7740,0.2368 
2014-02-28,-18.1214,-3.3536,0.0113 
2014-03-01,-6.1183,3.8951,0.0891 
2014-03-02,-11.9331,-0.4626,4.8372 
2014-03-03,-18.1965,-11.1982,0.1043 
2014-03-04,-16.7145,-6.7804,0.0100 
2014-03-05,-10.3908,-6.7339,0.1460 
2014-03-06,-10.5936,2.3308,0.0862 
2014-03-07,-3.6047,7.6122,0.0034 
2014-03-08,-1.0639,6.4728,1.2548 
2014-03-09,-8.1340,2.6769,0.3525 
2014-03-10,1.3535,12.1864,0.4846 
2014-03-11,6.1291,12.0372,0.0261 
2014-03-12,-8.2741,9.4200,24.2061 
2014-03-13,-18.0838,-7.8413,0.0352 
2014-03-14,-7.8347,7.3574,0.0543 
2014-03-15,-1.1880,6.4041,0.1050 
2014-03-16,-11.4066,1.2894,0.0398 
2014-03-17,-10.9199,1.2121,3.7165e-04 
2014-03-18,-1.6845,11.2344,8.4411e-06 
2014-03-19,4.6190,10.4383,3.1263 
2014-03-20,-0.9473,8.0397,1.0615 
2014-03-21,-1.5310,12.3413,0.0957 
2014-03-22,3.1749,13.0149,0.0827 
2014-03-23,-7.5126,4.6624,0.0167 
2014-03-24,-9.6838,-0.5236,0.0913 
2014-03-25,-5.3498,-0.7578,0.3552 
2014-03-26,-10.0405,-0.2487,0.0524 
2014-03-27,-4.7580,10.1727,0.1568 
2014-03-28,8.5172,12.5316,0.6632 
2014-03-29,-1.1252,7.7350,6.6330 
2014-03-30,-4.6323,5.1442,1.0534 
2014-03-31,3.3375,13.0343,2.2475e-04 
2014-04-01,7.9798,15.3401,0.0676 
2014-04-02,3.8589,12.0451,0.0713 
2014-04-03,2.8734,9.6162,25.4362 
2014-04-04,7.4996,16.7402,7.0388 
2014-04-05,-1.7759,6.4693,0.3924 
2014-04-06,2.6273,11.0750,1.6065e-07 
2014-04-07,5.5458,10.6032,7.3576 
2014-04-08,4.1895,12.0781,12.9760 
2014-04-09,1.7627,11.0519,0.0959 
2014-04-10,6.8268,18.9325,0.1141 
2014-04-11,11.0754,18.8896,9.7377 
2014-04-12,10.9110,22.1557,0.0086 
2014-04-13,16.6521,23.9761,0.0530 
2014-04-14,13.7745,23.6429,5.5542 
2014-04-15,-4.4781,12.7655,16.8675 
2014-04-16,-4.2172,6.4267,0.0309 
2014-04-17,0.8237,16.2531,7.5114e-06 
2014-04-18,8.0610,17.3455,2.0081e-04 
2014-04-19,2.4435,16.3674,2.1604e-04 
2014-04-20,5.8830,21.4253,0.0011 
2014-04-21,15.2945,23.0717,0.0076 
2014-04-22,13.2706,22.9447,0.3983 
2014-04-23,1.7687,12.4448,0.0119 
2014-04-24,3.4893,14.0895,0.0567 
2014-04-25,9.2462,13.5260,5.5682 
2014-04-26,9.4571,13.8740,0.3227 
2014-04-27,1.5502,13.0326,0.0012 
2014-04-28,7.8920,14.1797,11.3711 
2014-04-29,12.5458,20.6647,11.7494 
2014-04-30,12.2375,16.6088,10.0696 
2014-05-01,6.8275,15.7359,0.5327 
2014-05-02,6.8243,13.9999,0.0444 
2014-05-03,7.7597,15.6981,0.5072 
2014-05-04,9.4481,14.8769,0.4224 
2014-05-05,5.8426,14.6519,0.0033 
2014-05-06,6.3059,14.6724,0.0097 
2014-05-07,9.6432,25.8909,2.1137 
2014-05-08,18.4950,28.6967,0.5515 
2014-05-09,19.5121,28.4846,0.3640 
2014-05-10,15.4923,21.4878,0.3906 
2014-05-11,14.6195,24.0936,0.3501 
2014-05-12,19.3809,25.9838,12.0422 
2014-05-13,20.4156,27.0846,1.6563 
2014-05-14,14.0719,26.6114,18.8260 
2014-05-15,10.8213,17.2715,26.3298 
2014-05-16,1.5807,10.4363,0.2956 
2014-05-17,4.5444,11.1524,1.4697 
2014-05-18,7.2217,15.3789,0.4611 
2014-05-19,11.7542,18.4079,0.0034 
2014-05-20,14.2339,24.5148,0.8047 
2014-05-21,17.4523,25.1240,5.3736 
2014-05-22,17.1258,24.7519,1.9259 
2014-05-23,11.6648,20.7448,7.0367e-04 
2014-05-24,13.9686,21.8914,8.5493e-04 
2014-05-25,18.6196,25.0956,2.2755e-05 
2014-05-26,20.3460,28.2898,0.0035 
2014-05-27,21.3463,28.3187,2.5204 
2014-05-28,21.0475,27.5192,11.1329 
2014-05-29,15.5866,21.1089,0.8470 
2014-05-30,14.0316,23.0349,1.3276e-05 
2014-05-31,18.6308,24.2303,0.0000 
2014-06-01,17.5800,27.6610,0.0060 
2014-06-02,22.6548,28.2874,0.2565 
2014-06-03,19.7320,27.2143,4.1552 
2014-06-04,14.1563,25.9783,20.1625 
2014-06-05,12.9892,19.3697,1.9009 
2014-06-06,15.3196,22.9047,5.7145e-04 
2014-06-07,19.4513,25.0118,0.3124 
2014-06-08,14.8269,24.8275,18.1764 
2014-06-09,13.5487,21.2440,0.0610 
2014-06-10,17.6810,21.6475,0.2686 
2014-06-11,17.7483,23.5156,3.4902 
2014-06-12,18.8649,23.6894,0.6795 
2014-06-13,16.6099,23.8943,1.1463 
2014-06-14,12.1289,20.6616,0.0061 
2014-06-15,15.0355,27.1504,8.4376e-05 
2014-06-16,21.9943,27.7141,0.8127 
2014-06-17,23.4908,30.9454,0.0999 
2014-06-18,23.8250,30.6349,5.2658 
2014-06-19,19.1546,30.3024,34.0355 
2014-06-20,17.9123,24.3258,8.2112 
2014-06-21,16.8160,22.2511,2.8086 
2014-06-22,18.7599,25.5651,0.2258 
2014-06-23,21.2901,29.6737,8.0207 
2014-06-24,20.8775,29.2086,8.1563 
2014-06-25,18.9487,24.7002,18.4482 
2014-06-26,17.4789,23.6752,1.2309 
2014-06-27,19.9857,26.2245,0.0679 
2014-06-28,22.2215,28.3480,0.0829 
2014-06-29,21.5876,27.0055,5.8615 
2014-06-30,21.4510,28.1743,1.1209 
2014-07-01,22.7255,28.4759,1.7529 
2014-07-02,20.2449,27.7824,0.6983 
2014-07-03,15.1428,23.6525,0.2879 
2014-07-04,14.9707,21.3398,0.0017 
2014-07-05,17.0014,23.2257,0.0000 
2014-07-06,18.2457,26.8105,6.1056e-04 
2014-07-07,21.5761,27.0360,0.3328 
2014-07-08,19.8040,24.0603,14.7247 
2014-07-09,16.8304,22.9495,3.4381 
2014-07-10,17.2410,23.2205,0.1552 
2014-07-11,18.3522,26.2995,4.1527e-04 
2014-07-12,21.8928,28.6209,0.0126 
2014-07-13,22.7497,28.0242,0.3044 
2014-07-14,22.4372,27.9353,0.5243 
2014-07-15,15.5891,22.2174,1.6607 
2014-07-16,11.7776,19.9717,0.0619 
2014-07-17,14.4737,21.4686,0.0770 
2014-07-18,17.6376,23.5089,0.0343 
2014-07-19,16.5529,23.0373,8.5042 
2014-07-20,16.7071,25.0740,0.5317 
2014-07-21,19.6221,27.4920,0.0322 
2014-07-22,23.2328,30.5746,0.0064 
2014-07-23,21.4512,29.9265,8.0668 
2014-07-24,14.5055,21.4054,0.0322 
2014-07-25,16.2082,24.1464,0.0440 
2014-07-26,18.8939,26.4532,0.8915 
2014-07-27,18.8075,25.8067,2.3480 
2014-07-28,15.9654,18.4553,0.9449 
2014-07-29,13.1643,20.5430,0.0358 
2014-07-30,14.4024,22.4635,3.0318 
2014-07-31,15.9081,24.3974,1.1994 
2014-08-01,20.3820,26.0500,0.3600 
2014-08-02,16.9074,23.5743,4.1284 
2014-08-03,17.7571,25.6376,0.7364 
2014-08-04,20.5848,27.2781,0.1562 
2014-08-05,20.0669,27.0655,0.4295 
2014-08-06,17.8337,23.7796,0.7004 
2014-08-07,18.4305,25.0427,5.9419e-05 
2014-08-08,18.3969,24.8439,3.8189e-04 
2014-08-09,17.7070,24.5290,3.3775e-04 
2014-08-10,18.9979,27.5968,0.0023 
2014-08-11,19.1281,26.5863,24.9672 
2014-08-12,19.0452,21.8552,10.1310 
2014-08-13,13.6132,22.1327,1.5225 
2014-08-14,13.1549,21.5116,0.0731 
2014-08-15,11.3306,21.5818,0.0682 
2014-08-16,15.5151,26.5788,0.0142 
2014-08-17,18.8552,26.3362,0.5400 
2014-08-18,18.2827,24.4975,0.1221 
2014-08-19,19.9441,28.2558,1.4072 
2014-08-20,18.8561,27.8174,11.4495 
2014-08-21,20.6389,27.4462,1.0621 
2014-08-22,21.0849,27.3885,2.5661 
2014-08-23,20.8424,26.5842,0.2692 
2014-08-24,19.0179,25.9206,0.0176 
2014-08-25,20.3863,27.0184,0.1573 
2014-08-26,21.3442,30.7677,0.1231 
2014-08-27,20.0095,30.4611,0.1154 
2014-08-28,16.5875,22.1469,0.0039 
2014-08-29,15.1737,25.9437,0.0305 
2014-08-30,21.7739,28.1898,0.1379 
2014-08-31,19.3060,26.1330,0.6263 
2014-09-01,20.7526,26.1651,0.8344 
2014-09-02,19.0760,24.4857,2.3874 
2014-09-03,19.4018,25.5148,0.0824 
2014-09-04,20.2111,27.6230,0.0089 
2014-09-05,20.6898,28.6496,0.9158 
2014-09-06,17.5596,27.4730,9.6557 
2014-09-07,16.3805,21.0009,0.1229 
2014-09-08,15.2944,23.8831,0.0219 
2014-09-09,17.8038,25.1761,0.0509 
2014-09-10,18.6272,24.6402,16.4170 
2014-09-11,14.0265,24.5639,22.8237 
2014-09-12,11.5118,16.5094,0.1520 
2014-09-13,11.1708,15.2886,0.3675 
2014-09-14,9.9561,16.5074,0.0162 
2014-09-15,12.8280,18.4324,2.2637 
2014-09-16,10.9575,16.3101,6.2328 
2014-09-17,11.0109,16.9288,0.0205 
2014-09-18,13.0687,17.5441,0.0042 
2014-09-19,10.3751,20.0798,0.0248 
2014-09-20,14.9149,24.1136,0.1506 
2014-09-21,15.1380,23.1100,7.0214 
2014-09-22,6.1783,14.4231,1.2496 
2014-09-23,10.5316,18.1085,1.4936e-04 
2014-09-24,13.5096,21.6585,0.0000 
2014-09-25,12.8681,21.3710,0.0038 
2014-09-26,15.9168,22.4394,0.0012 
2014-09-27,16.1025,22.4045,7.9824e-04 
2014-09-28,17.4280,22.3941,0.0000 
2014-09-29,17.2691,23.4490,0.0583 
2014-09-30,12.9081,22.0557,6.3675 
2014-10-01,11.9506,18.3725,0.0603 
2014-10-02,12.3982,26.6882,0.0105 
2014-10-03,14.3187,25.0421,5.4516 
2014-10-04,3.2932,13.9895,2.2258 
2014-10-05,3.8629,11.7885,0.2877 
2014-10-06,8.8641,14.5548,1.1969 
2014-10-07,9.0525,14.1293,3.5924 
2014-10-08,9.2865,14.0778,1.6403 
2014-10-09,8.3412,13.0135,0.0320 
2014-10-10,7.1746,12.8896,0.0000 
2014-10-11,7.5927,11.7789,0.0144 
2014-10-12,4.4360,17.8500,1.1528e-04 
2014-10-13,14.3344,23.0496,1.2526 
2014-10-14,18.2973,22.5604,5.1823 
2014-10-15,13.0386,17.9914,5.0913 
2014-10-16,11.1605,15.8462,2.2054 
2014-10-17,9.0225,17.1534,0.4116 
2014-10-18,7.3831,14.7566,0.4203 
2014-10-19,1.9119,9.8934,0.0115 
2014-10-20,7.8698,14.0743,3.9735 
2014-10-21,6.5716,12.4255,1.6448 
2014-10-22,6.0697,10.2635,0.5019 
2014-10-23,5.5471,12.0527,0.0082 
2014-10-24,8.2543,15.2596,0.0017 
2014-10-25,10.4151,19.2764,0.0052 
2014-10-26,6.1132,15.8418,0.0016 
2014-10-27,8.4489,23.4070,0.0084 
2014-10-28,15.4201,22.7514,1.7893 
2014-10-29,6.9007,14.2221,6.8453e-04 
2014-10-30,2.8604,9.3774,0.0023 
2014-10-31,5.2511,8.9271,3.7832 
2014-11-01,2.8338,5.2107,9.3831 
2014-11-02,-2.6746,5.3163,0.0442 
2014-11-03,0.7391,12.8360,0.0214 
2014-11-04,9.3170,16.2029,0.8324 
2014-11-05,5.0231,12.9902,1.9754 
2014-11-06,6.3587,11.5633,7.0816 
2014-11-07,-1.2034,7.0558,3.0882 
2014-11-08,-0.1136,7.9897,0.0849 
2014-11-09,1.3465,8.0592,0.0362 
2014-11-10,4.8672,14.7312,0.0032 
2014-11-11,10.8911,18.0323,0.3174 
2014-11-12,-0.4192,11.8971,0.8925 
2014-11-13,-3.3144,0.7867,0.3066 
2014-11-14,-9.5953,-1.1536,0.0208 
2014-11-15,-6.9965,-1.3363,0.0632 
2014-11-16,-3.4177,0.6131,0.5531 
2014-11-17,-8.9309,-0.1752,5.6978 
2014-11-18,-13.4742,-8.4319,0.1927 
2014-11-19,-14.9177,0.2029,0.2330 
2014-11-20,-10.4398,-0.5535,0.0689 
2014-11-21,-10.9043,-5.8417,0.0778 
2014-11-22,-9.5242,4.8992,3.6865 
2014-11-23,5.3587,11.5248,3.3011 
2014-11-24,3.3858,14.3816,11.4923 
2014-11-25,-1.1928,2.8106,0.0974 
2014-11-26,-3.7814,1.7950,0.0277 
2014-11-27,-2.8363,0.4094,0.2439 
2014-11-28,-7.2951,-1.6805,0.4064 
2014-11-29,-2.5537,7.6702,0.0989 
2014-11-30,8.1704,15.3433,0.2270 
2014-12-01,-2.7650,14.8693,2.7030 
2014-12-02,-4.5642,1.9006,0.3084 
2014-12-03,-4.2093,3.1114,0.0505 
2014-12-04,-3.3917,1.3831,0.0308 
2014-12-05,-1.1921,5.8459,1.1447 
2014-12-06,0.7826,5.0038,11.0243 
2014-12-07,-3.0327,1.7194,0.0046 
2014-12-08,-0.8259,4.2855,4.4926e-04 
2014-12-09,1.6140,4.1573,1.2858 
2014-12-10,-1.2011,2.4083,0.4548 
2014-12-11,-8.4983,1.8371,0.0408 
2014-12-12,-5.0038,3.3730,8.5669e-05 
2014-12-13,-4.7971,5.6008,0.0475 
2014-12-14,2.4316,9.4568,0.0588 
2014-12-15,5.0596,9.8291,0.0658 
2014-12-16,5.6988,9.3462,8.2085 
2014-12-17,-1.9150,7.1226,0.4715 
2014-12-18,-7.1348,-1.0793,0.0808 
2014-12-19,-3.4626,-0.8671,0.0938 
2014-12-20,-3.9252,-1.1541,0.0553 
2014-12-21,-4.3453,0.4620,0.0157 
2014-12-22,-3.5826,7.1907,0.0000 
2014-12-23,3.6053,11.5937,0.5719 
2014-12-24,8.0908,13.9107,6.6330 
2014-12-25,2.0980,6.5392,1.4384 
2014-12-26,-0.2460,7.1127,0.0068 
2014-12-27,3.9466,10.1591,0.2318 
2014-12-28,-0.5095,8.7132,3.9461 
2014-12-29,-4.7315,-0.1007,0.0126 
2014-12-30,-8.0761,-3.3159,0.0555 
2014-12-31,-11.9036,-5.1552,0.0915 
2015-01-01,-9.6107,-8.0720,7.0409e-06 
