Meteorological forcing data for the Large Basin Runoff Model.      
eri, 18,   <- lake basin, subbasin            
yyyy-mm-dd, Tmin(C), Tmax(C), Prec(mm)                             
2010-01-01,-2.9780,-0.9677,0.0703 
2010-01-02,-11.6542,-2.3430,0.6828 
2010-01-03,-11.4096,-7.7184,9.0925 
2010-01-04,-9.1383,-7.3837,3.2614 
2010-01-05,-8.9244,-5.2763,3.7131 
2010-01-06,-6.2423,-4.4420,2.6253 
2010-01-07,-5.9185,-2.8017,0.2926 
2010-01-08,-7.6199,-4.1625,11.2001 
2010-01-09,-9.5414,-6.7103,1.1175 
2010-01-10,-10.4869,-3.4509,0.0036 
2010-01-11,-4.6467,-3.0893,4.6590 
2010-01-12,-7.3115,-4.7380,2.2731 
2010-01-13,-7.2826,-0.5868,0.2147 
2010-01-14,-0.7577,3.2981,8.8656e-04 
2010-01-15,1.0007,3.3075,0.1514 
2010-01-16,-0.2645,1.3547,0.0296 
2010-01-17,-0.0166,2.1290,0.0265 
2010-01-18,-2.1629,2.6109,0.0563 
2010-01-19,-2.4512,-0.2141,0.2849 
2010-01-20,-4.1875,-0.3564,0.7396 
2010-01-21,-5.0298,1.6399,9.2580e-04 
2010-01-22,-2.6577,2.4282,5.9559e-04 
2010-01-23,-4.5952,4.7021,2.6589e-04 
2010-01-24,2.4061,7.4765,7.0723 
2010-01-25,0.2221,11.0128,32.1345 
2010-01-26,-2.0334,1.0375,1.5154 
2010-01-27,-4.0901,-0.6675,2.0399 
2010-01-28,-8.9104,-1.7777,9.3005 
2010-01-29,-11.0701,-8.8005,0.9197 
2010-01-30,-13.5206,-9.6670,0.0319 
2010-01-31,-12.1194,-4.0555,0.3396 
2010-02-01,-8.0617,-3.9487,0.4972 
2010-02-02,-5.5085,-3.1882,0.3016 
2010-02-03,-4.5833,-0.0538,0.9480 
2010-02-04,-6.6694,-1.7470,0.0020 
2010-02-05,-4.2798,-0.8128,0.0016 
2010-02-06,-7.5778,-2.8253,0.0637 
2010-02-07,-8.9399,-4.7213,0.1066 
2010-02-08,-10.2710,-1.2430,0.0141 
2010-02-09,-7.6142,-2.4333,0.0944 
2010-02-10,-2.8226,-1.7773,2.0874 
2010-02-11,-8.5711,-1.8657,0.0886 
2010-02-12,-8.5488,-2.3347,0.0138 
2010-02-13,-9.5751,-2.5990,1.2120 
2010-02-14,-5.2413,-1.8846,6.5669 
2010-02-15,-3.3275,-1.8707,4.1756 
2010-02-16,-5.8323,-1.8475,0.0389 
2010-02-17,-5.9739,-0.3535,4.9458 
2010-02-18,-2.4456,0.0836,4.3569 
2010-02-19,-3.0850,1.2680,0.6172 
2010-02-20,-7.1728,0.5277,0.0049 
2010-02-21,-6.3511,0.4870,0.0031 
2010-02-22,-3.4729,1.5160,0.4397 
2010-02-23,-1.2382,2.6757,0.3647 
2010-02-24,-2.8938,-0.0422,0.1019 
2010-02-25,-4.1661,-0.9446,2.6112 
2010-02-26,-3.9693,2.2938,16.8670 
2010-02-27,-1.8315,0.7952,4.3493 
2010-02-28,-0.9524,1.9947,1.2345 
2010-03-01,-0.9512,1.8970,0.0371 
2010-03-02,-4.8415,1.1761,0.0131 
2010-03-03,-2.7398,1.4696,8.9240e-04 
2010-03-04,-3.7668,0.9857,0.0000 
2010-03-05,-4.0219,0.6194,0.0000 
2010-03-06,-4.7307,1.0661,0.0000 
2010-03-07,-4.4456,1.1454,0.0000 
2010-03-08,-3.0733,2.8822,0.0000 
2010-03-09,-1.7894,4.0329,2.2326e-04 
2010-03-10,2.6266,9.9934,3.7075e-05 
2010-03-11,6.8297,13.8370,0.0013 
2010-03-12,6.5890,10.9754,3.9881 
2010-03-13,3.9391,6.9586,6.1338 
2010-03-14,1.9581,4.9675,11.1104 
2010-03-15,1.4440,6.2432,0.1528 
2010-03-16,1.9430,8.2836,0.0015 
2010-03-17,2.1520,7.2124,2.2049e-06 
2010-03-18,2.3070,5.3944,1.3338e-04 
2010-03-19,2.8363,7.8791,1.5455e-04 
2010-03-20,3.9083,7.3344,4.1181e-04 
2010-03-21,-0.6201,9.1456,0.5455 
2010-03-22,1.5033,7.0183,10.8453 
2010-03-23,3.5976,4.3632,2.7281 
2010-03-24,-1.0143,5.1238,0.6276 
2010-03-25,2.0933,6.4799,4.8866 
2010-03-26,-6.3001,1.2066,0.5760 
2010-03-27,-3.8307,6.3879,2.6270e-05 
2010-03-28,3.7430,6.3156,6.1367 
2010-03-29,4.4886,8.7450,2.1164 
2010-03-30,-0.7501,9.1203,0.0153 
2010-03-31,2.0446,8.7785,1.7078e-06 
2010-04-01,8.1652,18.7304,2.0183e-06 
2010-04-02,13.0461,20.4652,0.0000 
2010-04-03,15.2075,24.1797,2.5432e-04 
2010-04-04,4.7804,13.8682,0.0049 
2010-04-05,9.3850,14.5794,0.0467 
2010-04-06,9.5196,15.9591,12.6931 
2010-04-07,12.9419,17.2091,7.7991 
2010-04-08,5.1733,18.4409,20.6827 
2010-04-09,0.2057,5.2451,0.2031 
2010-04-10,-0.1749,7.3017,0.0539 
2010-04-11,6.9436,11.3442,0.0534 
2010-04-12,4.1804,11.9400,4.1954e-04 
2010-04-13,7.0410,13.4966,3.0080e-05 
2010-04-14,7.1432,16.3806,3.5549e-05 
2010-04-15,10.6424,17.6123,2.0634e-04 
2010-04-16,9.8558,13.3498,7.0398 
2010-04-17,2.1219,12.0975,1.1129 
2010-04-18,3.1080,12.0421,0.8848 
2010-04-19,3.4232,13.5099,4.2536e-04 
2010-04-20,6.9405,13.4028,3.3127e-04 
2010-04-21,5.8650,12.9031,5.8752e-05 
2010-04-22,3.3965,9.4343,1.3597e-05 
2010-04-23,2.3020,12.6191,7.8781e-05 
2010-04-24,8.7645,19.7523,8.3738e-05 
2010-04-25,9.7210,16.6273,8.9604 
2010-04-26,8.8703,12.4474,1.4058 
2010-04-27,3.9090,12.0507,0.0157 
2010-04-28,2.7149,11.9701,5.4255e-06 
2010-04-29,4.1233,11.5788,2.0789e-04 
2010-04-30,10.2705,21.6726,3.3201e-04 
2010-05-01,16.3025,23.2082,0.3348 
2010-05-02,15.7862,24.1749,0.0913 
2010-05-03,12.8548,20.2798,2.6915 
2010-05-04,11.0834,14.9083,0.7604 
2010-05-05,11.9592,23.8558,0.0349 
2010-05-06,10.7376,14.8539,18.7526 
2010-05-07,7.2609,16.3295,1.3508 
2010-05-08,3.9711,17.1528,19.3639 
2010-05-09,1.4585,7.9583,0.0301 
2010-05-10,0.6405,10.9559,1.9302e-04 
2010-05-11,6.0614,11.5974,3.7304 
2010-05-12,6.3254,12.7370,4.8528 
2010-05-13,7.0206,16.6376,2.2545 
2010-05-14,11.7123,16.6326,23.1861 
2010-05-15,7.0636,12.8525,3.4331e-04 
2010-05-16,7.0621,18.0717,7.4223e-05 
2010-05-17,12.7545,20.0069,0.0040 
2010-05-18,12.7900,19.2850,0.6588 
2010-05-19,10.1720,20.2445,0.1039 
2010-05-20,12.2362,16.2623,0.0064 
2010-05-21,12.4278,26.3192,0.0011 
2010-05-22,16.9953,25.7553,4.4413 
2010-05-23,16.6387,23.8819,0.3598 
2010-05-24,18.1520,27.3954,1.7329e-07 
2010-05-25,19.5119,27.1706,8.7395e-05 
2010-05-26,21.3994,26.6954,5.2664e-05 
2010-05-27,16.9385,24.1058,0.0000 
2010-05-28,17.9175,26.1136,0.0087 
2010-05-29,17.0961,23.9975,4.8985e-04 
2010-05-30,17.2269,23.1336,0.0026 
2010-05-31,19.1900,25.4628,6.2351e-04 
2010-06-01,17.8631,23.3679,20.1984 
2010-06-02,17.2199,25.8080,0.5348 
2010-06-03,16.2384,20.4421,4.8691 
2010-06-04,16.3078,21.9631,6.4503 
2010-06-05,17.0833,22.3877,20.1103 
2010-06-06,11.7203,21.7463,42.9909 
2010-06-07,12.3521,17.8541,0.0236 
2010-06-08,9.2562,18.0677,2.6870e-04 
2010-06-09,13.1683,18.1591,5.6250 
2010-06-10,14.5761,19.8085,8.0172 
2010-06-11,13.9400,21.0393,0.1299 
2010-06-12,19.4202,22.4525,0.1902 
2010-06-13,17.0793,21.4569,4.2450 
2010-06-14,16.4767,21.7750,1.7515 
2010-06-15,16.0260,23.0982,6.4096e-04 
2010-06-16,19.1139,22.2680,7.6249 
2010-06-17,14.1851,21.6032,0.1062 
2010-06-18,17.4371,24.5845,4.6224e-05 
2010-06-19,20.6622,27.1497,0.0237 
2010-06-20,18.5314,23.2834,0.0230 
2010-06-21,16.5891,23.6549,0.0050 
2010-06-22,18.9414,24.5476,4.8837 
2010-06-23,19.3506,24.4950,0.6971 
2010-06-24,18.9060,26.5524,9.7217 
2010-06-25,15.8874,23.8858,1.4633e-05 
2010-06-26,18.4435,23.3787,0.1212 
2010-06-27,19.4396,23.7262,0.7878 
2010-06-28,18.3154,25.3311,20.0492 
2010-06-29,14.7799,20.3272,0.5824 
2010-06-30,11.0170,17.7748,5.5342e-04 
2010-07-01,10.8344,21.0740,1.9742e-05 
2010-07-02,14.0722,20.9382,2.3332e-05 
2010-07-03,17.8360,24.4235,0.0000 
2010-07-04,20.5942,25.7407,0.0000 
2010-07-05,23.1859,26.3793,3.1240e-04 
2010-07-06,23.1711,27.8608,0.0023 
2010-07-07,24.1871,27.6735,4.6365e-04 
2010-07-08,22.9813,30.2241,0.0127 
2010-07-09,19.6860,26.8301,19.5035 
2010-07-10,18.4522,25.9438,0.3049 
2010-07-11,20.7043,25.6542,0.0061 
2010-07-12,21.6925,26.2002,0.0110 
2010-07-13,18.6604,25.7187,0.0974 
2010-07-14,21.0131,26.6655,0.0509 
2010-07-15,22.2770,27.6637,0.0081 
2010-07-16,20.3498,26.7372,0.5107 
2010-07-17,23.6947,27.6189,0.0050 
2010-07-18,19.1464,26.0303,0.1868 
2010-07-19,19.0722,27.2354,3.0927 
2010-07-20,19.3538,26.2287,0.2505 
2010-07-21,20.9820,24.8968,2.7049 
2010-07-22,18.9923,24.9887,0.0558 
2010-07-23,21.8949,28.0609,26.9429 
2010-07-24,21.6251,27.8532,0.4616 
2010-07-25,19.1238,24.0562,11.3311 
2010-07-26,17.9824,25.6378,0.0060 
2010-07-27,21.1727,26.1155,0.0039 
2010-07-28,21.6319,27.3871,1.5595 
2010-07-29,16.8961,22.9405,8.4016 
2010-07-30,16.3255,22.7312,0.0048 
2010-07-31,19.2690,25.0181,0.0121 
2010-08-01,17.8146,26.8962,0.0211 
2010-08-02,19.7868,25.3247,0.0000 
2010-08-03,23.2848,27.5948,0.0090 
2010-08-04,23.3102,27.1922,0.0033 
2010-08-05,19.3364,25.5684,5.9729 
2010-08-06,17.2615,22.1247,1.2610 
2010-08-07,15.4514,21.2079,0.0258 
2010-08-08,21.0264,26.3408,0.6088 
2010-08-09,23.6561,26.9717,6.4298 
2010-08-10,21.3277,25.8034,2.1620 
2010-08-11,20.9509,27.2377,0.1740 
2010-08-12,21.9346,28.5431,0.2179 
2010-08-13,21.4154,28.2021,0.0040 
2010-08-14,21.8798,30.3410,0.0023 
2010-08-15,21.5181,29.6593,1.0729 
2010-08-16,20.0796,25.6673,6.7547 
2010-08-17,18.3201,24.3074,0.0000 
2010-08-18,18.8278,24.1770,0.0269 
2010-08-19,21.2786,24.3604,0.0192 
2010-08-20,16.7863,24.7284,4.7258 
2010-08-21,20.8639,29.7348,0.5713 
2010-08-22,19.6199,26.4405,27.9803 
2010-08-23,17.9402,21.0808,3.4915 
2010-08-24,16.2953,23.8076,0.0464 
2010-08-25,19.2412,22.9137,0.0418 
2010-08-26,14.0386,20.2940,0.1755 
2010-08-27,13.2312,20.2186,3.8846e-04 
2010-08-28,19.4420,24.2541,6.8045e-05 
2010-08-29,21.2844,25.7512,0.0000 
2010-08-30,23.2311,27.7235,0.0000 
2010-08-31,23.9036,28.1174,3.0395e-04 
2010-09-01,24.2784,27.4321,0.0000 
2010-09-02,24.0797,25.8753,0.8041 
2010-09-03,19.8597,26.4483,2.3219 
2010-09-04,14.4975,21.7078,0.2046 
2010-09-05,12.5363,17.6992,0.1199 
2010-09-06,17.3056,24.1896,0.1418 
2010-09-07,20.7513,27.8176,0.7713 
2010-09-08,15.6590,20.8622,7.3522 
2010-09-09,13.6201,17.3402,0.0102 
2010-09-10,13.4136,18.5355,0.0078 
2010-09-11,14.8520,22.3414,0.0119 
2010-09-12,14.5637,21.4638,6.9800 
2010-09-13,14.4692,21.6181,0.0713 
2010-09-14,10.7439,19.3654,5.9165e-04 
2010-09-15,9.0314,16.6211,0.0066 
2010-09-16,14.4537,18.3859,10.8576 
2010-09-17,10.9803,16.6962,0.8477 
2010-09-18,14.0132,19.2626,0.1088 
2010-09-19,12.5931,18.6187,0.8222 
2010-09-20,10.6369,16.7761,0.0077 
2010-09-21,13.3765,25.5327,0.3075 
2010-09-22,18.7877,24.7868,7.6000 
2010-09-23,14.1450,23.1404,0.0184 
2010-09-24,20.8815,27.3211,0.0788 
2010-09-25,14.6091,21.6630,0.0041 
2010-09-26,8.4315,15.2238,3.3767e-04 
2010-09-27,11.6177,17.5697,3.4020 
2010-09-28,13.8244,20.8161,16.9628 
2010-09-29,12.2562,16.7121,0.4768 
2010-09-30,15.0977,17.3788,1.6058 
2010-10-01,11.8583,14.9859,0.5148 
2010-10-02,9.4282,13.3144,2.3722 
2010-10-03,7.7647,10.4063,13.3014 
2010-10-04,7.8687,9.8884,4.9875 
2010-10-05,8.0706,11.1048,10.6566 
2010-10-06,10.2263,14.3191,4.5753 
2010-10-07,9.3258,17.3590,0.0684 
2010-10-08,10.1594,16.2455,0.0000 
2010-10-09,11.9006,16.2502,0.0000 
2010-10-10,10.6694,17.3082,1.9849e-04 
2010-10-11,11.8782,16.6998,8.6783 
2010-10-12,8.3842,13.3821,3.1903 
2010-10-13,9.1850,12.9540,0.1152 
2010-10-14,9.0800,12.6443,5.2018 
2010-10-15,5.4303,11.9705,0.1847 
2010-10-16,6.5623,13.2356,0.0026 
2010-10-17,9.1574,14.0791,0.0013 
2010-10-18,6.7030,11.1640,0.0015 
2010-10-19,7.2315,11.6807,0.0122 
2010-10-20,8.6998,14.7541,2.1443e-04 
2010-10-21,6.4421,14.9700,14.3418 
2010-10-22,2.0996,8.5945,0.3776 
2010-10-23,8.0373,14.5347,4.1890 
2010-10-24,12.0583,18.4624,2.4968 
2010-10-25,15.0193,18.8755,4.7732 
2010-10-26,16.4699,22.8098,0.9951 
2010-10-27,12.5536,17.8193,11.3147 
2010-10-28,9.4900,16.2290,0.0872 
2010-10-29,5.7550,9.6435,0.0394 
2010-10-30,6.7434,11.6116,2.9910e-04 
2010-10-31,3.4771,11.2188,0.0340 
2010-11-01,1.2341,4.6503,5.0571e-04 
2010-11-02,3.2286,6.9095,0.0012 
2010-11-03,4.2953,8.1582,0.0889 
2010-11-04,6.2733,8.1711,5.2247 
2010-11-05,2.4762,6.7749,10.0484 
2010-11-06,2.0588,4.0397,0.6327 
2010-11-07,2.9722,6.3986,0.1064 
2010-11-08,4.5697,8.1075,0.0018 
2010-11-09,3.6562,8.5932,1.2650e-04 
2010-11-10,4.0151,9.4138,0.0059 
2010-11-11,3.7577,12.1912,0.0013 
2010-11-12,5.7577,12.6331,0.0035 
2010-11-13,6.6495,13.0953,3.8380e-04 
2010-11-14,7.8210,12.3255,1.3388 
2010-11-15,6.1511,9.1739,0.1312 
2010-11-16,6.8923,12.4593,6.3974 
2010-11-17,5.4797,12.9492,13.0448 
2010-11-18,4.3514,7.7512,0.0553 
2010-11-19,-1.3123,6.5513,4.7421e-04 
2010-11-20,4.5477,7.7663,0.0104 
2010-11-21,0.7889,11.7781,0.0014 
2010-11-22,12.0031,14.5971,13.8887 
2010-11-23,2.8184,15.7980,10.4545 
2010-11-24,0.6169,2.6880,0.1670 
2010-11-25,0.3519,8.5154,1.5926 
2010-11-26,-3.3790,10.8197,14.0463 
2010-11-27,-1.3830,2.9042,1.1616 
2010-11-28,-0.8464,2.9119,0.0093 
2010-11-29,2.3348,7.2329,0.5281 
2010-11-30,5.1441,13.3641,14.4412 
2010-12-01,-1.0222,14.8923,19.1193 
2010-12-02,-1.9895,0.4037,1.6164 
2010-12-03,-3.4840,0.9380,0.7413 
2010-12-04,-3.5116,0.4559,0.1988 
2010-12-05,-5.4570,-0.7918,0.6005 
2010-12-06,-4.0744,-1.8648,4.8698 
2010-12-07,-4.9183,-2.8186,1.1434 
2010-12-08,-7.3182,-3.6622,0.0592 
2010-12-09,-8.5009,-4.6068,0.0067 
2010-12-10,-4.5526,2.6107,0.0609 
2010-12-11,1.4336,3.6719,0.0309 
2010-12-12,1.0706,4.2115,9.6624 
2010-12-13,-9.1269,3.1035,3.5254 
2010-12-14,-9.1156,-6.7159,7.0876 
2010-12-15,-9.1293,-3.8173,0.4466 
2010-12-16,-5.6986,-3.2636,0.0177 
2010-12-17,-6.6054,-1.0704,0.1807 
2010-12-18,-3.8675,-1.9206,2.1278 
2010-12-19,-5.3946,-2.0553,1.0941 
2010-12-20,-5.2375,-1.2293,1.0949 
2010-12-21,-5.4628,-1.8656,1.6405 
2010-12-22,-5.5644,-2.8222,0.5526 
2010-12-23,-3.4972,-2.4545,1.0155 
2010-12-24,-4.4268,-3.1622,0.3274 
2010-12-25,-4.6793,-3.6150,0.5083 
2010-12-26,-5.4929,-4.6001,0.6332 
2010-12-27,-7.9597,-2.8333,0.0894 
2010-12-28,-5.2223,-1.9613,0.0254 
2010-12-29,-3.5902,-1.0527,0.0146 
2010-12-30,-0.7800,4.3759,0.0726 
2010-12-31,4.0181,7.3182,0.5893 
2011-01-01,6.6881,8.8641,9.5726 
2011-01-02,-4.8470,4.6993,1.2172 
2011-01-03,-6.7215,-1.3245,0.1795 
2011-01-04,-1.0014,0.0279,3.5668 
2011-01-05,-5.1226,-0.5670,2.8339 
2011-01-06,-6.8149,-2.4642,1.9353 
2011-01-07,-7.6779,-1.8397,4.5836 
2011-01-08,-6.1515,-4.5919,3.1543 
2011-01-09,-11.4123,-4.8716,0.1455 
2011-01-10,-10.9242,-6.0775,0.0280 
2011-01-11,-7.4391,-3.7292,0.7809 
2011-01-12,-7.6863,-4.6022,14.6195 
2011-01-13,-10.0072,-6.4056,2.0403 
2011-01-14,-8.3986,-4.5468,0.5750 
2011-01-15,-6.7052,-1.7512,6.4099 
2011-01-16,-9.1445,-3.8373,0.0170 
2011-01-17,-12.3697,-1.8256,0.0226 
2011-01-18,-1.9700,5.0033,0.2641 
2011-01-19,-6.5984,1.5594,0.8815 
2011-01-20,-9.5247,-6.6277,0.6309 
2011-01-21,-9.4069,-6.6287,4.1476 
2011-01-22,-12.8027,-9.6385,1.1788 
2011-01-23,-15.4393,-10.1695,9.0033 
2011-01-24,-15.7083,-5.9946,0.3184 
2011-01-25,-5.4270,-1.2926,1.2834 
2011-01-26,-5.1802,-1.1224,0.0621 
2011-01-27,-4.7990,-2.0957,0.3504 
2011-01-28,-5.1260,-2.9854,1.3877 
2011-01-29,-6.2110,-2.9642,0.9233 
2011-01-30,-8.5676,-4.2713,0.3076 
2011-01-31,-12.2420,-5.5582,0.1539 
2011-02-01,-9.2297,-5.5285,1.4338 
2011-02-02,-6.7484,-1.6528,19.8486 
2011-02-03,-12.4785,-6.5220,1.0279 
2011-02-04,-10.6333,-6.8430,0.0090 
2011-02-05,-7.1490,-0.6845,8.9001 
2011-02-06,-7.2832,-2.2633,2.3288 
2011-02-07,-4.6102,0.4981,1.5905 
2011-02-08,-10.5414,-0.6716,2.0841 
2011-02-09,-13.4037,-9.8494,0.0273 
2011-02-10,-17.4757,-12.1579,0.1563 
2011-02-11,-15.3605,-7.1280,0.5700 
2011-02-12,-6.8127,-2.9911,8.9961 
2011-02-13,-7.2930,3.6193,2.2398 
2011-02-14,-2.1947,5.4370,0.1176 
2011-02-15,-11.9825,-2.7898,0.0060 
2011-02-16,-5.8754,4.3973,0.0130 
2011-02-17,2.9731,7.1283,0.2247 
2011-02-18,2.3878,7.8618,0.0096 
2011-02-19,-5.3773,2.1021,0.1166 
2011-02-20,-8.5055,-0.8780,0.0077 
2011-02-21,-8.0537,-1.4412,5.4558 
2011-02-22,-10.4795,-4.1225,0.0190 
2011-02-23,-8.8612,0.1509,1.4177e-04 
2011-02-24,-1.9892,1.5733,3.7141 
2011-02-25,-2.1621,0.2887,21.8682 
2011-02-26,-10.1181,-1.3303,2.3141 
2011-02-27,-4.8208,2.9775,4.5692 
2011-02-28,-0.0852,5.2925,10.7700 
2011-03-01,-8.1060,-1.1653,0.0254 
2011-03-02,-5.9788,0.4439,0.0069 
2011-03-03,-11.7115,-2.0573,0.0046 
2011-03-04,-2.1624,6.3625,0.5307 
2011-03-05,4.8088,7.7553,31.4433 
2011-03-06,-3.1003,7.8303,19.0354 
2011-03-07,-8.1090,-1.5093,2.4936e-05 
2011-03-08,-5.2200,5.0234,0.0023 
2011-03-09,0.6619,4.5216,6.3304 
2011-03-10,4.7110,11.1273,15.7875 
2011-03-11,-0.2592,7.2774,16.5895 
2011-03-12,-3.0624,4.3317,1.6408 
2011-03-13,-0.9338,2.7847,0.2893 
2011-03-14,-4.9484,1.8775,0.0360 
2011-03-15,-1.9496,8.5229,0.0032 
2011-03-16,2.5507,5.0213,3.0703 
2011-03-17,1.4028,10.1106,0.0061 
2011-03-18,8.1306,10.4839,0.0297 
2011-03-19,-3.2918,7.8384,0.0086 
2011-03-20,-3.4958,6.3759,0.0070 
2011-03-21,3.0063,9.4453,10.7478 
2011-03-22,-0.5913,6.8291,0.1732 
2011-03-23,-4.1602,4.0341,16.6622 
2011-03-24,-3.7628,-1.9179,0.3416 
2011-03-25,-9.4372,-2.2000,0.1663 
2011-03-26,-10.2209,-2.4123,0.0855 
2011-03-27,-7.3184,-1.2159,6.7383e-04 
2011-03-28,-9.8200,0.7167,1.3229e-04 
2011-03-29,-7.6572,2.9166,2.6112e-04 
2011-03-30,-2.2964,6.6201,0.0179 
2011-03-31,0.9395,5.3510,6.9188 
2011-04-01,-0.3468,6.4104,0.5862 
2011-04-02,-1.3228,7.4565,0.0053 
2011-04-03,-0.6195,6.6030,0.0443 
2011-04-04,2.0883,14.2722,19.2855 
2011-04-05,0.2780,9.6124,4.3973 
2011-04-06,0.6526,2.7281,4.5175 
2011-04-07,1.2623,9.5011,0.0543 
2011-04-08,3.3233,8.7405,0.0176 
2011-04-09,1.8854,12.0519,0.0025 
2011-04-10,6.4077,16.8734,0.0116 
2011-04-11,10.7167,16.8887,0.1509 
2011-04-12,3.4982,11.0071,0.0017 
2011-04-13,5.4929,9.2373,14.9968 
2011-04-14,3.1381,10.1315,0.0986 
2011-04-15,-1.0198,11.0711,4.1739e-05 
2011-04-16,7.0052,11.8273,24.0627 
2011-04-17,1.5026,9.7698,5.1679 
2011-04-18,-0.9303,3.7929,2.6340 
2011-04-19,-0.4805,6.0066,0.2312 
2011-04-20,4.8992,11.9687,26.1690 
2011-04-21,0.3490,7.2170,0.1041 
2011-04-22,2.2144,8.8849,0.2458 
2011-04-23,5.4864,14.7836,18.1771 
2011-04-24,6.7690,12.9519,0.5916 
2011-04-25,6.7696,15.9931,15.1747 
2011-04-26,8.8213,23.1781,16.2406 
2011-04-27,14.1936,25.3100,4.1652 
2011-04-28,7.3202,19.4553,1.0289 
2011-04-29,3.5371,8.6829,0.7751 
2011-04-30,3.6299,16.9228,0.1500 
2011-05-01,11.9780,17.3926,3.8061 
2011-05-02,7.1479,15.2788,7.7654 
2011-05-03,5.2927,8.2387,22.9212 
2011-05-04,4.4605,10.4076,1.1915 
2011-05-05,5.3206,14.5026,0.0042 
2011-05-06,6.5613,13.9938,0.0504 
2011-05-07,6.3834,11.7629,1.1513 
2011-05-08,6.2423,14.8341,0.0112 
2011-05-09,8.9651,16.3641,2.2733e-04 
2011-05-10,10.5363,18.6907,0.0013 
2011-05-11,11.4537,24.1022,0.0102 
2011-05-12,16.6222,24.6625,0.0011 
2011-05-13,16.8013,24.6300,0.0672 
2011-05-14,15.8248,21.3835,2.8103 
2011-05-15,7.1678,15.7984,38.6942 
2011-05-16,5.3739,9.3311,5.1571 
2011-05-17,6.2225,12.9215,4.1469 
2011-05-18,13.1007,22.4089,10.6469 
2011-05-19,11.6327,17.9372,19.8162 
2011-05-20,8.0171,18.2364,1.1613 
2011-05-21,10.7105,17.1476,0.0074 
2011-05-22,13.7085,21.7267,0.2508 
2011-05-23,16.5138,23.8386,1.1746 
2011-05-24,13.9434,20.6742,5.8229 
2011-05-25,9.2065,23.2727,0.0025 
2011-05-26,16.1455,24.2037,17.3200 
2011-05-27,11.5310,19.9508,18.3159 
2011-05-28,14.1414,17.8813,0.3986 
2011-05-29,13.0496,24.2226,0.2434 
2011-05-30,16.9458,25.4942,12.1535 
2011-05-31,18.0624,24.1990,0.0038 
2011-06-01,17.8507,22.8482,0.0055 
2011-06-02,10.3672,18.5231,5.4612e-05 
2011-06-03,10.8108,18.3146,0.0052 
2011-06-04,14.1922,20.8974,13.5316 
2011-06-05,15.6156,21.5259,0.1549 
2011-06-06,16.1484,22.8428,0.0096 
2011-06-07,18.9049,23.1060,5.3503 
2011-06-08,19.8282,25.4041,3.1878 
2011-06-09,20.9105,25.0363,0.0525 
2011-06-10,13.5703,22.2157,8.9974e-06 
2011-06-11,13.8167,22.4798,0.0293 
2011-06-12,12.9568,19.2352,1.0986 
2011-06-13,11.2883,17.7972,0.8868 
2011-06-14,11.8690,18.7884,1.0124 
2011-06-15,14.6641,23.7988,2.6474e-04 
2011-06-16,17.1887,24.1675,0.1755 
2011-06-17,15.2507,19.5493,0.0711 
2011-06-18,17.0199,23.6852,0.0011 
2011-06-19,14.3700,23.6553,0.0021 
2011-06-20,15.8211,26.1985,0.0126 
2011-06-21,18.4752,27.3846,0.0022 
2011-06-22,19.2969,27.3031,19.9742 
2011-06-23,15.9277,24.3390,13.2738 
2011-06-24,16.8869,20.1235,8.4772 
2011-06-25,16.2779,18.2132,2.6149 
2011-06-26,14.4957,21.1437,0.0183 
2011-06-27,17.1068,26.6193,4.4635e-04 
2011-06-28,18.8954,26.6739,0.0000 
2011-06-29,15.1874,20.6405,3.4647e-04 
2011-06-30,13.1970,21.2646,3.8684e-05 
2011-07-01,16.4434,23.7961,0.0000 
2011-07-02,19.6335,23.6583,0.0020 
2011-07-03,20.0132,25.7433,0.0799 
2011-07-04,18.1796,24.3342,2.3240e-04 
2011-07-05,18.8323,22.8746,1.2248e-05 
2011-07-06,21.1339,24.7443,0.0382 
2011-07-07,18.8420,25.1743,0.0141 
2011-07-08,20.2386,25.4046,0.0023 
2011-07-09,17.1823,25.1630,2.1457e-05 
2011-07-10,21.5796,25.4305,0.0011 
2011-07-11,24.4993,27.9567,3.7302e-04 
2011-07-12,21.4443,26.6603,0.0045 
2011-07-13,17.9872,26.6553,0.0000 
2011-07-14,17.4740,25.5985,0.0000 
2011-07-15,20.5221,27.6182,0.0010 
2011-07-16,21.2653,27.1603,0.0000 
2011-07-17,22.7950,26.4600,0.0000 
2011-07-18,23.6822,27.1089,0.0211 
2011-07-19,20.6718,29.6393,0.0000 
2011-07-20,22.7007,29.2599,1.2191e-04 
2011-07-21,25.0206,28.1600,0.0139 
2011-07-22,23.5905,29.2340,0.0099 
2011-07-23,24.8118,28.3310,0.0011 
2011-07-24,21.5480,26.8900,7.5119 
2011-07-25,19.9257,26.5880,10.3108 
2011-07-26,19.0916,25.9455,0.0936 
2011-07-27,17.6894,24.7330,0.0000 
2011-07-28,20.3908,26.2185,2.6253 
2011-07-29,19.9179,26.9490,15.1530 
2011-07-30,19.6263,27.4221,0.0165 
2011-07-31,23.0495,27.1067,1.6877 
2011-08-01,21.9061,26.9941,0.1910 
2011-08-02,18.6595,26.3859,0.0612 
2011-08-03,20.5293,24.5727,6.0278 
2011-08-04,19.4623,26.0314,0.0419 
2011-08-05,20.8689,27.9545,0.0028 
2011-08-06,21.5274,26.9395,0.0435 
2011-08-07,19.5643,25.6184,4.9571 
2011-08-08,19.4573,25.1366,0.3658 
2011-08-09,20.1178,24.8636,14.1032 
2011-08-10,18.2311,22.4186,1.0215 
2011-08-11,15.4386,23.4386,0.0055 
2011-08-12,19.5199,24.3482,0.0295 
2011-08-13,21.7596,25.6123,0.0139 
2011-08-14,18.6793,25.8003,1.0004 
2011-08-15,17.9339,23.5525,0.3599 
2011-08-16,18.8840,26.2606,0.3592 
2011-08-17,21.1437,25.7818,0.0014 
2011-08-18,22.4610,24.8822,0.0178 
2011-08-19,20.3894,25.2110,0.1059 
2011-08-20,21.4205,25.0625,0.0209 
2011-08-21,17.0998,23.6458,21.5410 
2011-08-22,14.2849,21.6992,0.9428 
2011-08-23,16.5812,22.0066,1.7719e-05 
2011-08-24,20.2295,26.8036,0.0566 
2011-08-25,19.2857,27.3014,20.0300 
2011-08-26,17.8584,22.6287,0.0818 
2011-08-27,18.1799,25.0984,0.0022 
2011-08-28,17.3858,22.8387,1.6717e-04 
2011-08-29,14.4271,21.2496,0.3186 
2011-08-30,19.0318,22.7747,0.0275 
2011-08-31,19.9861,24.5113,0.0000 
2011-09-01,18.3822,25.4123,5.3020 
2011-09-02,20.0038,26.8070,0.0350 
2011-09-03,23.4869,27.4605,0.3059 
2011-09-04,23.1373,26.4467,7.8149 
2011-09-05,15.5948,22.8091,11.0195 
2011-09-06,13.8412,16.5736,0.5392 
2011-09-07,14.1638,16.9227,0.7476 
2011-09-08,16.4048,22.0680,0.1506 
2011-09-09,16.8930,24.0934,0.1966 
2011-09-10,17.1489,23.6030,0.0065 
2011-09-11,16.7381,20.9475,0.0302 
2011-09-12,18.6583,21.6055,0.0076 
2011-09-13,20.2227,23.1835,0.0103 
2011-09-14,12.0605,22.2031,0.0238 
2011-09-15,10.6558,17.7760,7.4437 
2011-09-16,7.6505,13.4731,0.0247 
2011-09-17,12.2184,15.5542,9.6597e-06 
2011-09-18,12.2983,18.8434,0.0022 
2011-09-19,14.0039,18.4623,4.1175 
2011-09-20,12.8258,18.4422,7.0293 
2011-09-21,16.0266,22.9376,5.6780 
2011-09-22,17.0774,22.2021,5.3949 
2011-09-23,17.0547,21.9242,28.0559 
2011-09-24,13.2273,19.4193,1.4075 
2011-09-25,16.1538,25.7532,0.0034 
2011-09-26,17.3760,26.3874,0.0715 
2011-09-27,16.8419,24.8456,0.2905 
2011-09-28,15.2119,21.1414,9.9629 
2011-09-29,15.0500,16.5386,6.6877 
2011-09-30,12.8045,16.2468,24.1859 
2011-10-01,8.1269,13.5594,4.1922 
2011-10-02,5.1634,11.5106,9.5792 
2011-10-03,10.9463,14.1505,2.4664 
2011-10-04,11.2562,17.3653,8.8125 
2011-10-05,11.2153,17.0445,0.0099 
2011-10-06,10.8494,16.7558,0.0017 
2011-10-07,12.6363,19.6969,1.9065e-04 
2011-10-08,16.4414,20.8501,0.0018 
2011-10-09,17.2112,20.2232,0.0028 
2011-10-10,17.3042,23.4460,0.0023 
2011-10-11,18.1124,24.3675,9.5955e-05 
2011-10-12,14.3517,23.0689,6.6462 
2011-10-13,13.6422,20.7427,6.5072 
2011-10-14,12.9651,19.4834,9.4827 
2011-10-15,9.2569,12.4673,2.1462 
2011-10-16,10.2744,12.7973,6.6233 
2011-10-17,9.7880,12.9078,0.1987 
2011-10-18,9.2530,12.6815,0.1298 
2011-10-19,9.5543,15.8815,4.2530 
2011-10-20,9.6424,13.2832,13.0590 
2011-10-21,7.4841,9.9825,10.6522 
2011-10-22,5.6734,10.0006,0.0243 
2011-10-23,8.9958,13.0984,0.0345 
2011-10-24,10.5948,13.1841,4.6683 
2011-10-25,5.5778,11.0423,1.7555 
2011-10-26,7.2691,11.6318,7.4353 
2011-10-27,2.6546,6.8491,6.0649 
2011-10-28,2.3397,7.3394,0.0677 
2011-10-29,3.5103,7.2833,1.5116 
2011-10-30,1.5597,8.1477,0.5920 
2011-10-31,6.0906,9.3137,0.3535 
2011-11-01,7.1199,10.5370,0.3537 
2011-11-02,8.9967,15.4467,2.0800e-04 
2011-11-03,8.4031,13.7854,3.3647e-04 
2011-11-04,3.4527,7.8926,0.0023 
2011-11-05,2.8971,9.9141,0.0000 
2011-11-06,6.6101,13.5427,5.7956e-04 
2011-11-07,9.8799,13.8385,0.0513 
2011-11-08,10.5761,17.6741,0.6244 
2011-11-09,13.6762,18.3406,0.0076 
2011-11-10,5.6643,16.0406,4.5912 
2011-11-11,1.1775,6.6618,0.7925 
2011-11-12,3.9405,11.7964,0.1833 
2011-11-13,10.5461,15.1605,2.2971e-04 
2011-11-14,12.4906,16.1104,11.6573 
2011-11-15,8.2469,14.1135,5.9160 
2011-11-16,6.8728,11.1519,0.0491 
2011-11-17,1.3234,5.9487,0.0407 
2011-11-18,-1.1669,6.0290,0.0073 
2011-11-19,5.3159,10.2943,0.0943 
2011-11-20,8.3088,11.9368,0.4039 
2011-11-21,-0.0456,7.2027,2.9258e-04 
2011-11-22,-1.2500,5.0180,0.6059 
2011-11-23,1.9899,4.8640,23.2327 
2011-11-24,2.1437,7.2494,2.1544e-04 
2011-11-25,6.9943,11.3129,2.4178e-04 
2011-11-26,9.5940,13.1381,0.0047 
2011-11-27,11.4619,14.1011,2.1837 
2011-11-28,4.3604,13.6110,11.8657 
2011-11-29,6.2654,14.1503,18.3226 
2011-11-30,0.8932,13.3980,3.8998 
2011-12-01,-0.5358,5.0396,0.0022 
2011-12-02,2.1552,4.0828,2.9963 
2011-12-03,1.5054,7.5012,0.1575 
2011-12-04,6.4943,11.0841,0.0524 
2011-12-05,5.4959,9.6415,12.9813 
2011-12-06,1.1781,4.9668,17.5573 
2011-12-07,-0.6133,1.9923,0.7150 
2011-12-08,-1.8815,3.1538,0.0438 
2011-12-09,0.1110,3.5443,4.2910 
2011-12-10,-5.9376,-0.3362,0.2076 
2011-12-11,-5.2077,2.8324,0.0093 
2011-12-12,1.7806,3.5298,9.2064e-05 
2011-12-13,1.8371,4.8015,3.8257e-04 
2011-12-14,4.1670,5.9805,2.1649 
2011-12-15,6.8886,12.2759,21.3894 
2011-12-16,0.9980,9.0900,2.4224 
2011-12-17,-5.0194,1.9896,0.1497 
2011-12-18,-5.3910,1.2353,0.2062 
2011-12-19,1.3003,5.5980,0.0462 
2011-12-20,-3.1213,5.6119,0.1028 
2011-12-21,3.1773,12.7797,10.8112 
2011-12-22,3.1328,7.6645,0.4447 
2011-12-23,-2.5844,4.0157,1.9493 
2011-12-24,-5.6380,-0.5223,0.0017 
2011-12-25,0.1632,3.9064,0.2987 
2011-12-26,-0.4439,3.4480,0.6566 
2011-12-27,2.5368,4.0551,3.8375 
2011-12-28,-6.2095,2.2751,3.0327 
2011-12-29,-8.7779,0.8896,0.5751 
2011-12-30,1.3749,7.1944,2.0516 
2011-12-31,4.1595,7.2969,4.2859 
2012-01-01,2.2115,8.1999,5.6098 
2012-01-02,-2.2423,3.5454,1.0156 
2012-01-03,-12.4732,-3.1125,1.3417 
2012-01-04,-12.5845,0.2871,0.1551 
2012-01-05,-1.5454,1.3284,0.0096 
2012-01-06,1.6517,5.9654,8.4235e-05 
2012-01-07,3.4730,6.1023,0.0030 
2012-01-08,-3.5414,2.9212,0.0211 
2012-01-09,-0.3331,2.9766,4.0031e-04 
2012-01-10,0.9472,4.2244,0.0026 
2012-01-11,2.0232,8.4943,0.0025 
2012-01-12,4.0896,6.7165,12.9057 
2012-01-13,-4.0606,4.9632,8.2496 
2012-01-14,-7.6527,-2.0561,1.5403 
2012-01-15,-11.5994,-7.7157,0.0600 
2012-01-16,-8.2775,5.2334,0.0149 
2012-01-17,4.5048,9.0851,9.7072 
2012-01-18,-5.8637,4.8888,0.0282 
2012-01-19,-5.1581,-1.2209,6.3005 
2012-01-20,-10.2690,-5.5355,0.1664 
2012-01-21,-7.3160,-3.7151,3.0858 
2012-01-22,-5.4339,3.6855,0.0087 
2012-01-23,2.4701,10.0882,10.6118 
2012-01-24,-0.4736,8.5196,0.7848 
2012-01-25,-4.3901,0.0089,0.1141 
2012-01-26,-2.5773,2.9305,3.9637 
2012-01-27,1.0843,5.6397,26.9706 
2012-01-28,-0.4270,1.1626,5.6268 
2012-01-29,-1.8711,0.6185,3.5137 
2012-01-30,-6.5732,-0.3944,3.7704 
2012-01-31,-0.6240,7.9064,0.0717 
2012-02-01,3.4231,7.6665,1.9584 
2012-02-02,-2.1726,2.3919,0.0033 
2012-02-03,-3.6500,1.9565,0.0019 
2012-02-04,-2.3601,1.7280,0.0015 
2012-02-05,-0.7552,1.5900,0.0046 
2012-02-06,-0.0691,1.4730,3.7777e-04 
2012-02-07,-1.8441,2.0255,0.2399 
2012-02-08,-5.6436,-1.6657,0.0069 
2012-02-09,-3.9172,-0.1802,2.9339e-04 
2012-02-10,-2.2697,0.1265,0.6381 
2012-02-11,-9.2267,-0.9087,11.3733 
2012-02-12,-9.8306,-3.4419,3.0826 
2012-02-13,-4.6759,-0.9238,0.0745 
2012-02-14,-1.5985,0.8437,0.2040 
2012-02-15,-0.8182,1.0751,0.2635 
2012-02-16,0.0713,5.2581,3.1370 
2012-02-17,-0.9322,2.8874,0.4505 
2012-02-18,-0.7783,1.4539,2.2303 
2012-02-19,-4.6032,0.0388,0.0389 
2012-02-20,-5.1630,-0.4387,0.0012 
2012-02-21,-1.2861,4.4031,2.8043 
2012-02-22,0.2031,5.0400,7.3973 
2012-02-23,-1.0901,1.6388,8.0096 
2012-02-24,0.3401,4.6180,9.4745 
2012-02-25,-2.0742,0.4683,1.5646 
2012-02-26,-6.8287,-0.9870,0.0031 
2012-02-27,-1.3395,4.1149,0.0029 
2012-02-28,-4.0640,1.0062,0.1505 
2012-02-29,-0.8299,4.1784,0.1268 
2012-03-01,0.9256,6.3079,0.0599 
2012-03-02,0.4652,9.8225,0.0317 
2012-03-03,0.2758,9.2695,4.4736 
2012-03-04,-3.4342,0.7109,0.2203 
2012-03-05,-10.4544,-2.5644,0.0158 
2012-03-06,-7.1252,7.1699,0.1692 
2012-03-07,5.9753,12.4844,3.4793e-04 
2012-03-08,2.7665,12.6245,5.6477 
2012-03-09,-1.9475,2.1975,1.3009 
2012-03-10,-7.6173,-0.6018,4.5414e-04 
2012-03-11,-0.7854,9.1536,1.6875e-04 
2012-03-12,6.2287,14.2341,1.8915 
2012-03-13,6.3966,13.0178,2.8859 
2012-03-14,4.0185,12.0665,0.0276 
2012-03-15,11.4861,19.6992,0.9323 
2012-03-16,7.6732,14.2205,0.7533 
2012-03-17,5.4378,20.0589,0.0773 
2012-03-18,14.5661,20.3895,0.0036 
2012-03-19,13.1162,20.8706,7.7505e-04 
2012-03-20,15.2631,24.2099,0.0017 
2012-03-21,15.4675,24.8837,2.6747e-04 
2012-03-22,15.1105,24.0739,0.0030 
2012-03-23,14.1926,22.1056,0.0025 
2012-03-24,13.2591,18.2996,13.4238 
2012-03-25,6.1322,13.9911,15.6684 
2012-03-26,-2.2500,11.4450,0.0268 
2012-03-27,-3.2399,5.8947,0.0016 
2012-03-28,6.9109,12.1129,0.0820 
2012-03-29,2.5484,11.1785,0.2341 
2012-03-30,-1.1654,7.1060,2.4273 
2012-03-31,0.8490,7.5453,3.3347 
2012-04-01,0.7672,6.9105,7.3564 
2012-04-02,0.6964,9.7928,0.3554 
2012-04-03,1.7856,12.7320,0.0056 
2012-04-04,3.6456,12.3273,0.0085 
2012-04-05,0.0376,7.6939,7.8608e-04 
2012-04-06,0.3090,9.4984,3.3725e-04 
2012-04-07,1.4837,10.8727,0.0038 
2012-04-08,5.2432,10.2991,0.0073 
2012-04-09,3.3742,10.6260,0.0027 
2012-04-10,1.8098,9.2983,0.2475 
2012-04-11,1.5823,8.7464,0.8011 
2012-04-12,2.0853,8.2855,0.4064 
2012-04-13,2.3511,9.8807,0.0126 
2012-04-14,6.3763,14.8995,0.0979 
2012-04-15,9.0230,18.5884,4.3813 
2012-04-16,13.9795,23.2548,0.0554 
2012-04-17,4.9429,14.8417,7.5818e-05 
2012-04-18,1.2478,12.7816,8.9603e-05 
2012-04-19,8.5462,13.9740,1.1472e-05 
2012-04-20,9.9744,20.3411,2.2537e-04 
2012-04-21,2.5400,18.1649,10.0401 
2012-04-22,2.8716,7.2620,0.4420 
2012-04-23,0.8071,7.0747,21.9371 
2012-04-24,0.6699,6.4843,5.8443 
2012-04-25,3.9913,9.2762,0.0221 
2012-04-26,6.4711,11.4714,1.1683 
2012-04-27,0.7607,7.8961,0.0254 
2012-04-28,0.6927,6.7929,0.0015 
2012-04-29,1.9214,11.1547,6.3003e-04 
2012-04-30,5.2614,17.4749,4.2176 
2012-05-01,7.0679,14.5367,19.9047 
2012-05-02,7.3961,19.9289,0.5781 
2012-05-03,13.8414,22.1219,0.6034 
2012-05-04,15.2061,19.6802,2.5785 
2012-05-05,9.4998,17.9306,1.4920e-04 
2012-05-06,7.3708,18.5032,3.2107e-05 
2012-05-07,12.7129,17.4700,2.1908 
2012-05-08,12.4504,18.1163,19.0821 
2012-05-09,9.5823,15.0720,0.2336 
2012-05-10,6.3063,13.7367,0.1623 
2012-05-11,6.8186,16.9373,0.0035 
2012-05-12,10.9214,19.1791,7.5077e-04 
2012-05-13,12.4376,17.7112,0.0148 
2012-05-14,12.7349,21.5940,2.9378e-04 
2012-05-15,12.1559,20.2570,0.0019 
2012-05-16,14.7666,18.2568,0.2417 
2012-05-17,7.0504,15.2412,4.6424e-04 
2012-05-18,11.6000,21.7283,1.5364e-04 
2012-05-19,15.8577,24.5883,1.8157e-04 
2012-05-20,17.9281,29.6942,9.9178e-04 
2012-05-21,18.4205,28.7894,0.2780 
2012-05-22,14.2548,21.8114,0.8570 
2012-05-23,14.9027,25.1895,0.0039 
2012-05-24,18.6323,27.5340,0.0016 
2012-05-25,21.4059,27.0009,0.0026 
2012-05-26,16.9698,24.9580,3.4325e-04 
2012-05-27,17.9152,27.7841,0.0096 
2012-05-28,20.3973,27.4153,0.0657 
2012-05-29,20.8745,26.0968,0.9812 
2012-05-30,17.4894,23.5457,0.0011 
2012-05-31,11.7226,18.9927,3.7217e-04 
2012-06-01,10.7360,21.1820,11.8816 
2012-06-02,10.9626,16.8055,8.9843 
2012-06-03,12.5903,17.1346,11.3663 
2012-06-04,9.5999,15.1683,3.2640 
2012-06-05,9.2953,18.6787,0.1199 
2012-06-06,13.8011,18.4491,0.1906 
2012-06-07,13.1309,19.8416,0.1652 
2012-06-08,14.3482,20.9041,0.0755 
2012-06-09,16.8548,21.3649,7.9207 
2012-06-10,17.9041,24.1924,0.1581 
2012-06-11,21.6704,28.7249,0.8211 
2012-06-12,18.6962,26.2922,17.7791 
2012-06-13,12.1088,21.3711,0.0441 
2012-06-14,14.8224,24.3360,0.0000 
2012-06-15,17.1939,27.6494,0.0000 
2012-06-16,20.1150,27.6988,2.3883e-04 
2012-06-17,20.8889,27.4851,0.2016 
2012-06-18,18.5091,26.3401,6.2438 
2012-06-19,20.4917,26.1768,0.0992 
2012-06-20,22.0697,26.0485,3.4379e-05 
2012-06-21,22.2741,26.3641,0.0000 
2012-06-22,19.8428,25.0925,2.6337 
2012-06-23,15.9621,23.4490,1.5163e-04 
2012-06-24,19.1362,22.5860,0.0172 
2012-06-25,14.9418,22.1285,0.9652 
2012-06-26,14.8372,22.8946,0.0118 
2012-06-27,16.8728,24.1073,0.2217 
2012-06-28,20.4386,24.8337,0.0330 
2012-06-29,22.0883,26.0361,0.0036 
2012-06-30,21.1649,25.3176,2.2462e-04 
2012-07-01,19.8826,25.5271,0.0337 
2012-07-02,20.1012,25.4793,0.0031 
2012-07-03,20.7196,28.5692,4.6720 
2012-07-04,21.6920,26.3740,0.4227 
2012-07-05,20.9670,29.8457,0.0013 
2012-07-06,22.9036,29.0024,0.0078 
2012-07-07,24.1300,28.6052,0.7153 
2012-07-08,19.8549,27.0809,0.0256 
2012-07-09,17.9404,24.5185,2.5299e-05 
2012-07-10,17.5957,24.9763,0.4069 
2012-07-11,19.3529,27.7488,0.0014 
2012-07-12,22.5202,28.6594,0.0000 
2012-07-13,22.9749,28.4777,0.0000 
2012-07-14,23.0554,27.8471,0.0000 
2012-07-15,22.8296,27.0539,0.6589 
2012-07-16,20.8247,25.7546,0.3210 
2012-07-17,23.7037,27.8632,0.0214 
2012-07-18,23.7545,27.9476,0.0120 
2012-07-19,20.0918,27.1286,0.2951 
2012-07-20,16.9708,24.1310,2.5648 
2012-07-21,18.6584,24.4053,0.0073 
2012-07-22,21.9508,25.5599,0.3200 
2012-07-23,22.3119,27.7303,0.0872 
2012-07-24,21.1673,27.3186,0.1954 
2012-07-25,18.6067,24.7954,7.5929e-06 
2012-07-26,21.1518,26.7509,6.8552 
2012-07-27,20.2041,23.8156,9.6523 
2012-07-28,18.6103,25.8243,0.8536 
2012-07-29,18.9021,25.6333,0.0509 
2012-07-30,21.5803,26.2793,0.0000 
2012-07-31,22.0512,28.3353,9.8367e-04 
2012-08-01,19.4151,25.8429,0.0031 
2012-08-02,20.3514,25.3060,0.0039 
2012-08-03,23.5809,30.5818,0.9538 
2012-08-04,24.3591,31.4602,2.4619e-05 
2012-08-05,21.3228,29.7823,9.0790 
2012-08-06,16.4485,25.0476,0.0023 
2012-08-07,21.1442,25.0595,1.9390e-04 
2012-08-08,22.8663,26.6813,0.0904 
2012-08-09,20.3422,25.4091,0.2934 
2012-08-10,17.6509,25.5554,0.2891 
2012-08-11,17.9577,20.0929,1.1245 
2012-08-12,16.4952,21.5485,5.1583 
2012-08-13,19.8481,23.7153,0.0398 
2012-08-14,19.2183,23.8487,0.9355 
2012-08-15,17.1017,22.2919,1.2711 
2012-08-16,17.8033,24.3641,0.0101 
2012-08-17,18.4518,24.3661,1.1662 
2012-08-18,13.8127,20.4112,4.5687e-05 
2012-08-19,18.8460,22.8354,5.3994e-05 
2012-08-20,17.2796,22.3445,0.0107 
2012-08-21,16.5864,21.8592,8.2972e-04 
2012-08-22,19.6836,23.1579,4.6796e-04 
2012-08-23,20.4198,24.6449,0.0025 
2012-08-24,21.2187,28.8150,4.6864e-04 
2012-08-25,22.7553,29.8744,7.0737e-05 
2012-08-26,21.4936,28.4908,2.7657e-04 
2012-08-27,19.7018,25.3258,6.4517 
2012-08-28,17.0591,24.0427,0.1903 
2012-08-29,16.7747,22.6850,0.0729 
2012-08-30,19.2975,23.2264,5.2864e-04 
2012-08-31,21.4627,25.0708,3.2442e-04 
2012-09-01,19.1385,27.3741,0.0113 
2012-09-02,20.7110,27.9412,0.0000 
2012-09-03,20.7913,28.6586,0.0600 
2012-09-04,19.9027,26.5123,22.7323 
2012-09-05,18.8801,24.8168,3.9815 
2012-09-06,19.2245,23.6834,0.6672 
2012-09-07,19.2709,24.4406,0.0902 
2012-09-08,15.8022,20.8285,43.6766 
2012-09-09,13.4584,17.6256,0.1185 
2012-09-10,13.2024,18.3168,0.0106 
2012-09-11,15.5181,20.4049,0.0042 
2012-09-12,19.5849,23.4462,0.0017 
2012-09-13,20.5995,24.8337,0.0000 
2012-09-14,12.8276,23.1766,7.5878 
2012-09-15,11.0498,17.6626,0.0011 
2012-09-16,11.1228,19.6927,0.0094 
2012-09-17,18.5174,21.5732,6.8994e-05 
2012-09-18,14.1510,20.8715,7.4162 
2012-09-19,9.1652,14.1867,0.0209 
2012-09-20,13.5227,20.2089,5.8235e-04 
2012-09-21,15.7231,19.9488,2.9593 
2012-09-22,11.5466,18.4766,23.2725 
2012-09-23,8.9721,12.5376,0.6213 
2012-09-24,7.7560,13.9359,0.0257 
2012-09-25,14.2423,19.7166,0.0058 
2012-09-26,16.3537,19.2980,0.4585 
2012-09-27,10.4229,17.0577,0.1986 
2012-09-28,10.0587,15.7394,0.0037 
2012-09-29,11.0946,15.1550,0.0992 
2012-09-30,11.7744,14.9072,2.4031 
2012-10-01,9.4077,16.5464,0.0527 
2012-10-02,13.4693,19.4205,3.3317 
2012-10-03,16.7009,19.0625,0.2791 
2012-10-04,16.1589,18.6629,0.0023 
2012-10-05,13.7391,17.9653,0.5099 
2012-10-06,8.1903,13.0148,19.9053 
2012-10-07,5.8781,9.5937,1.9534 
2012-10-08,6.4986,10.1961,1.7870 
2012-10-09,8.2851,13.1163,0.0247 
2012-10-10,8.5112,13.7078,2.1921 
2012-10-11,4.8853,12.6968,0.0257 
2012-10-12,5.2321,13.1947,0.6026 
2012-10-13,5.4663,14.4311,0.9050 
2012-10-14,13.3420,20.7028,10.1968 
2012-10-15,9.4494,20.1500,1.6604 
2012-10-16,5.0379,10.1167,0.0361 
2012-10-17,9.9543,17.3343,0.0374 
2012-10-18,12.8415,18.5244,4.7389 
2012-10-19,10.4140,17.1896,9.4919 
2012-10-20,8.6617,13.3106,11.0597 
2012-10-21,7.7079,12.8450,0.6486 
2012-10-22,9.5813,14.5879,0.0092 
2012-10-23,12.0499,15.2240,22.9765 
2012-10-24,10.6336,16.4086,2.4616 
2012-10-25,16.1909,23.4508,0.2105 
2012-10-26,10.6349,21.6557,0.0408 
2012-10-27,6.5863,9.6720,20.0466 
2012-10-28,4.8594,7.1305,10.3522 
2012-10-29,5.9521,7.1207,16.5487 
2012-10-30,7.1734,13.6307,27.7415 
2012-10-31,5.0710,8.1620,1.9988 
2012-11-01,4.5848,7.1470,5.7672 
2012-11-02,1.9983,6.0927,0.8180 
2012-11-03,2.0281,4.3792,0.3619 
2012-11-04,-0.3768,3.4123,0.1307 
2012-11-05,0.8116,2.7497,0.0514 
2012-11-06,-0.0070,5.2615,9.7114e-04 
2012-11-07,1.3221,5.4367,8.2254e-05 
2012-11-08,-0.2338,4.3070,0.0000 
2012-11-09,1.9925,8.1080,0.0032 
2012-11-10,6.4074,12.4674,0.0792 
2012-11-11,11.3002,17.7629,0.0099 
2012-11-12,8.7336,18.0033,4.0729 
2012-11-13,-0.1711,7.3487,6.4060 
2012-11-14,-0.0259,5.1556,9.6177e-05 
2012-11-15,2.6207,6.1041,0.0000 
2012-11-16,2.4777,6.6351,0.0000 
2012-11-17,5.4341,7.9683,0.0000 
2012-11-18,4.8321,10.0714,4.9104e-05 
2012-11-19,4.9335,9.9261,3.6652e-04 
2012-11-20,5.6491,8.6178,5.8601e-04 
2012-11-21,3.0414,8.8804,0.0026 
2012-11-22,7.4869,12.5233,0.0965 
2012-11-23,4.5141,10.7563,1.5248 
2012-11-24,0.1913,3.6269,0.2960 
2012-11-25,-1.8636,0.8992,0.2736 
2012-11-26,-0.5458,2.0743,0.0337 
2012-11-27,-2.3478,1.4182,0.0011 
2012-11-28,-1.5671,1.8295,0.1328 
2012-11-29,-1.0243,5.7711,5.7515e-04 
2012-11-30,0.1555,4.5737,0.6598 
2012-12-01,-0.6632,8.6329,0.2161 
2012-12-02,8.5304,10.6031,10.2128 
2012-12-03,3.4105,13.2584,0.0252 
2012-12-04,9.1217,15.0235,3.3722 
2012-12-05,0.5514,8.1442,0.6611 
2012-12-06,-2.5118,4.8922,7.6631e-04 
2012-12-07,5.4367,6.9561,0.0132 
2012-12-08,3.7646,6.8724,5.1701 
2012-12-09,-0.5179,3.8778,1.7241 
2012-12-10,1.9843,12.3251,14.0186 
2012-12-11,-4.1361,1.6816,0.8658 
2012-12-12,-0.9458,3.6347,0.8049 
2012-12-13,1.9691,5.2148,0.0911 
2012-12-14,3.1993,5.5850,0.0062 
2012-12-15,0.3609,7.9142,0.0494 
2012-12-16,5.9863,11.0453,1.5132 
2012-12-17,5.3859,10.9618,0.4549 
2012-12-18,3.3165,6.1066,12.4998 
2012-12-19,0.4806,5.1637,0.0146 
2012-12-20,0.5146,7.6343,2.9877 
2012-12-21,1.6213,8.5551,16.4124 
2012-12-22,-1.6998,1.3750,5.3294 
2012-12-23,-0.8269,0.9819,0.2807 
2012-12-24,-4.2037,0.2043,0.0055 
2012-12-25,-1.6955,0.3267,1.7333 
2012-12-26,-4.3485,-1.6931,2.6884 
2012-12-27,-3.3496,-1.0127,20.5796 
2012-12-28,-6.1108,-2.6415,0.1863 
2012-12-29,-4.0075,-1.0956,6.8983 
2012-12-30,-5.0583,-0.9327,0.5994 
2012-12-31,-2.8639,1.7420,0.0320 
2013-01-01,-5.3156,1.4577,0.1087 
2013-01-02,-7.8789,-3.7603,0.0030 
2013-01-03,-7.6297,-1.2767,0.3073 
2013-01-04,-3.0434,-0.2625,0.0346 
2013-01-05,-2.0249,0.7908,0.0011 
2013-01-06,0.4018,2.0603,0.1554 
2013-01-07,-4.8908,1.2543,0.0279 
2013-01-08,0.6240,1.7609,3.4029e-04 
2013-01-09,1.6881,4.1245,0.0085 
2013-01-10,-1.6230,2.7617,0.0054 
2013-01-11,0.9045,8.7866,1.0118 
2013-01-12,6.7881,10.2908,0.0188 
2013-01-13,6.0864,11.7796,10.4739 
2013-01-14,-3.3728,7.2330,0.8285 
2013-01-15,-4.7352,-1.4163,0.0017 
2013-01-16,-2.3032,0.4802,0.0012 
2013-01-17,-5.2018,0.5349,0.4250 
2013-01-18,-8.4269,-2.1584,3.7275 
2013-01-19,-1.1674,5.4915,6.9537e-04 
2013-01-20,-6.4162,5.8159,0.0729 
2013-01-21,-9.9669,-6.7750,0.0758 
2013-01-22,-14.7623,-8.7122,0.0409 
2013-01-23,-14.5153,-10.8848,0.2949 
2013-01-24,-11.7704,-9.8289,1.1707 
2013-01-25,-12.7325,-8.2852,0.1569 
2013-01-26,-8.6296,-4.9912,0.0586 
2013-01-27,-6.8985,-3.0438,0.0022 
2013-01-28,-2.9053,5.4750,8.3987 
2013-01-29,0.8151,9.2346,13.4527 
2013-01-30,9.1841,13.8190,6.3020 
2013-01-31,-4.7916,9.9670,3.3247 
2013-02-01,-7.1782,-4.8968,7.1014 
2013-02-02,-10.4359,-6.4172,7.5629 
2013-02-03,-9.7492,-6.5473,3.5356 
2013-02-04,-11.4103,-6.9094,0.1086 
2013-02-05,-8.7182,-5.0131,0.0461 
2013-02-06,-7.5457,-3.5765,0.0093 
2013-02-07,-7.1749,-1.5656,0.2455 
2013-02-08,-5.1195,1.4846,35.5314 
2013-02-09,-9.3016,-5.9074,3.5030 
2013-02-10,-8.8096,5.7272,3.1971e-04 
2013-02-11,0.5162,7.6826,0.2418 
2013-02-12,-2.0976,0.1866,0.2521 
2013-02-13,-3.6812,-0.2420,0.0072 
2013-02-14,-5.4237,2.3231,0.0221 
2013-02-15,-2.5334,2.5112,0.0497 
2013-02-16,-7.8186,-3.0643,0.3735 
2013-02-17,-11.7225,-4.5344,1.2941 
2013-02-18,-12.8006,2.0994,0.0209 
2013-02-19,-4.1200,5.1208,4.1607 
2013-02-20,-8.2381,-4.6984,0.1667 
2013-02-21,-10.6123,-6.6701,0.0453 
2013-02-22,-7.4691,2.1313,0.2189 
2013-02-23,-0.9518,2.8211,0.1709 
2013-02-24,-5.5393,0.2374,0.1820 
2013-02-25,-6.7309,0.8407,0.0049 
2013-02-26,-3.1478,4.9758,0.1832 
2013-02-27,0.3557,2.7253,17.9538 
2013-02-28,-0.5865,0.6636,4.7150 
2013-03-01,-2.9231,-0.0015,0.0595 
2013-03-02,-7.3891,-3.3150,0.1048 
2013-03-03,-8.1382,-4.0439,0.4592 
2013-03-04,-7.1248,-1.5370,0.1287 
2013-03-05,-8.0894,1.0620,0.0013 
2013-03-06,-2.0877,3.8450,7.9744e-04 
2013-03-07,-1.5874,1.8271,0.4467 
2013-03-08,-2.5304,2.8735,0.3970 
2013-03-09,-2.1994,4.8205,0.0012 
2013-03-10,3.6923,10.9782,0.0023 
2013-03-11,7.1627,10.3339,0.0093 
2013-03-12,0.7717,7.2609,0.8411 
2013-03-13,-1.9380,0.7485,0.3979 
2013-03-14,-7.5778,0.0150,0.3719 
2013-03-15,-5.0715,1.9885,0.1140 
2013-03-16,-4.4247,0.4022,0.0406 
2013-03-17,-8.1492,-1.5853,0.0108 
2013-03-18,-6.5936,2.0609,0.4243 
2013-03-19,-3.1657,5.3624,0.4555 
2013-03-20,-5.1599,-2.0442,0.6280 
2013-03-21,-9.8130,-0.6651,0.3929 
2013-03-22,-4.4368,0.2553,0.3295 
2013-03-23,-6.0251,2.6419,0.0061 
2013-03-24,-4.5604,2.1844,2.5708e-04 
2013-03-25,-1.3967,3.5513,0.0034 
2013-03-26,-0.4704,6.6182,0.0035 
2013-03-27,-1.2838,5.7735,0.2141 
2013-03-28,0.2735,4.9233,0.0882 
2013-03-29,-0.7508,4.9393,0.0262 
2013-03-30,1.7608,6.3409,0.0019 
2013-03-31,4.5133,7.6629,0.1947 
2013-04-01,-1.1600,5.5569,1.3131 
2013-04-02,-4.8631,0.5922,0.0700 
2013-04-03,-5.6407,1.6023,0.0117 
2013-04-04,-2.1633,5.1038,4.0093e-05 
2013-04-05,-0.0181,4.8095,0.0046 
2013-04-06,-3.3191,6.6199,5.2034e-04 
2013-04-07,6.7455,11.8137,0.0065 
2013-04-08,2.5542,12.8948,1.3148 
2013-04-09,5.7633,11.7712,5.7992 
2013-04-10,5.2965,10.2699,45.5848 
2013-04-11,0.2982,4.8809,9.7037 
2013-04-12,0.7270,12.1368,10.6471 
2013-04-13,2.3869,4.7367,0.0553 
2013-04-14,0.1278,5.1977,0.0017 
2013-04-15,3.6412,19.6354,2.2739e-05 
2013-04-16,8.3101,17.8618,4.8593 
2013-04-17,4.0144,12.8250,4.2870e-04 
2013-04-18,8.6153,24.6851,0.1291 
2013-04-19,4.1643,22.1610,2.3247 
2013-04-20,1.4561,5.2358,1.3335 
2013-04-21,-2.2359,7.5292,0.0590 
2013-04-22,3.1611,13.5241,0.0000 
2013-04-23,5.6485,17.3229,0.0000 
2013-04-24,5.1557,17.0649,11.5202 
2013-04-25,1.5711,8.6493,0.8051 
2013-04-26,3.4826,8.5733,0.9782 
2013-04-27,6.2375,18.5017,1.5890e-04 
2013-04-28,12.4527,20.7549,1.8699 
2013-04-29,11.6528,16.9299,2.9909 
2013-04-30,12.5963,22.1034,0.0543 
2013-05-01,14.5739,24.3178,0.0000 
2013-05-02,13.0140,24.1032,0.0000 
2013-05-03,15.4628,24.1829,0.0000 
2013-05-04,13.6886,23.1121,0.0000 
2013-05-05,14.2160,23.2073,2.9885e-05 
2013-05-06,12.6607,22.8050,3.5319e-05 
2013-05-07,16.1083,23.4184,0.0030 
2013-05-08,15.3963,22.8321,2.5892 
2013-05-09,12.6421,16.7709,2.2333 
2013-05-10,11.4593,19.2459,6.4202 
2013-05-11,7.3121,15.3972,11.5913 
2013-05-12,3.7606,9.2165,3.6338 
2013-05-13,0.8473,7.0575,0.1230 
2013-05-14,4.4787,10.9760,0.1330 
2013-05-15,9.5846,20.7482,0.4105 
2013-05-16,14.0894,19.3809,9.2687e-07 
2013-05-17,9.1063,17.3040,0.0000 
2013-05-18,12.6778,20.8003,6.5604e-05 
2013-05-19,17.3736,25.1572,0.0016 
2013-05-20,18.7974,26.2491,0.0056 
2013-05-21,20.4489,24.6257,0.2843 
2013-05-22,16.2900,24.3472,0.3193 
2013-05-23,14.5392,20.4645,5.3854 
2013-05-24,3.2662,10.9773,6.1874 
2013-05-25,4.9882,12.1269,0.0053 
2013-05-26,6.0037,15.0571,2.6351e-04 
2013-05-27,9.1456,17.6398,0.0000 
2013-05-28,11.7482,19.9637,22.7922 
2013-05-29,15.1776,21.7239,31.7204 
2013-05-30,16.2913,23.7670,0.0092 
2013-05-31,18.7487,26.3905,0.3558 
2013-06-01,15.2494,25.8436,4.0168 
2013-06-02,15.9027,24.6746,45.7475 
2013-06-03,7.6152,17.1064,1.8735e-04 
2013-06-04,7.3464,16.9087,8.7658e-06 
2013-06-05,11.4999,20.1995,0.0166 
2013-06-06,11.7894,18.2450,29.4509 
2013-06-07,11.1997,17.6892,0.5999 
2013-06-08,12.3310,16.2315,0.1626 
2013-06-09,12.7902,22.6685,0.0050 
2013-06-10,17.9213,22.4369,7.4792 
2013-06-11,15.3262,20.7410,11.1055 
2013-06-12,14.5125,22.3221,0.8820 
2013-06-13,15.7143,19.9154,27.4424 
2013-06-14,12.0370,20.3538,0.1225 
2013-06-15,13.4593,19.8156,5.7383e-04 
2013-06-16,16.5100,19.2409,1.8871 
2013-06-17,14.9330,20.1706,0.0191 
2013-06-18,13.6082,19.0149,0.0204 
2013-06-19,11.0574,18.9706,0.0000 
2013-06-20,14.9158,22.1709,3.5065e-04 
2013-06-21,16.1914,24.5190,0.0097 
2013-06-22,20.5811,24.8658,0.1481 
2013-06-23,20.2275,25.1692,4.0839 
2013-06-24,20.6437,23.6178,0.0016 
2013-06-25,20.6685,22.6953,0.6799 
2013-06-26,18.5188,22.3007,0.2449 
2013-06-27,19.5224,25.8844,0.8664 
2013-06-28,16.9114,20.6119,29.9662 
2013-06-29,16.5726,20.1023,5.6429 
2013-06-30,15.5940,23.4068,0.2748 
2013-07-01,16.9266,22.2467,3.2226 
2013-07-02,16.4091,25.9288,1.3371 
2013-07-03,20.2279,26.1049,0.6580 
2013-07-04,18.2654,24.9175,9.2815 
2013-07-05,19.3576,23.5336,2.7734 
2013-07-06,20.0662,26.0440,0.1717 
2013-07-07,20.0317,25.0119,1.6585 
2013-07-08,19.8523,24.6927,0.5173 
2013-07-09,19.4585,24.6321,1.4277 
2013-07-10,20.0726,25.3080,0.5030 
2013-07-11,16.9564,23.6924,0.0733 
2013-07-12,18.4095,25.6453,0.0053 
2013-07-13,18.1599,27.1608,7.2100e-05 
2013-07-14,22.0064,28.9835,1.1407e-04 
2013-07-15,23.0009,28.9064,0.0040 
2013-07-16,22.6213,28.7939,0.0112 
2013-07-17,23.3930,27.6972,0.0124 
2013-07-18,24.4011,27.6487,0.0018 
2013-07-19,25.6197,28.6117,0.3123 
2013-07-20,20.1013,28.5049,44.0278 
2013-07-21,19.0490,25.2228,0.0029 
2013-07-22,18.9054,25.5151,0.0206 
2013-07-23,19.3441,25.3603,1.4872 
2013-07-24,13.4591,19.4271,1.5323 
2013-07-25,16.4702,22.3879,0.0099 
2013-07-26,16.7090,23.1655,0.0000 
2013-07-27,17.4632,23.1392,3.5978 
2013-07-28,16.9362,19.7512,3.8524 
2013-07-29,14.0380,19.2517,7.6898 
2013-07-30,16.4329,21.0307,0.0089 
2013-07-31,18.7873,24.1981,0.0065 
2013-08-01,17.9106,23.5753,7.2871 
2013-08-02,16.5797,21.5437,0.2689 
2013-08-03,15.9732,22.6214,2.1258 
2013-08-04,13.4247,21.9635,0.0051 
2013-08-05,14.4374,20.7067,0.0021 
2013-08-06,18.0471,24.7557,0.0017 
2013-08-07,19.2759,26.1430,0.1657 
2013-08-08,18.5705,24.6967,19.3366 
2013-08-09,17.4921,22.7829,13.1732 
2013-08-10,16.4247,22.2805,3.8020e-04 
2013-08-11,16.5724,21.5592,1.7555e-04 
2013-08-12,18.4920,22.4605,0.0301 
2013-08-13,17.4538,19.8906,8.6825 
2013-08-14,11.5817,19.4935,0.0263 
2013-08-15,13.7549,19.9211,3.9962e-04 
2013-08-16,17.6802,22.0291,5.8447e-04 
2013-08-17,18.9048,26.0138,2.3191e-04 
2013-08-18,20.1499,26.2373,0.0000 
2013-08-19,18.9374,25.2091,5.4475e-04 
2013-08-20,19.7579,23.5547,2.6150e-04 
2013-08-21,21.2862,25.3284,7.8713e-04 
2013-08-22,21.1041,24.2054,0.0028 
2013-08-23,17.3259,22.7130,1.9125e-05 
2013-08-24,17.7642,23.8908,4.7366e-05 
2013-08-25,19.9925,24.0940,1.2568e-04 
2013-08-26,22.0493,24.0939,7.6511 
2013-08-27,20.3493,23.9171,13.3274 
2013-08-28,19.1670,26.1256,9.2570 
2013-08-29,19.9857,27.8705,0.0434 
2013-08-30,21.5859,27.4611,0.1776 
2013-08-31,19.9131,24.6240,11.0265 
2013-09-01,19.6774,26.9521,1.1049 
2013-09-02,19.3963,23.8060,1.1791 
2013-09-03,15.2240,20.8092,0.0886 
2013-09-04,16.5799,21.8894,0.0306 
2013-09-05,14.4625,21.9600,0.3476 
2013-09-06,12.5759,17.8948,0.2602 
2013-09-07,17.4192,20.5025,12.8568 
2013-09-08,14.7139,19.5373,3.7264 
2013-09-09,13.8587,22.1723,0.0535 
2013-09-10,22.1252,25.7363,1.4983 
2013-09-11,23.5333,26.0012,0.0227 
2013-09-12,18.9744,24.3967,17.1742 
2013-09-13,11.2353,20.1037,0.2545 
2013-09-14,8.6910,15.9745,0.0396 
2013-09-15,14.8040,17.9061,0.0142 
2013-09-16,11.8504,15.3688,4.3970 
2013-09-17,10.1182,16.7101,0.0214 
2013-09-18,13.9611,19.4645,0.0025 
2013-09-19,16.6336,21.4731,1.7304e-04 
2013-09-20,18.0634,25.5192,0.0196 
2013-09-21,15.8733,22.8714,60.4583 
2013-09-22,8.9196,15.6579,1.2991 
2013-09-23,8.8815,13.1119,1.6747e-04 
2013-09-24,10.7981,15.7043,0.0000 
2013-09-25,12.4348,18.5199,0.0000 
2013-09-26,13.6085,19.5418,0.0000 
2013-09-27,12.8833,19.6038,3.4786e-04 
2013-09-28,13.8012,21.1823,3.2978e-04 
2013-09-29,15.4499,21.8299,1.2962e-04 
2013-09-30,16.5173,20.3216,0.0684 
2013-10-01,16.3385,18.9280,0.0297 
2013-10-02,17.4038,20.8656,0.0000 
2013-10-03,15.4332,20.6141,0.0034 
2013-10-04,17.3192,20.6685,15.7142 
2013-10-05,15.9076,19.4622,5.1562 
2013-10-06,15.2573,25.0200,20.3580 
2013-10-07,12.1254,23.5932,19.8263 
2013-10-08,10.6483,15.2329,0.2403 
2013-10-09,12.0985,18.0427,0.0016 
2013-10-10,13.7216,17.5222,0.0077 
2013-10-11,11.9582,19.0033,1.6700e-04 
2013-10-12,12.6911,22.1575,0.0052 
2013-10-13,16.2456,21.7130,0.2001 
2013-10-14,10.7444,16.9820,8.3270 
2013-10-15,12.0407,19.3150,0.0582 
2013-10-16,15.4725,19.2556,16.3484 
2013-10-17,9.8332,15.7109,9.5541 
2013-10-18,8.1722,14.2278,5.9293 
2013-10-19,7.3631,14.2888,7.6021 
2013-10-20,6.5508,11.6182,2.0835 
2013-10-21,11.7521,14.9746,0.1750 
2013-10-22,3.9056,13.9919,13.4579 
2013-10-23,4.1884,7.4176,0.5110 
2013-10-24,2.8223,7.6746,0.1226 
2013-10-25,2.9856,7.7659,0.0241 
2013-10-26,5.0362,7.5034,8.2745 
2013-10-27,2.8563,7.5696,3.6266 
2013-10-28,4.8468,9.4590,0.0031 
2013-10-29,3.3449,7.8084,5.5846e-04 
2013-10-30,6.3070,13.1227,0.1539 
2013-10-31,11.9036,17.8017,17.3030 
2013-11-01,10.1113,16.7227,18.2290 
2013-11-02,4.1773,9.9717,3.2589 
2013-11-03,0.5404,4.8128,0.6581 
2013-11-04,0.8611,5.9976,0.0024 
2013-11-05,5.6762,13.4544,1.3305e-04 
2013-11-06,9.7667,17.0178,1.0933 
2013-11-07,4.1132,14.1168,15.5816 
2013-11-08,1.2864,5.3327,0.2075 
2013-11-09,2.8625,9.0412,0.7658 
2013-11-10,4.9288,10.2929,1.7770 
2013-11-11,1.8284,6.9691,6.0946 
2013-11-12,-2.6458,0.4949,3.7847 
2013-11-13,-3.8214,4.1149,0.0063 
2013-11-14,4.2351,7.2102,0.0033 
2013-11-15,5.9862,8.7157,2.7420e-06 
2013-11-16,6.7560,13.2617,5.1947e-05 
2013-11-17,11.8921,16.0099,3.1898 
2013-11-18,4.0449,16.9898,7.1472 
2013-11-19,1.2400,3.4786,0.0041 
2013-11-20,-1.3611,6.8190,0.0000 
2013-11-21,3.3221,8.3549,0.0413 
2013-11-22,4.3281,7.9660,4.8588 
2013-11-23,-4.3187,3.5285,0.0500 
2013-11-24,-7.4706,-4.5668,0.0817 
2013-11-25,-6.6045,1.9119,0.0709 
2013-11-26,1.1359,2.2224,2.7012 
2013-11-27,-1.9353,0.8290,11.2649 
2013-11-28,-6.4993,-2.5464,0.0733 
2013-11-29,-4.4455,-2.7949,1.1549 
2013-11-30,-4.3530,3.6408,1.2608e-04 
2013-12-01,2.9324,4.3095,0.0114 
2013-12-02,1.2915,4.3200,0.0298 
2013-12-03,-0.8718,2.6993,0.0060 
2013-12-04,0.4751,8.9956,0.2476 
2013-12-05,5.5275,11.6312,0.2496 
2013-12-06,-1.5283,4.7000,0.5795 
2013-12-07,-4.8659,-1.5791,0.0142 
2013-12-08,-6.6821,-1.9117,0.0072 
2013-12-09,-1.8534,4.8260,0.8336 
2013-12-10,-8.1876,0.9088,0.2061 
2013-12-11,-6.6244,-4.5022,0.0880 
2013-12-12,-11.4041,-5.3172,0.5794 
2013-12-13,-6.8130,-3.4352,3.9196 
2013-12-14,-9.4938,-3.2115,6.6743 
2013-12-15,-5.5896,-0.5447,9.2598 
2013-12-16,-9.5065,-4.7820,0.5438 
2013-12-17,-7.6955,-2.0770,3.9515 
2013-12-18,-5.0031,-1.0878,2.1133 
2013-12-19,-1.0902,3.7455,0.0143 
2013-12-20,2.3995,5.7728,9.0087 
2013-12-21,2.7848,9.6776,18.3951 
2013-12-22,-0.7915,6.8344,22.7962 
2013-12-23,-1.9652,5.4219,0.4723 
2013-12-24,-7.9083,-2.9184,5.2060 
2013-12-25,-11.8296,-3.5394,0.3939 
2013-12-26,-3.0503,-0.9250,7.7426 
2013-12-27,-4.8502,0.6428,1.5547 
2013-12-28,1.0535,3.9654,0.0011 
2013-12-29,2.6978,5.4197,0.0038 
2013-12-30,-8.6299,1.9983,0.0565 
2013-12-31,-9.1145,-5.9704,4.9957 
2014-01-01,-10.9678,-8.0302,0.7069 
2014-01-02,-11.3816,-8.4214,10.3966 
2014-01-03,-16.2337,-11.7685,2.7100 
2014-01-04,-12.0785,1.0450,4.6402e-04 
2014-01-05,-0.8282,1.4195,0.1085 
2014-01-06,-11.9605,7.2778,1.4734 
2014-01-07,-17.3584,-12.0176,1.2557 
2014-01-08,-13.0782,-6.7849,4.2488 
2014-01-09,-12.2299,-4.9813,0.1112 
2014-01-10,-3.8237,5.4232,2.0712 
2014-01-11,1.5773,8.6013,6.8623 
2014-01-12,-1.1752,0.6631,1.6104 
2014-01-13,-1.1103,6.7047,0.1107 
2014-01-14,-1.0760,5.5136,1.3066 
2014-01-15,-4.4201,0.7871,0.1634 
2014-01-16,-5.9711,-1.0621,0.3417 
2014-01-17,-2.0911,0.7652,1.1746 
2014-01-18,-8.3523,-0.3718,4.6490 
2014-01-19,-8.7016,-4.1991,1.3459 
2014-01-20,-8.5227,-2.2511,1.8639 
2014-01-21,-15.6733,-9.2555,0.1786 
2014-01-22,-21.3015,-14.7305,0.4551 
2014-01-23,-14.9079,-12.4433,2.2943 
2014-01-24,-18.6403,-9.0668,0.4446 
2014-01-25,-9.1922,-3.2780,4.4367 
2014-01-26,-16.2752,-6.7809,0.7643 
2014-01-27,-13.0754,-2.0476,4.0104 
2014-01-28,-19.8273,-13.6449,0.4259 
2014-01-29,-19.9966,-12.7460,0.1970 
2014-01-30,-13.1407,-2.4499,0.0702 
2014-01-31,-3.0171,-0.7843,0.0237 
2014-02-01,-3.5187,3.8903,1.7134 
2014-02-02,-2.6270,3.8658,4.7287 
2014-02-03,-8.2897,-3.8088,0.0209 
2014-02-04,-9.9049,-4.2547,0.0029 
2014-02-05,-5.7918,-3.4984,26.5280 
2014-02-06,-15.9402,-6.1430,1.9657 
2014-02-07,-15.4439,-8.6134,4.2575 
2014-02-08,-18.3285,-12.1015,0.0593 
2014-02-09,-12.4465,-7.8165,4.5047 
2014-02-10,-12.4065,-8.2168,0.7172 
2014-02-11,-15.8706,-10.1982,0.0428 
2014-02-12,-13.2518,-3.1007,0.0062 
2014-02-13,-8.4936,-3.4594,4.6236e-04 
2014-02-14,-9.4887,-2.7401,0.7699 
2014-02-15,-7.1167,-3.3699,1.0842 
2014-02-16,-15.3099,-7.4895,1.5790 
2014-02-17,-15.3292,-3.9121,0.1470 
2014-02-18,-5.1316,0.0025,7.5506 
2014-02-19,-5.9033,4.5455,0.1293 
2014-02-20,-3.6977,4.6868,11.6834 
2014-02-21,0.8129,8.5763,14.3851 
2014-02-22,-1.3187,1.2625,0.0183 
2014-02-23,-3.7899,-1.1936,0.0019 
2014-02-24,-11.0625,-4.1612,0.1352 
2014-02-25,-11.7091,-7.3023,0.1885 
2014-02-26,-15.3981,-7.5349,0.8437 
2014-02-27,-15.0741,-10.0144,3.5151 
2014-02-28,-21.2617,-10.9563,0.0017 
2014-03-01,-11.5555,0.3893,0.0347 
2014-03-02,-12.2140,-2.2298,8.4616 
2014-03-03,-20.7732,-11.6746,0.0763 
2014-03-04,-17.7473,-9.7950,0.3404 
2014-03-05,-11.4466,-6.5742,0.1592 
2014-03-06,-13.9443,-0.3842,0.0022 
2014-03-07,-5.7393,3.6374,0.0000 
2014-03-08,-2.5745,2.4314,0.0067 
2014-03-09,-12.2669,-0.6380,0.0044 
2014-03-10,-3.5329,4.6594,0.0574 
2014-03-11,0.3335,4.5910,4.9397e-04 
2014-03-12,-7.7764,2.0000,26.3123 
2014-03-13,-17.2468,-8.4528,0.5512 
2014-03-14,-9.6558,7.5096,0.0069 
2014-03-15,-2.3379,6.8290,0.2112 
2014-03-16,-12.8534,-3.7228,0.0019 
2014-03-17,-14.1813,-1.7368,0.0023 
2014-03-18,-5.5359,7.5497,1.6182e-04 
2014-03-19,0.7007,7.0183,6.6598 
2014-03-20,-0.3347,5.6164,3.1042 
2014-03-21,-6.8314,0.6585,3.0947e-04 
2014-03-22,-0.1563,6.8511,0.5815 
2014-03-23,-10.4767,0.9464,0.1042 
2014-03-24,-14.0566,-4.7388,0.0275 
2014-03-25,-7.2205,-0.2306,0.0141 
2014-03-26,-13.4495,-2.1783,0.0257 
2014-03-27,-8.4100,5.2277,0.0012 
2014-03-28,4.2457,10.2642,1.5484 
2014-03-29,-3.0933,4.4884,1.0986 
2014-03-30,-1.4669,5.0078,6.9998 
2014-03-31,-1.6873,5.0976,4.2332e-07 
2014-04-01,1.2572,11.3630,0.0082 
2014-04-02,-0.5243,6.0998,0.0010 
2014-04-03,-3.9205,6.5268,0.0074 
2014-04-04,1.5088,9.6431,12.9692 
2014-04-05,-1.4226,7.4342,0.4426 
2014-04-06,-2.4854,6.3330,0.0000 
2014-04-07,4.3570,8.3785,9.0374 
2014-04-08,2.0651,11.2693,20.6384 
2014-04-09,-0.0302,9.9151,0.0186 
2014-04-10,1.4419,15.1461,0.0026 
2014-04-11,2.2530,13.2179,1.8634 
2014-04-12,3.5911,16.9591,0.0026 
2014-04-13,10.2204,17.9872,2.9703 
2014-04-14,10.9081,19.1477,8.3620 
2014-04-15,-4.1545,12.8441,12.2107 
2014-04-16,-7.8216,1.3602,0.0031 
2014-04-17,-1.8214,11.9568,2.6443e-05 
2014-04-18,5.7698,10.9164,0.0056 
2014-04-19,-0.7009,10.7087,0.0045 
2014-04-20,2.6526,17.3643,6.9846e-05 
2014-04-21,9.9890,17.1008,6.1046e-06 
2014-04-22,6.9183,15.7780,11.8885 
2014-04-23,2.7622,9.1378,0.3026 
2014-04-24,-0.2242,10.0972,4.4853e-05 
2014-04-25,4.4773,16.8417,3.6599 
2014-04-26,2.2264,9.9852,8.1286 
2014-04-27,0.1800,11.0653,0.0034 
2014-04-28,4.7149,14.7021,0.0203 
2014-04-29,9.2063,13.3669,18.3109 
2014-04-30,8.7074,13.1811,17.7836 
2014-05-01,6.9017,14.9054,2.8207 
2014-05-02,5.2811,8.9176,0.3411 
2014-05-03,7.2129,11.2263,3.3775 
2014-05-04,4.2897,10.9141,2.6949 
2014-05-05,3.9287,10.6106,4.9785e-06 
2014-05-06,3.8155,13.4752,2.3761e-05 
2014-05-07,7.2452,17.7492,0.0312 
2014-05-08,12.7453,22.4468,5.3246 
2014-05-09,15.6645,23.4830,1.8205 
2014-05-10,11.5059,19.0415,2.4287 
2014-05-11,8.3165,16.9591,0.0024 
2014-05-12,13.3469,20.8420,1.4296 
2014-05-13,15.2923,25.0570,34.6531 
2014-05-14,12.2838,23.2042,20.9227 
2014-05-15,13.4059,23.9093,13.8961 
2014-05-16,5.9994,12.2969,11.5089 
2014-05-17,4.1584,9.7374,0.1567 
2014-05-18,5.3470,10.9819,0.0376 
2014-05-19,7.5002,13.3703,0.5001 
2014-05-20,11.3427,17.2708,5.2335 
2014-05-21,11.8184,18.2019,6.1255 
2014-05-22,12.7780,18.2209,6.4211 
2014-05-23,8.8927,17.2336,1.6395 
2014-05-24,10.8403,16.3078,0.0026 
2014-05-25,12.3566,17.9004,0.0000 
2014-05-26,14.6277,19.2618,0.0000 
2014-05-27,16.0681,18.9810,2.8891 
2014-05-28,15.0113,19.6525,1.1461 
2014-05-29,9.8885,19.9625,1.2862e-04 
2014-05-30,12.9413,20.9893,0.0015 
2014-05-31,13.5847,20.8247,4.5906e-04 
2014-06-01,13.4992,24.7262,3.4551e-05 
2014-06-02,19.1047,24.2101,0.2577 
2014-06-03,16.4192,24.4988,16.0423 
2014-06-04,15.4569,19.9884,4.5477e-04 
2014-06-05,10.3271,17.9020,2.9822e-04 
2014-06-06,10.8728,18.3664,0.0088 
2014-06-07,14.3830,23.0544,7.8904e-06 
2014-06-08,16.4806,25.0540,6.7319 
2014-06-09,14.2584,22.3731,10.4753 
2014-06-10,17.9557,24.2450,4.2780e-04 
2014-06-11,19.4373,26.0287,1.3925 
2014-06-12,17.6766,25.8084,12.0771 
2014-06-13,17.8993,20.2561,4.6402 
2014-06-14,9.7676,18.1929,0.0238 
2014-06-15,12.5021,22.3604,1.0006e-04 
2014-06-16,18.4850,22.8695,0.0166 
2014-06-17,18.1205,27.1899,0.0061 
2014-06-18,16.3673,20.8988,0.1989 
2014-06-19,17.6821,21.6222,2.6575 
2014-06-20,14.6185,20.9191,2.9985e-05 
2014-06-21,15.2583,22.8389,0.1455 
2014-06-22,17.8195,24.6334,8.5032e-05 
2014-06-23,17.8100,27.2508,1.6215e-04 
2014-06-24,21.8812,27.3634,0.3938 
2014-06-25,18.7827,20.7204,3.7050 
2014-06-26,17.4759,22.1455,0.0599 
2014-06-27,18.4454,27.1260,0.0010 
2014-06-28,21.3481,28.8930,0.0016 
2014-06-29,22.9998,26.6756,2.1237 
2014-06-30,22.4884,27.3073,3.1938 
2014-07-01,23.6247,27.4409,0.0475 
2014-07-02,20.9847,25.4035,2.8178 
2014-07-03,18.1116,23.9401,1.9795 
2014-07-04,13.7430,20.3430,0.0153 
2014-07-05,14.3245,21.8111,0.0083 
2014-07-06,18.7886,24.5210,0.0050 
2014-07-07,20.2674,23.8482,29.5112 
2014-07-08,18.8173,25.6527,18.2663 
2014-07-09,15.9123,21.0559,0.9644 
2014-07-10,14.7738,22.8502,0.0173 
2014-07-11,17.3574,26.0578,0.0265 
2014-07-12,20.6053,25.5639,7.8424e-04 
2014-07-13,21.3967,24.9304,7.2156 
2014-07-14,18.2888,25.6732,1.0816 
2014-07-15,17.4937,21.0774,1.3441 
2014-07-16,15.0103,20.0912,0.0029 
2014-07-17,15.1219,20.6835,0.0747 
2014-07-18,17.1637,23.1884,0.0172 
2014-07-19,18.0588,22.9432,7.2515 
2014-07-20,18.3255,22.8733,0.6332 
2014-07-21,18.8469,25.8374,0.1772 
2014-07-22,21.5132,26.4813,3.5186e-06 
2014-07-23,20.1061,25.7567,0.7301 
2014-07-24,16.4242,21.9091,3.4332e-05 
2014-07-25,16.2923,20.6615,2.9891e-04 
2014-07-26,19.6214,23.3046,0.0016 
2014-07-27,18.3290,25.2387,0.4041 
2014-07-28,14.7696,25.0760,26.7851 
2014-07-29,11.9735,18.7462,1.4264 
2014-07-30,17.6526,20.3082,3.8434 
2014-07-31,16.5884,20.4199,4.6213 
2014-08-01,17.2660,24.8838,0.8323 
2014-08-02,18.0103,26.0269,1.9849 
2014-08-03,18.7609,24.2508,1.5942 
2014-08-04,19.2427,24.2242,0.0825 
2014-08-05,17.8645,23.8192,4.8588 
2014-08-06,16.7592,23.5142,0.0241 
2014-08-07,17.0021,23.6683,2.5568e-04 
2014-08-08,17.2181,24.1556,0.0187 
2014-08-09,18.6281,24.4429,0.0000 
2014-08-10,19.3241,27.1267,0.0000 
2014-08-11,21.0039,27.3936,0.0168 
2014-08-12,18.5232,24.4203,6.8639 
2014-08-13,16.1978,20.4446,7.3143 
2014-08-14,12.7916,19.1963,0.3774 
2014-08-15,13.3071,20.9330,0.0255 
2014-08-16,17.2620,21.1294,0.3319 
2014-08-17,15.7768,22.3293,1.9756 
2014-08-18,14.5245,22.0565,0.0049 
2014-08-19,16.1705,24.3883,9.1351e-04 
2014-08-20,20.1551,23.6804,0.2887 
2014-08-21,19.4389,23.9700,0.0563 
2014-08-22,18.6584,24.5866,0.0104 
2014-08-23,18.2592,25.2901,0.0034 
2014-08-24,18.6102,26.3528,0.0101 
2014-08-25,20.0943,25.7153,1.9846e-05 
2014-08-26,20.4689,26.3292,8.8936e-04 
2014-08-27,19.2244,25.8481,0.0347 
2014-08-28,14.6323,22.5812,0.0000 
2014-08-29,15.7889,23.6854,8.1466e-04 
2014-08-30,19.9336,29.4463,0.4588 
2014-08-31,19.4995,27.4590,3.9288 
2014-09-01,20.2435,26.3090,0.0723 
2014-09-02,18.4283,26.0507,5.2562 
2014-09-03,18.9708,23.1407,0.1882 
2014-09-04,20.7824,25.7345,3.5893e-06 
2014-09-05,22.7329,27.4920,5.1310 
2014-09-06,16.8839,25.8035,26.1227 
2014-09-07,14.3858,20.1249,0.1721 
2014-09-08,16.6108,24.3915,0.0476 
2014-09-09,17.8634,23.7215,0.0179 
2014-09-10,18.9043,26.2871,0.1492 
2014-09-11,16.7187,24.7314,9.3783 
2014-09-12,11.2731,17.2424,0.0038 
2014-09-13,10.2645,15.5318,1.3805 
2014-09-14,10.4294,14.4451,0.0926 
2014-09-15,12.4493,16.7790,0.1179 
2014-09-16,10.7679,16.8344,8.3323 
2014-09-17,12.2988,16.6257,0.0035 
2014-09-18,12.4625,16.2082,0.0045 
2014-09-19,8.7397,19.0449,0.0186 
2014-09-20,17.3444,23.8068,9.7888e-05 
2014-09-21,16.8922,22.5622,5.0147 
2014-09-22,9.2270,16.2733,0.4007 
2014-09-23,10.0600,17.2151,0.0397 
2014-09-24,15.0837,22.9348,0.0270 
2014-09-25,15.1666,21.9846,2.0484e-04 
2014-09-26,15.6655,22.1223,0.0000 
2014-09-27,15.7699,23.0411,0.0240 
2014-09-28,17.8999,22.5926,0.0000 
2014-09-29,17.3492,21.4746,5.1457e-06 
2014-09-30,17.0854,22.0589,0.0336 
2014-10-01,13.9767,22.5065,0.1681 
2014-10-02,16.2876,21.6369,1.2919e-04 
2014-10-03,17.1203,22.5875,3.1985 
2014-10-04,7.5375,18.9230,15.2800 
2014-10-05,6.3695,11.5974,34.0761 
2014-10-06,10.0537,17.4030,1.5751 
2014-10-07,12.5983,17.2082,3.6733 
2014-10-08,11.8424,13.5780,9.6686 
2014-10-09,8.3231,12.6528,0.0272 
2014-10-10,7.8466,12.6569,2.3958e-04 
2014-10-11,7.2341,12.2696,0.0017 
2014-10-12,8.3924,15.2647,3.2407e-04 
2014-10-13,12.4900,21.9297,9.9454 
2014-10-14,18.5421,24.3786,0.0756 
2014-10-15,16.0673,23.4013,3.4156 
2014-10-16,13.5849,18.2770,0.1783 
2014-10-17,12.5027,15.8618,6.0052 
2014-10-18,8.5923,15.1097,4.6912 
2014-10-19,4.3747,8.6565,0.1473 
2014-10-20,7.1141,12.1289,0.4339 
2014-10-21,8.0969,11.3620,5.8171 
2014-10-22,6.5040,10.1555,1.4357 
2014-10-23,6.5209,13.4644,0.0804 
2014-10-24,6.3701,11.9502,0.0098 
2014-10-25,11.0011,14.8571,0.0014 
2014-10-26,8.4045,14.4124,1.0838e-04 
2014-10-27,6.7819,15.8951,0.0000 
2014-10-28,14.5878,20.4850,1.7151 
2014-10-29,9.4398,14.3244,0.3492 
2014-10-30,4.4901,9.5395,0.0251 
2014-10-31,5.6992,8.1685,5.0097 
2014-11-01,2.6856,6.6803,4.1600 
2014-11-02,0.1717,5.4746,0.2620 
2014-11-03,2.5655,10.2624,6.5115e-05 
2014-11-04,10.3073,15.7052,0.0675 
2014-11-05,8.1176,11.5796,7.1161 
2014-11-06,6.8085,9.0898,0.1277 
2014-11-07,2.2618,6.6430,2.7607 
2014-11-08,1.2559,6.9820,0.5581 
2014-11-09,1.9861,8.2199,1.0185 
2014-11-10,6.3774,14.3484,0.0240 
2014-11-11,12.8993,17.3291,3.6441e-04 
2014-11-12,1.0702,16.2562,0.5892 
2014-11-13,-1.0097,2.5703,0.3449 
2014-11-14,-2.8891,1.4240,0.0178 
2014-11-15,-2.9710,1.3844,0.0193 
2014-11-16,-0.0182,2.9976,0.8404 
2014-11-17,0.3132,2.4765,8.6720 
2014-11-18,-7.2806,-1.0832,3.3474 
2014-11-19,-7.9242,-1.2244,7.1515 
2014-11-20,-4.3393,2.0195,8.3577 
2014-11-21,-6.2671,-3.2068,0.0275 
2014-11-22,-4.8425,5.6391,0.3106 
2014-11-23,5.8697,9.7457,4.8153 
2014-11-24,7.0557,13.9326,9.2842 
2014-11-25,1.8456,7.4456,0.0778 
2014-11-26,-1.1920,1.1089,0.0332 
2014-11-27,-1.8850,0.6268,2.4199 
2014-11-28,-5.4296,-0.2903,2.7011 
2014-11-29,-4.7848,6.1842,0.1584 
2014-11-30,6.1246,11.2539,0.0080 
2014-12-01,-1.3986,10.6022,0.5822 
2014-12-02,-5.8250,2.3503,0.1122 
2014-12-03,1.0574,5.7951,0.2230 
2014-12-04,-3.2846,1.1899,1.1697e-04 
2014-12-05,-0.8895,4.5454,0.0101 
2014-12-06,1.0194,4.5693,0.5552 
2014-12-07,-4.3998,1.5577,0.0000 
2014-12-08,-3.8007,3.3361,0.1037 
2014-12-09,2.2336,5.6582,0.1286 
2014-12-10,-1.9601,1.1660,1.2572 
2014-12-11,-3.2222,-1.3758,21.0932 
2014-12-12,-3.0143,1.5691,1.4535 
2014-12-13,-0.2712,1.8444,0.0145 
2014-12-14,1.9301,4.6132,0.0856 
2014-12-15,0.0062,4.8511,0.0916 
2014-12-16,3.1099,6.4792,4.7976 
2014-12-17,0.1145,6.5927,5.4354 
2014-12-18,-1.4362,0.4621,0.8637 
2014-12-19,-5.7196,-0.7527,0.0324 
2014-12-20,-5.7820,-1.0422,0.0138 
2014-12-21,-2.7617,-0.1487,0.0028 
2014-12-22,-1.4935,4.7115,1.8578e-05 
2014-12-23,2.7690,7.8107,0.0942 
2014-12-24,6.9396,10.2288,3.3331 
2014-12-25,3.2419,10.2309,3.5362 
2014-12-26,2.6517,5.1323,0.0611 
2014-12-27,4.4596,9.9308,0.0140 
2014-12-28,0.5039,8.6170,6.0336 
2014-12-29,-2.9093,1.3748,0.0073 
2014-12-30,-5.8840,-2.4399,0.0058 
2014-12-31,-9.2882,-4.6563,0.3902 
2015-01-01,-5.9076,-3.5133,0.9959 
