Meteorological forcing data for the Large Basin Runoff Model.      
eri, 17,   <- lake basin, subbasin            
yyyy-mm-dd, Tmin(C), Tmax(C), Prec(mm)                             
2010-01-01,-3.6902,-0.9797,0.7678 
2010-01-02,-12.3980,-2.9563,1.9807 
2010-01-03,-12.0729,-9.3064,7.3081 
2010-01-04,-10.1772,-8.4882,2.3171 
2010-01-05,-9.2499,-7.1467,1.9991 
2010-01-06,-7.2381,-5.7292,2.3911 
2010-01-07,-6.0651,-3.0586,0.7260 
2010-01-08,-8.5418,-4.4353,5.8175 
2010-01-09,-10.7712,-7.8536,0.7041 
2010-01-10,-10.9199,-4.0768,0.1346 
2010-01-11,-8.9299,-4.0290,1.4980 
2010-01-12,-8.0032,-6.8580,1.5382 
2010-01-13,-7.5916,-1.2928,0.2123 
2010-01-14,-4.6931,3.8901,0.0022 
2010-01-15,-0.1148,2.4817,0.4915 
2010-01-16,-1.4613,1.7533,0.0227 
2010-01-17,-1.6134,5.0219,0.0737 
2010-01-18,-1.7255,3.6695,0.3531 
2010-01-19,-2.5096,-0.9985,0.7715 
2010-01-20,-4.4380,-1.5698,2.2164 
2010-01-21,-7.2589,2.2410,0.0065 
2010-01-22,-3.1462,2.9214,0.0017 
2010-01-23,-6.5304,5.3226,0.0308 
2010-01-24,1.3440,7.7390,8.5425 
2010-01-25,0.1965,12.1373,29.2306 
2010-01-26,-3.0771,0.6120,2.6099 
2010-01-27,-5.0933,-2.2276,3.0844 
2010-01-28,-10.0410,-2.8320,12.7373 
2010-01-29,-11.4104,-9.7004,0.5174 
2010-01-30,-15.4522,-11.0314,0.1951 
2010-01-31,-14.0443,-5.8231,1.1511 
2010-02-01,-8.1442,-5.0391,2.2041 
2010-02-02,-8.1525,-2.7641,0.3557 
2010-02-03,-4.7381,-1.8887,1.3746 
2010-02-04,-7.1188,-2.0886,0.1183 
2010-02-05,-4.9096,-0.4315,0.0047 
2010-02-06,-8.7837,-2.7769,0.1235 
2010-02-07,-9.9143,-6.9952,0.3175 
2010-02-08,-9.5571,-3.2414,0.2353 
2010-02-09,-8.6753,-1.6825,0.2001 
2010-02-10,-3.2803,-1.5373,5.7114 
2010-02-11,-8.1608,-2.8818,0.6120 
2010-02-12,-7.9151,-3.7027,0.3036 
2010-02-13,-9.3467,-4.3520,1.1360 
2010-02-14,-6.2563,-3.2709,9.2413 
2010-02-15,-3.4520,-0.9414,9.3625 
2010-02-16,-6.4683,-2.9371,0.3095 
2010-02-17,-5.9352,-1.8929,5.5822 
2010-02-18,-3.2059,-1.8276,5.6801 
2010-02-19,-3.5324,-1.0446,0.8860 
2010-02-20,-6.9946,-0.4645,0.1172 
2010-02-21,-6.5288,-0.2449,0.0400 
2010-02-22,-3.7163,2.1848,0.6457 
2010-02-23,-1.0687,2.4802,0.5945 
2010-02-24,-3.3362,-0.3954,0.1589 
2010-02-25,-5.4378,-1.8931,2.8713 
2010-02-26,-5.5555,1.0910,20.4588 
2010-02-27,-3.3229,-0.1522,6.3931 
2010-02-28,-1.4457,0.6006,3.2759 
2010-03-01,-1.6596,0.2394,0.8530 
2010-03-02,-6.3257,0.5755,0.2405 
2010-03-03,-2.8494,1.4821,0.0437 
2010-03-04,-4.5173,-0.1717,0.0035 
2010-03-05,-4.8969,0.0720,0.0081 
2010-03-06,-6.6042,1.4143,0.0058 
2010-03-07,-2.9195,3.1108,0.0032 
2010-03-08,-1.3278,4.1791,3.5305e-05 
2010-03-09,0.1436,5.8705,6.7557e-07 
2010-03-10,5.5890,10.2586,0.0030 
2010-03-11,6.2045,12.4918,0.1234 
2010-03-12,4.8164,8.7552,2.3931 
2010-03-13,2.8484,5.6198,4.5252 
2010-03-14,1.1306,2.8426,5.9070 
2010-03-15,0.5078,2.7233,0.7200 
2010-03-16,1.2216,6.8087,0.0215 
2010-03-17,3.2802,7.7468,3.0954e-05 
2010-03-18,3.8596,7.2920,2.0195e-04 
2010-03-19,3.3576,8.9996,2.0008e-04 
2010-03-20,2.7530,7.4468,5.6234e-05 
2010-03-21,-0.8090,7.1173,0.1972 
2010-03-22,0.6883,6.1461,8.0398 
2010-03-23,1.7301,2.6891,9.7601 
2010-03-24,-2.8928,5.1092,1.5736 
2010-03-25,0.7463,7.7496,8.8412 
2010-03-26,-6.8146,-0.5292,1.8810 
2010-03-27,-6.8754,5.4370,6.2043e-07 
2010-03-28,1.8838,6.2685,4.5511 
2010-03-29,4.5653,6.1299,2.4784 
2010-03-30,-1.9898,6.5898,0.0294 
2010-03-31,1.4656,9.6674,4.2598e-04 
2010-04-01,8.8838,19.3727,0.0000 
2010-04-02,14.8381,23.6203,0.0000 
2010-04-03,14.7198,24.9529,0.0153 
2010-04-04,6.8888,16.1782,0.0394 
2010-04-05,12.5669,17.0201,0.1156 
2010-04-06,14.3463,18.9912,8.1683 
2010-04-07,17.0960,21.0184,2.9423 
2010-04-08,6.7412,23.1902,9.2481 
2010-04-09,-0.0406,6.4284,1.1864 
2010-04-10,-0.1395,12.2870,0.3300 
2010-04-11,6.3510,13.6824,0.3337 
2010-04-12,4.3063,10.8197,0.0159 
2010-04-13,5.9633,12.8127,0.0056 
2010-04-14,6.7925,16.5120,8.0358e-05 
2010-04-15,11.2828,20.9484,0.0063 
2010-04-16,12.3986,19.0674,8.3095 
2010-04-17,1.2575,12.1547,0.6705 
2010-04-18,1.0510,9.5949,1.0217 
2010-04-19,1.9326,11.9532,0.0029 
2010-04-20,5.6164,14.8373,0.0023 
2010-04-21,8.6539,15.1784,0.0037 
2010-04-22,3.1191,12.3600,0.0143 
2010-04-23,2.2899,12.2888,6.0502e-04 
2010-04-24,7.7969,19.5769,6.4126e-04 
2010-04-25,9.6272,15.5872,8.9845 
2010-04-26,7.9754,10.5444,6.1112 
2010-04-27,1.7195,10.4379,0.1879 
2010-04-28,1.9356,10.3785,0.0047 
2010-04-29,3.8714,13.4068,8.0065e-05 
2010-04-30,11.2085,22.1894,8.3312e-04 
2010-05-01,18.4991,26.6403,0.0166 
2010-05-02,17.7390,26.3248,0.3981 
2010-05-03,14.8843,23.7726,3.0775 
2010-05-04,11.5475,16.8179,0.4791 
2010-05-05,14.0512,24.8620,0.4045 
2010-05-06,11.1590,21.1055,22.4408 
2010-05-07,6.0496,17.4932,0.9391 
2010-05-08,2.7893,17.8491,16.6822 
2010-05-09,0.4768,6.0252,1.0706 
2010-05-10,0.4189,9.4224,2.2984e-04 
2010-05-11,4.4000,10.8949,5.2328 
2010-05-12,5.5999,11.1609,7.3047 
2010-05-13,5.8231,16.9897,1.3876 
2010-05-14,13.7180,18.0238,14.5318 
2010-05-15,7.4240,13.4437,0.0029 
2010-05-16,6.6549,17.6613,0.0078 
2010-05-17,11.4653,19.3442,0.0126 
2010-05-18,12.3924,19.5284,3.8182 
2010-05-19,9.8979,19.3051,0.2152 
2010-05-20,12.3532,21.9854,0.0420 
2010-05-21,17.7476,26.3701,0.0083 
2010-05-22,19.9087,25.0664,1.3698 
2010-05-23,16.1503,23.7523,1.0014 
2010-05-24,17.3501,27.7069,3.3459e-06 
2010-05-25,19.4763,26.9906,2.6092e-04 
2010-05-26,20.3806,26.7228,0.0021 
2010-05-27,19.6607,26.0074,0.0103 
2010-05-28,20.0517,25.8275,0.2154 
2010-05-29,18.8029,24.1127,0.0311 
2010-05-30,17.0341,24.9451,0.0053 
2010-05-31,22.6058,27.9481,0.0433 
2010-06-01,18.1104,26.0100,15.5823 
2010-06-02,16.8995,27.6950,0.0169 
2010-06-03,16.2049,22.2869,10.1100 
2010-06-04,15.8761,23.0489,4.7055 
2010-06-05,17.6220,22.7021,15.6591 
2010-06-06,11.1079,20.7902,57.3642 
2010-06-07,11.5550,16.1092,0.0892 
2010-06-08,8.9171,17.4899,0.0118 
2010-06-09,12.4214,18.1626,4.9464 
2010-06-10,14.1354,18.1544,6.2168 
2010-06-11,13.7420,22.3354,0.0360 
2010-06-12,19.1187,24.6852,0.1174 
2010-06-13,18.1163,20.2955,4.0998 
2010-06-14,16.0882,21.1689,1.4395 
2010-06-15,15.1316,22.7444,0.3419 
2010-06-16,18.8603,22.6515,4.8566 
2010-06-17,12.8778,21.1146,1.2609 
2010-06-18,16.9435,26.2083,0.0025 
2010-06-19,19.6467,28.3175,1.0890 
2010-06-20,18.8156,25.0860,1.1610 
2010-06-21,16.0078,24.2972,0.0563 
2010-06-22,19.0019,24.4781,8.4123 
2010-06-23,18.5757,27.4410,0.9739 
2010-06-24,18.6564,27.7877,17.9476 
2010-06-25,15.3325,21.2963,0.1317 
2010-06-26,17.8790,23.6060,0.0747 
2010-06-27,20.0610,28.5048,0.3993 
2010-06-28,18.3985,28.7324,16.0743 
2010-06-29,14.7765,19.0360,0.3199 
2010-06-30,11.1463,15.9580,0.0416 
2010-07-01,11.3262,18.9820,0.0055 
2010-07-02,13.2107,21.4654,0.0020 
2010-07-03,17.3140,24.4565,5.4929e-06 
2010-07-04,20.9190,26.8838,8.6168e-06 
2010-07-05,23.7364,28.8625,1.0183e-05 
2010-07-06,25.5995,29.4465,0.0033 
2010-07-07,25.7220,29.7710,0.0077 
2010-07-08,24.9990,30.4031,0.0531 
2010-07-09,19.4567,27.7895,21.4588 
2010-07-10,18.0186,23.7898,0.6573 
2010-07-11,20.4069,26.0522,0.0033 
2010-07-12,21.4620,27.2116,0.0838 
2010-07-13,20.1533,22.8805,0.1989 
2010-07-14,20.5167,25.4069,0.0539 
2010-07-15,20.9990,28.8679,0.0239 
2010-07-16,20.1516,27.2913,1.3198 
2010-07-17,22.8098,27.5849,0.0237 
2010-07-18,19.0131,25.8116,0.3410 
2010-07-19,18.5354,26.4661,2.3513 
2010-07-20,18.6720,25.8829,0.2096 
2010-07-21,19.4478,24.8159,2.3509 
2010-07-22,18.4098,24.3194,0.0301 
2010-07-23,21.5651,27.4568,31.5294 
2010-07-24,22.1569,28.4603,2.4966 
2010-07-25,18.8332,25.4211,16.5758 
2010-07-26,17.1069,23.6630,0.0514 
2010-07-27,20.2106,26.1011,0.0087 
2010-07-28,21.2897,28.8623,0.7125 
2010-07-29,16.8353,21.5979,4.7707 
2010-07-30,15.6795,22.1298,0.0153 
2010-07-31,16.7062,24.3647,4.1238e-05 
2010-08-01,17.5564,25.3842,0.0778 
2010-08-02,18.0496,25.2354,0.8020 
2010-08-03,21.7755,27.9617,0.3137 
2010-08-04,21.9489,27.4184,0.0652 
2010-08-05,18.9845,25.6583,3.8375 
2010-08-06,17.3463,20.9279,4.1043 
2010-08-07,15.0935,20.6993,0.0797 
2010-08-08,18.1393,26.9685,0.2883 
2010-08-09,22.0793,27.6581,2.6905 
2010-08-10,20.1135,25.4816,9.2912 
2010-08-11,20.9058,26.1493,0.2121 
2010-08-12,20.6763,27.1089,0.4497 
2010-08-13,20.2064,27.1037,0.0138 
2010-08-14,19.9596,29.2149,0.0124 
2010-08-15,21.8103,27.9043,1.1159 
2010-08-16,19.0429,25.4895,6.3058 
2010-08-17,18.0689,24.0280,1.5680e-04 
2010-08-18,18.2930,23.4451,0.1615 
2010-08-19,19.3990,24.6922,0.0461 
2010-08-20,16.5351,24.0787,2.5241 
2010-08-21,19.7788,29.4198,0.0357 
2010-08-22,19.2691,26.5578,32.6458 
2010-08-23,16.9717,19.4171,3.8186 
2010-08-24,14.7967,22.4387,0.1023 
2010-08-25,17.7673,22.2679,0.0053 
2010-08-26,14.0454,19.4156,0.9992 
2010-08-27,13.6817,19.3013,0.0145 
2010-08-28,16.5751,24.1778,0.0000 
2010-08-29,20.6672,25.9506,2.2257e-05 
2010-08-30,23.0604,28.2915,0.0067 
2010-08-31,25.2327,29.2948,0.0000 
2010-09-01,24.4275,28.7254,0.0000 
2010-09-02,23.5295,27.6203,0.2075 
2010-09-03,18.8109,27.2323,3.0445 
2010-09-04,13.6302,19.4397,4.2781 
2010-09-05,12.0571,15.8803,0.4873 
2010-09-06,13.7236,22.9296,0.5045 
2010-09-07,18.6816,28.7660,0.4101 
2010-09-08,14.7250,22.5856,16.5128 
2010-09-09,12.7073,15.0150,0.2189 
2010-09-10,12.1973,17.0944,0.2945 
2010-09-11,13.1933,21.3783,0.0060 
2010-09-12,13.8457,20.2106,5.9814 
2010-09-13,13.9795,19.8757,0.4669 
2010-09-14,10.7696,18.5740,0.0106 
2010-09-15,9.3615,16.0392,2.7444e-04 
2010-09-16,12.1050,17.6768,11.8945 
2010-09-17,9.8762,16.1613,3.9546 
2010-09-18,11.0308,20.9540,0.0303 
2010-09-19,12.5640,18.7503,0.4917 
2010-09-20,9.4039,16.4359,9.8104e-04 
2010-09-21,10.1572,25.9837,0.2379 
2010-09-22,20.3482,24.6497,4.0719 
2010-09-23,14.2372,25.3119,0.3466 
2010-09-24,21.7167,28.8846,0.0517 
2010-09-25,13.6110,22.0747,0.2076 
2010-09-26,9.2904,15.9467,0.0533 
2010-09-27,10.4527,15.2488,3.6584 
2010-09-28,14.0766,20.5649,11.8209 
2010-09-29,12.3061,17.1283,1.5064 
2010-09-30,13.3468,16.6026,12.2204 
2010-10-01,10.6781,13.7920,0.1536 
2010-10-02,8.5068,12.0160,1.1114 
2010-10-03,5.9161,9.3750,13.8089 
2010-10-04,6.0793,8.2977,7.8027 
2010-10-05,6.8542,9.4041,11.7685 
2010-10-06,8.9424,13.1097,7.4976 
2010-10-07,9.0369,15.4155,1.0472 
2010-10-08,10.1957,16.7413,4.9765e-04 
2010-10-09,11.1283,16.3868,0.0215 
2010-10-10,9.0766,18.0751,0.0010 
2010-10-11,11.4536,17.2429,5.1537 
2010-10-12,8.1348,13.2258,4.1702 
2010-10-13,5.7948,13.6832,0.0523 
2010-10-14,7.9311,12.7114,3.2277 
2010-10-15,5.5580,9.5798,1.3697 
2010-10-16,5.5845,10.8933,0.1802 
2010-10-17,9.9998,12.7805,0.0850 
2010-10-18,6.2829,10.5665,0.0193 
2010-10-19,5.7848,10.3588,0.4743 
2010-10-20,7.5697,13.7031,0.0523 
2010-10-21,6.1332,13.7659,16.5005 
2010-10-22,2.3636,7.0172,0.4160 
2010-10-23,6.9394,14.7159,2.8241 
2010-10-24,11.0227,17.8174,1.6318 
2010-10-25,14.9439,18.6950,0.7990 
2010-10-26,16.0547,22.5390,0.0294 
2010-10-27,11.1069,17.6061,13.1579 
2010-10-28,8.1187,15.2234,0.8763 
2010-10-29,5.2712,8.1361,0.4252 
2010-10-30,5.5254,10.4045,0.0072 
2010-10-31,2.3543,9.9305,0.4385 
2010-11-01,-0.3601,3.5537,0.0760 
2010-11-02,0.6961,6.7726,0.0110 
2010-11-03,1.8875,9.6615,0.0614 
2010-11-04,4.0444,6.6832,6.0602 
2010-11-05,1.5014,4.7367,8.7221 
2010-11-06,0.7278,3.2830,1.1469 
2010-11-07,0.1741,4.8467,0.6579 
2010-11-08,2.1262,7.0743,0.0126 
2010-11-09,2.2228,8.5577,1.9013e-04 
2010-11-10,3.4395,9.3425,0.2042 
2010-11-11,3.0831,12.7281,4.7973e-04 
2010-11-12,8.1419,13.5165,0.0000 
2010-11-13,9.4536,15.3478,0.0000 
2010-11-14,7.4721,13.2199,1.1604 
2010-11-15,2.9365,9.7353,0.3372 
2010-11-16,5.7879,11.3531,6.1021 
2010-11-17,4.8604,12.8192,15.1391 
2010-11-18,3.8772,6.7026,1.3875 
2010-11-19,-0.5557,4.5098,0.0861 
2010-11-20,3.8400,6.1407,0.1454 
2010-11-21,-0.7027,10.3495,0.0187 
2010-11-22,10.4930,14.0843,14.0372 
2010-11-23,2.8811,15.6744,8.8196 
2010-11-24,-0.1627,2.2811,0.1906 
2010-11-25,-1.1885,6.9646,2.1692 
2010-11-26,-2.6123,10.0023,12.6048 
2010-11-27,-1.7640,1.4513,4.1057 
2010-11-28,-0.4955,1.4020,0.2160 
2010-11-29,-0.8364,5.8000,0.1999 
2010-11-30,3.4162,13.3884,13.5927 
2010-12-01,-1.2691,14.9228,32.8512 
2010-12-02,-2.6822,-0.8401,4.3970 
2010-12-03,-3.4440,-0.6686,1.6204 
2010-12-04,-3.9101,-1.0969,0.7583 
2010-12-05,-5.9795,-2.2367,2.2060 
2010-12-06,-4.8746,-2.7954,7.5909 
2010-12-07,-5.2847,-4.1147,2.8605 
2010-12-08,-6.9059,-4.5253,0.3580 
2010-12-09,-8.5906,-5.7893,0.1353 
2010-12-10,-7.5354,0.8041,0.1848 
2010-12-11,-0.6761,4.0884,0.0222 
2010-12-12,0.3631,3.6530,5.3530 
2010-12-13,-10.2197,1.4277,4.4802 
2010-12-14,-10.5605,-8.0006,11.1288 
2010-12-15,-8.7124,-5.0996,1.4700 
2010-12-16,-5.3300,-4.0229,0.5459 
2010-12-17,-5.7377,-2.1843,1.0674 
2010-12-18,-6.4235,-2.6109,1.5830 
2010-12-19,-8.3270,-3.8091,0.1390 
2010-12-20,-5.3066,-2.7684,1.3510 
2010-12-21,-6.4451,-3.2269,1.2221 
2010-12-22,-6.2262,-4.5481,0.7057 
2010-12-23,-4.8301,-3.9539,3.1546 
2010-12-24,-5.4600,-4.4525,0.6242 
2010-12-25,-5.7215,-4.3989,0.9777 
2010-12-26,-7.1609,-5.7124,1.2708 
2010-12-27,-8.7367,-4.4950,1.1735 
2010-12-28,-4.5881,-2.6053,0.3775 
2010-12-29,-2.9342,-1.7852,0.2811 
2010-12-30,-3.1209,4.2912,0.0335 
2010-12-31,3.6037,7.5257,0.3958 
2011-01-01,6.6077,9.0108,7.5961 
2011-01-02,-5.5171,6.6375,1.4985 
2011-01-03,-6.3154,-2.5927,1.6134 
2011-01-04,-2.6863,-0.6215,2.8271 
2011-01-05,-5.6956,-1.5999,5.0238 
2011-01-06,-7.6063,-3.6544,0.9903 
2011-01-07,-7.1548,-3.0819,3.5016 
2011-01-08,-7.9020,-5.7894,2.0147 
2011-01-09,-9.3279,-6.1184,0.8890 
2011-01-10,-9.4487,-6.7910,0.2366 
2011-01-11,-8.4633,-3.5942,0.5431 
2011-01-12,-8.1837,-4.6492,13.8372 
2011-01-13,-10.7617,-7.8130,3.4644 
2011-01-14,-8.5159,-5.4428,1.3180 
2011-01-15,-8.1255,-1.3593,6.7157 
2011-01-16,-10.1067,-4.4383,0.4057 
2011-01-17,-14.7025,-3.1537,0.1497 
2011-01-18,-3.2899,5.6233,0.8266 
2011-01-19,-6.0373,2.1582,2.3535 
2011-01-20,-9.9593,-6.4720,0.8536 
2011-01-21,-10.1405,-7.5986,5.3074 
2011-01-22,-12.8855,-9.7794,0.4755 
2011-01-23,-16.7847,-9.9283,9.6035 
2011-01-24,-18.4718,-7.0330,0.2897 
2011-01-25,-6.8065,-1.9004,1.8270 
2011-01-26,-5.4091,-0.6453,0.2058 
2011-01-27,-4.8461,-2.8787,0.5631 
2011-01-28,-5.3503,-3.2941,1.4316 
2011-01-29,-5.3495,-2.7946,1.4996 
2011-01-30,-8.0358,-3.8452,0.4687 
2011-01-31,-12.9623,-6.6367,0.3406 
2011-02-01,-8.6580,-5.7938,3.0356 
2011-02-02,-7.3599,3.3943,19.1792 
2011-02-03,-12.0303,-5.4941,3.8806 
2011-02-04,-9.1340,-3.6873,0.0156 
2011-02-05,-4.3108,1.0598,9.2074 
2011-02-06,-5.7920,-1.0930,1.3809 
2011-02-07,-3.8772,1.3170,2.0928 
2011-02-08,-11.4164,-1.2361,4.6790 
2011-02-09,-12.4557,-7.0901,0.0777 
2011-02-10,-15.1705,-10.6166,0.8893 
2011-02-11,-13.3501,-5.5667,0.0968 
2011-02-12,-5.5468,-3.0465,9.7409 
2011-02-13,-5.3759,5.3462,1.5089 
2011-02-14,-3.1284,6.9353,1.0748 
2011-02-15,-11.7642,-3.4131,0.0697 
2011-02-16,-3.0237,5.7690,0.2105 
2011-02-17,3.4085,8.0081,1.2863 
2011-02-18,2.4147,7.1981,0.0987 
2011-02-19,-6.7858,2.1076,1.2724 
2011-02-20,-9.5587,0.0555,0.1555 
2011-02-21,-8.6148,-1.0005,7.6357 
2011-02-22,-10.8349,-4.1740,0.2068 
2011-02-23,-9.8367,1.3810,0.0023 
2011-02-24,-1.7915,2.7347,2.5260 
2011-02-25,-2.1984,-0.6066,20.7796 
2011-02-26,-9.8058,-1.4238,1.4041 
2011-02-27,-2.7274,5.4793,3.8770 
2011-02-28,-0.9102,6.8603,21.5438 
2011-03-01,-8.3940,0.8001,0.0963 
2011-03-02,-6.8565,1.8467,0.4961 
2011-03-03,-12.1387,-1.4259,0.0565 
2011-03-04,-2.3154,5.7227,1.7530 
2011-03-05,3.4565,7.1206,25.6163 
2011-03-06,-3.3635,7.2076,18.7581 
2011-03-07,-7.9284,-2.9086,0.1421 
2011-03-08,-5.6487,6.0172,0.0000 
2011-03-09,0.9131,3.8897,3.3349 
2011-03-10,4.1157,9.1935,7.5495 
2011-03-11,-0.9586,5.6790,7.8920 
2011-03-12,-1.1890,3.9655,2.0445 
2011-03-13,-1.4307,2.4076,0.8309 
2011-03-14,-5.1744,1.2259,0.5050 
2011-03-15,-1.8631,7.2121,0.0064 
2011-03-16,1.8606,3.9777,3.3916 
2011-03-17,1.9044,10.1469,0.0233 
2011-03-18,4.6192,9.7386,0.1099 
2011-03-19,-3.7683,4.2594,0.0818 
2011-03-20,-3.5336,5.2105,0.0055 
2011-03-21,2.1325,6.4388,17.8493 
2011-03-22,-0.4096,4.2943,0.7684 
2011-03-23,-3.7189,1.5328,13.1902 
2011-03-24,-3.9978,-2.4215,0.5470 
2011-03-25,-8.5346,-3.9265,0.2390 
2011-03-26,-10.1075,-4.2915,0.7448 
2011-03-27,-8.1363,-3.5286,0.0076 
2011-03-28,-9.8749,-1.3732,0.0065 
2011-03-29,-8.2441,1.0121,0.0164 
2011-03-30,-3.0770,5.5312,0.0140 
2011-03-31,0.3243,3.2385,6.5998 
2011-04-01,-1.0866,2.6184,1.1577 
2011-04-02,-1.7656,4.6732,0.0359 
2011-04-03,-1.9472,4.5195,0.1010 
2011-04-04,1.3030,12.8114,20.7320 
2011-04-05,-1.6361,10.3117,6.2987 
2011-04-06,-0.6032,2.7533,5.2911 
2011-04-07,0.2949,7.8772,0.0509 
2011-04-08,2.4938,6.5267,0.1541 
2011-04-09,0.3560,10.9540,0.0144 
2011-04-10,6.2714,16.0697,0.0349 
2011-04-11,12.2699,18.1460,0.0617 
2011-04-12,4.1637,11.1101,0.0562 
2011-04-13,5.2482,8.0876,15.3162 
2011-04-14,3.8996,9.9734,0.1192 
2011-04-15,-1.3416,9.7262,0.0130 
2011-04-16,5.5851,10.8858,15.3866 
2011-04-17,0.9284,10.1662,2.9803 
2011-04-18,-0.6704,2.2562,3.5188 
2011-04-19,-0.5929,4.3434,1.1334 
2011-04-20,3.9213,14.8323,30.5385 
2011-04-21,0.1266,5.3932,1.0082 
2011-04-22,1.1413,7.8824,0.1480 
2011-04-23,4.0960,17.0199,18.3427 
2011-04-24,7.1723,15.0729,1.4156 
2011-04-25,8.3320,15.7530,10.9530 
2011-04-26,10.1160,24.6957,23.4022 
2011-04-27,15.9489,24.9114,7.2062 
2011-04-28,9.2856,20.8063,0.8911 
2011-04-29,3.8687,9.9247,1.5432 
2011-04-30,3.1951,16.6809,0.3289 
2011-05-01,11.6807,18.1346,3.5592 
2011-05-02,8.1035,16.3081,7.5807 
2011-05-03,5.5516,8.8202,26.7760 
2011-05-04,4.0311,8.2080,1.8441 
2011-05-05,4.1115,12.4365,0.0126 
2011-05-06,6.4540,14.9397,4.3783e-04 
2011-05-07,7.9418,14.0186,0.7238 
2011-05-08,8.0665,14.7154,0.0147 
2011-05-09,8.3603,15.9352,3.2285e-04 
2011-05-10,9.4559,18.9678,0.0014 
2011-05-11,11.6001,23.6245,0.0672 
2011-05-12,17.0825,25.7015,0.0125 
2011-05-13,17.7550,25.1718,5.4883 
2011-05-14,16.0761,22.9347,8.2397 
2011-05-15,7.0273,16.1540,32.6828 
2011-05-16,5.1065,9.8183,4.1754 
2011-05-17,6.1005,13.0626,2.6595 
2011-05-18,13.1951,21.3585,5.7126 
2011-05-19,13.1557,16.2816,17.1024 
2011-05-20,11.3491,18.1786,1.0487 
2011-05-21,13.4222,21.1179,0.0245 
2011-05-22,16.8614,24.1792,0.0515 
2011-05-23,17.8074,25.3532,2.3063 
2011-05-24,16.5967,20.9754,12.1014 
2011-05-25,10.4528,24.8156,9.5511e-04 
2011-05-26,16.9737,24.5589,13.7270 
2011-05-27,16.2083,19.6012,19.3502 
2011-05-28,15.5944,21.5673,1.6144 
2011-05-29,16.3498,26.0841,0.0284 
2011-05-30,18.6253,27.3392,6.8255 
2011-05-31,23.2242,28.9502,8.2136e-04 
2011-06-01,20.0610,28.1304,0.2240 
2011-06-02,9.9590,19.6991,2.6067e-05 
2011-06-03,9.5028,18.6749,0.0012 
2011-06-04,14.2660,22.3749,9.0823 
2011-06-05,15.6118,22.2992,0.2733 
2011-06-06,16.5352,24.1672,0.0106 
2011-06-07,19.7556,25.5688,4.3953 
2011-06-08,22.5105,28.9984,1.3700 
2011-06-09,22.9189,28.5547,0.0099 
2011-06-10,14.9568,22.8445,0.0218 
2011-06-11,14.3677,25.0301,1.2859 
2011-06-12,13.1628,22.3438,1.6740 
2011-06-13,10.9082,17.2327,0.3836 
2011-06-14,10.8645,16.8682,1.9897 
2011-06-15,13.2658,24.5388,0.0018 
2011-06-16,17.1995,24.4824,2.2077 
2011-06-17,14.9862,20.8495,0.4600 
2011-06-18,16.4761,24.1474,0.0093 
2011-06-19,14.0141,22.7920,8.6534e-04 
2011-06-20,15.9703,25.2906,0.0718 
2011-06-21,18.1587,26.9498,0.4008 
2011-06-22,18.8427,26.6136,27.4364 
2011-06-23,17.0629,25.9475,14.7732 
2011-06-24,16.8555,19.6079,13.6514 
2011-06-25,15.0997,17.1129,3.0237 
2011-06-26,14.1741,20.6500,0.1653 
2011-06-27,16.0333,26.6923,0.0026 
2011-06-28,18.6605,26.3933,0.0479 
2011-06-29,14.7901,20.5693,0.3306 
2011-06-30,13.2191,21.2673,0.0277 
2011-07-01,16.6695,24.0849,0.0000 
2011-07-02,18.6903,26.4596,0.0128 
2011-07-03,20.5425,25.2909,0.4129 
2011-07-04,17.3429,24.2662,5.7385e-04 
2011-07-05,17.3787,24.9252,4.5969e-04 
2011-07-06,21.6239,26.7918,0.0084 
2011-07-07,18.7771,24.8284,0.0318 
2011-07-08,19.8392,25.2023,0.0086 
2011-07-09,16.4975,24.7042,0.0115 
2011-07-10,21.3337,27.7574,0.0024 
2011-07-11,24.3806,30.2525,8.7641e-04 
2011-07-12,21.1165,28.6884,0.0140 
2011-07-13,17.7274,24.8742,5.8940e-04 
2011-07-14,16.2379,25.2027,2.4169e-05 
2011-07-15,19.3083,27.1759,0.0000 
2011-07-16,20.9441,28.0247,1.0444e-04 
2011-07-17,23.1719,28.5583,1.3955e-04 
2011-07-18,23.3049,28.0250,0.2614 
2011-07-19,20.0173,28.4743,0.6876 
2011-07-20,22.7927,30.2248,0.0012 
2011-07-21,25.8501,31.6213,0.1022 
2011-07-22,23.3398,30.4142,0.3264 
2011-07-23,25.0798,28.6754,2.3891e-04 
2011-07-24,20.4265,26.2381,3.6616 
2011-07-25,19.8984,26.1406,10.1502 
2011-07-26,19.3128,24.5438,0.2162 
2011-07-27,17.5485,24.0026,4.3339e-05 
2011-07-28,18.9194,26.1504,6.7837 
2011-07-29,20.0793,24.8241,7.9855 
2011-07-30,19.0555,26.5732,0.1033 
2011-07-31,22.4126,27.4965,3.9976 
2011-08-01,22.1260,25.7536,1.2290 
2011-08-02,18.1290,25.0187,0.0629 
2011-08-03,20.0197,23.7226,9.8058 
2011-08-04,18.6051,24.5131,1.1702 
2011-08-05,19.9434,26.5588,7.4033e-06 
2011-08-06,20.6787,25.9449,0.5873 
2011-08-07,19.0764,25.2342,8.8034 
2011-08-08,19.9127,23.4511,2.2203 
2011-08-09,18.7629,23.0516,15.8551 
2011-08-10,17.6034,20.8601,5.6897 
2011-08-11,15.4554,21.1769,0.0078 
2011-08-12,18.5789,24.2513,0.0084 
2011-08-13,19.8061,25.4222,0.0395 
2011-08-14,17.2076,25.3308,4.5095 
2011-08-15,16.6250,21.3164,4.5969 
2011-08-16,17.4104,24.3312,0.9796 
2011-08-17,20.4836,25.1201,8.7349e-04 
2011-08-18,21.5128,25.3327,0.0364 
2011-08-19,19.6195,24.9542,0.8911 
2011-08-20,19.6473,27.0647,0.7075 
2011-08-21,16.2274,25.3331,28.1831 
2011-08-22,13.8741,19.5447,1.7585 
2011-08-23,15.7107,22.8968,0.0036 
2011-08-24,18.8312,27.9099,0.1378 
2011-08-25,18.8707,26.8633,32.8361 
2011-08-26,17.0546,22.3862,0.3376 
2011-08-27,17.1114,24.4771,0.0134 
2011-08-28,16.6822,22.6635,0.0219 
2011-08-29,14.3744,21.0291,0.0428 
2011-08-30,17.3613,22.9575,0.0272 
2011-08-31,18.6915,24.3220,2.6369e-04 
2011-09-01,17.9535,25.8337,3.3130 
2011-09-02,19.7890,29.3301,0.0029 
2011-09-03,23.2311,29.6103,0.0591 
2011-09-04,22.8333,28.0756,3.8426 
2011-09-05,15.2182,21.0034,15.4709 
2011-09-06,12.5109,15.0235,1.7179 
2011-09-07,12.9606,16.5107,2.4709 
2011-09-08,15.8869,21.4629,0.2893 
2011-09-09,16.1530,24.4001,0.5067 
2011-09-10,17.0669,23.1611,0.0562 
2011-09-11,15.6013,22.0057,2.6638 
2011-09-12,16.8080,22.9419,0.2686 
2011-09-13,18.5408,25.0088,0.2691 
2011-09-14,12.5627,19.8048,0.7507 
2011-09-15,9.0887,16.1696,9.9377 
2011-09-16,8.2281,12.5586,0.0673 
2011-09-17,10.0261,15.1330,2.7360e-04 
2011-09-18,9.9150,18.0175,0.0000 
2011-09-19,11.7101,18.0129,3.6584 
2011-09-20,13.3282,17.5298,6.5668 
2011-09-21,15.3016,23.7053,1.1227 
2011-09-22,16.9370,22.0248,7.9197 
2011-09-23,16.1223,21.6567,11.4025 
2011-09-24,13.4330,19.6817,2.3364 
2011-09-25,16.7624,25.1939,0.0024 
2011-09-26,18.0947,26.1961,0.0067 
2011-09-27,17.9269,24.3122,0.8520 
2011-09-28,14.8761,21.8202,12.6413 
2011-09-29,13.7652,15.8836,2.9288 
2011-09-30,12.2543,14.3045,4.6319 
2011-10-01,7.0886,12.1952,4.4161 
2011-10-02,3.7462,9.8479,10.2499 
2011-10-03,9.8435,13.6334,5.1570 
2011-10-04,9.9018,14.8316,2.8940 
2011-10-05,10.1411,16.2598,0.0428 
2011-10-06,8.2159,17.1312,0.0000 
2011-10-07,12.3679,21.2801,0.0000 
2011-10-08,16.0658,23.9044,0.0000 
2011-10-09,17.8132,23.5314,0.0000 
2011-10-10,17.7429,24.3345,0.0000 
2011-10-11,17.0841,24.1389,1.2480e-05 
2011-10-12,13.3232,21.7770,5.5621 
2011-10-13,12.5401,20.2344,4.6207 
2011-10-14,11.0843,17.9755,15.3731 
2011-10-15,7.3105,10.6631,32.9418 
2011-10-16,8.4888,11.3892,9.4514 
2011-10-17,8.8358,11.0059,2.6265 
2011-10-18,8.6425,12.6857,0.5926 
2011-10-19,9.4892,17.0429,3.1521 
2011-10-20,8.1329,14.5427,15.8704 
2011-10-21,6.6021,7.6552,10.1677 
2011-10-22,5.4766,8.4846,0.5532 
2011-10-23,6.3468,13.3873,0.0063 
2011-10-24,9.4539,12.5113,2.7661 
2011-10-25,5.8018,10.9288,1.1585 
2011-10-26,7.6522,11.2293,10.2728 
2011-10-27,0.9474,7.0945,9.4132 
2011-10-28,0.6312,6.4216,0.0247 
2011-10-29,1.6430,5.8775,1.4384 
2011-10-30,-2.2448,7.1580,0.3009 
2011-10-31,2.4938,8.3330,0.0726 
2011-11-01,4.1229,10.8700,0.1120 
2011-11-02,6.8820,15.6003,0.0000 
2011-11-03,9.4830,12.9381,2.9882e-04 
2011-11-04,2.4640,8.3858,0.0209 
2011-11-05,0.0751,9.8016,4.2643e-06 
2011-11-06,4.1962,13.8268,8.8920e-08 
2011-11-07,8.6327,15.5302,0.0212 
2011-11-08,10.4769,19.9211,0.1348 
2011-11-09,13.0883,18.4329,0.0053 
2011-11-10,4.5297,18.1098,7.8945 
2011-11-11,0.9439,5.0200,6.2168 
2011-11-12,2.1566,11.8441,0.3026 
2011-11-13,9.3288,15.2681,2.4878e-05 
2011-11-14,13.2276,16.6495,20.9360 
2011-11-15,8.6522,15.5338,9.3941 
2011-11-16,6.7009,11.0981,0.1252 
2011-11-17,0.8238,5.8672,1.6555 
2011-11-18,-1.1149,4.2968,0.3504 
2011-11-19,2.7450,9.8681,0.1180 
2011-11-20,8.6303,12.9615,0.4780 
2011-11-21,0.1945,7.6703,0.0510 
2011-11-22,-1.6725,4.9911,1.6048 
2011-11-23,0.9369,6.4250,24.4682 
2011-11-24,0.7011,7.4277,0.0079 
2011-11-25,4.9370,12.6740,0.0045 
2011-11-26,8.9470,12.7227,2.4424e-06 
2011-11-27,11.1854,14.4522,2.4161 
2011-11-28,4.4711,14.0735,13.8490 
2011-11-29,9.5620,14.9622,6.4549 
2011-11-30,0.0071,12.9459,5.4973 
2011-12-01,-0.3304,4.5197,0.0025 
2011-12-02,0.1496,2.4027,4.0378 
2011-12-03,-2.5364,6.7657,0.0543 
2011-12-04,5.0867,12.3364,0.1256 
2011-12-05,7.5832,9.7792,9.1140 
2011-12-06,1.2848,6.9028,15.2627 
2011-12-07,-0.8571,2.2422,0.6576 
2011-12-08,-1.9855,2.0364,0.1864 
2011-12-09,-1.2884,2.0738,0.6188 
2011-12-10,-5.6764,-0.2975,0.4831 
2011-12-11,-4.3536,1.2101,0.2790 
2011-12-12,-1.1894,3.6743,4.7053e-05 
2011-12-13,-0.1810,4.2500,0.0020 
2011-12-14,2.6848,5.9995,1.8444 
2011-12-15,6.7090,13.0742,24.7925 
2011-12-16,-0.0051,9.5951,2.3574 
2011-12-17,-5.9290,0.4794,0.9890 
2011-12-18,-8.5914,-0.0249,0.3789 
2011-12-19,-1.1444,5.1190,0.2065 
2011-12-20,-4.0787,5.0704,0.5417 
2011-12-21,1.4251,13.5156,12.4762 
2011-12-22,2.8945,8.6618,1.1381 
2011-12-23,-3.9641,3.1884,5.1432 
2011-12-24,-6.9927,-1.2970,0.0496 
2011-12-25,-2.0673,4.4740,0.1935 
2011-12-26,-0.4692,2.5474,3.9849 
2011-12-27,1.0466,3.3436,4.1211 
2011-12-28,-6.9970,3.1035,5.7383 
2011-12-29,-9.1652,-0.0845,0.4662 
2011-12-30,0.2587,7.2154,1.7211 
2011-12-31,2.5246,5.8515,3.3089 
2012-01-01,0.6285,7.6732,5.5428 
2012-01-02,-3.0900,3.1846,8.6996 
2012-01-03,-14.0179,-3.6005,3.8301 
2012-01-04,-14.0899,-3.3059,0.0700 
2012-01-05,-3.0886,-0.0568,0.2941 
2012-01-06,-0.0480,7.9031,0.0059 
2012-01-07,2.6510,6.5363,0.1799 
2012-01-08,-3.5247,2.3761,0.3761 
2012-01-09,-3.6765,3.2426,0.0038 
2012-01-10,0.9282,2.6603,0.2239 
2012-01-11,-0.2326,7.4679,0.0145 
2012-01-12,2.9984,5.8137,16.8839 
2012-01-13,-6.6051,5.6140,10.2769 
2012-01-14,-8.6013,-2.4868,4.1682 
2012-01-15,-13.4248,-8.8317,0.2290 
2012-01-16,-9.3866,4.3899,0.0321 
2012-01-17,3.5075,9.2137,6.7665 
2012-01-18,-7.2664,6.2578,0.4768 
2012-01-19,-9.3170,-2.0729,4.1293 
2012-01-20,-10.1662,-4.9670,1.1014 
2012-01-21,-7.9096,-4.3859,3.7575 
2012-01-22,-7.8625,2.7048,0.0873 
2012-01-23,1.2086,9.6655,7.2870 
2012-01-24,-1.4290,8.8707,1.8105 
2012-01-25,-4.3456,-1.2328,0.3351 
2012-01-26,-3.0816,3.3568,4.0284 
2012-01-27,0.1555,7.1067,26.8175 
2012-01-28,-2.0436,1.5171,2.7548 
2012-01-29,-2.7350,0.3554,7.1366 
2012-01-30,-5.9117,-1.1616,7.6117 
2012-01-31,-1.2345,9.2005,0.3884 
2012-02-01,1.7201,7.3945,5.5373 
2012-02-02,-3.0349,1.5015,0.3319 
2012-02-03,-4.8215,1.6935,0.0832 
2012-02-04,-2.6307,1.1763,0.0106 
2012-02-05,-3.2310,0.3383,0.0850 
2012-02-06,-1.4874,3.3707,0.0045 
2012-02-07,-1.9327,2.2493,0.6656 
2012-02-08,-6.0922,-1.7062,0.0384 
2012-02-09,-4.4501,0.3600,0.0196 
2012-02-10,-4.3931,-0.8421,0.7329 
2012-02-11,-9.9986,-2.1319,6.2145 
2012-02-12,-9.9792,-4.8082,4.5826 
2012-02-13,-4.6942,-1.0139,0.1086 
2012-02-14,-3.4567,1.5104,1.2180 
2012-02-15,-1.0803,1.0592,0.9511 
2012-02-16,-0.9372,5.1344,2.0605 
2012-02-17,-1.4580,3.5079,2.3412 
2012-02-18,-1.7827,0.9648,3.2011 
2012-02-19,-4.5059,-0.8445,0.5237 
2012-02-20,-5.8897,-0.5424,0.0928 
2012-02-21,-3.1836,3.6711,0.9700 
2012-02-22,0.3442,4.3040,6.8802 
2012-02-23,-1.1260,2.3282,7.8065 
2012-02-24,0.1765,5.8774,12.4278 
2012-02-25,-3.3193,-0.2886,6.7593 
2012-02-26,-6.5562,0.1172,0.0058 
2012-02-27,-1.0696,4.4065,0.0806 
2012-02-28,-4.0332,0.3907,0.3971 
2012-02-29,-1.5991,5.0668,0.5841 
2012-03-01,0.4609,6.3351,0.6086 
2012-03-02,0.1216,8.6218,0.0538 
2012-03-03,0.1488,9.9775,3.8632 
2012-03-04,-4.3855,0.0220,1.2189 
2012-03-05,-11.5178,-4.8424,0.4111 
2012-03-06,-7.6667,6.4073,0.1406 
2012-03-07,5.6535,12.8168,1.6787e-04 
2012-03-08,3.9623,14.1210,6.7684 
2012-03-09,-1.9794,1.7481,3.3989 
2012-03-10,-7.1655,2.4569,0.0682 
2012-03-11,2.2334,12.7120,0.0036 
2012-03-12,9.0397,15.7688,1.2079 
2012-03-13,10.0662,13.9435,2.9477 
2012-03-14,4.2211,14.4849,0.0085 
2012-03-15,14.2448,22.6846,2.3881 
2012-03-16,12.2059,18.3735,2.3560 
2012-03-17,11.9381,22.0760,0.0049 
2012-03-18,15.9240,21.4184,0.5121 
2012-03-19,15.4101,21.7827,0.6560 
2012-03-20,14.8399,24.1100,0.0172 
2012-03-21,15.6519,25.1077,8.2464e-04 
2012-03-22,15.1216,24.5783,0.0042 
2012-03-23,14.8554,23.7299,0.0063 
2012-03-24,13.4883,19.2547,5.8715 
2012-03-25,7.2435,13.6574,8.0213 
2012-03-26,-2.6259,10.3999,0.0144 
2012-03-27,-4.8615,8.2635,0.0076 
2012-03-28,6.8925,15.1267,0.5771 
2012-03-29,1.2552,9.1849,1.9714 
2012-03-30,-2.4988,7.9156,0.9003 
2012-03-31,0.4579,6.9936,3.2942 
2012-04-01,0.4571,6.4793,8.3744 
2012-04-02,-0.3409,7.4918,0.7000 
2012-04-03,1.5011,13.4047,0.0041 
2012-04-04,2.7252,12.2640,0.0609 
2012-04-05,-1.0365,6.8063,0.0111 
2012-04-06,-1.2674,7.6101,3.2570e-04 
2012-04-07,0.4039,9.9703,0.0000 
2012-04-08,3.2120,11.6061,0.0920 
2012-04-09,3.4317,8.6726,0.1079 
2012-04-10,1.9382,7.6314,0.8329 
2012-04-11,0.2577,6.3182,2.6131 
2012-04-12,1.0067,8.0379,0.4560 
2012-04-13,2.8139,10.6756,3.7783e-04 
2012-04-14,7.5282,17.8822,0.4950 
2012-04-15,12.0595,20.8649,3.4133 
2012-04-16,17.1556,26.4231,0.1785 
2012-04-17,5.3248,16.3405,0.0025 
2012-04-18,0.5670,13.2719,1.8800e-05 
2012-04-19,9.2839,17.4896,2.2434e-04 
2012-04-20,14.2482,22.2684,6.6591e-04 
2012-04-21,3.3719,21.0982,13.8696 
2012-04-22,2.0443,5.2345,1.3760 
2012-04-23,-0.2267,5.0261,25.9586 
2012-04-24,-0.8415,3.3994,8.3447 
2012-04-25,3.0116,9.5778,0.7956 
2012-04-26,3.3969,13.5446,1.7816 
2012-04-27,-0.2005,6.2404,0.4848 
2012-04-28,-0.8308,5.7463,0.0041 
2012-04-29,1.1175,9.7378,5.6068e-04 
2012-04-30,3.5588,19.1065,2.4579 
2012-05-01,9.5509,18.4048,15.8248 
2012-05-02,10.5776,23.4519,0.1999 
2012-05-03,15.7929,26.3159,0.5239 
2012-05-04,16.0660,25.4641,4.0101 
2012-05-05,9.9524,18.6879,0.0063 
2012-05-06,8.2699,18.9569,1.7895e-04 
2012-05-07,12.4390,18.6510,2.0060 
2012-05-08,14.2319,18.3777,11.4831 
2012-05-09,11.2454,16.4398,0.1659 
2012-05-10,6.0304,13.0615,0.1188 
2012-05-11,5.9250,16.2260,0.0111 
2012-05-12,11.8897,20.9072,0.0024 
2012-05-13,12.6305,19.2201,0.0021 
2012-05-14,14.3146,20.5090,0.0461 
2012-05-15,14.0753,21.4603,0.1216 
2012-05-16,14.5369,19.7942,0.1164 
2012-05-17,6.8649,15.0455,2.2946e-05 
2012-05-18,10.1357,22.5984,2.6655e-04 
2012-05-19,18.7235,25.7453,1.9797e-04 
2012-05-20,21.3135,29.9697,4.6367e-05 
2012-05-21,19.1187,29.2278,1.7689 
2012-05-22,16.1421,21.3820,2.0244 
2012-05-23,15.3136,24.1126,0.1159 
2012-05-24,18.0979,27.1869,0.0522 
2012-05-25,21.2277,28.9220,0.0142 
2012-05-26,17.4563,26.4556,0.0078 
2012-05-27,18.9590,28.2840,0.0332 
2012-05-28,20.3185,29.0759,0.0136 
2012-05-29,19.9018,27.9759,1.7547 
2012-05-30,16.5127,20.9543,0.0650 
2012-05-31,10.8872,17.2603,0.0493 
2012-06-01,10.1275,19.7174,10.9346 
2012-06-02,10.5989,16.9139,9.4376 
2012-06-03,11.8314,16.0200,17.0230 
2012-06-04,9.7959,13.1104,7.0298 
2012-06-05,8.8482,17.2199,0.1687 
2012-06-06,13.0548,18.8767,0.0946 
2012-06-07,12.9323,19.8139,0.0016 
2012-06-08,13.8562,22.6665,0.0451 
2012-06-09,17.3045,23.7081,4.6299 
2012-06-10,19.6659,27.8578,0.4257 
2012-06-11,22.4854,28.6077,0.3140 
2012-06-12,18.3526,26.7216,29.3601 
2012-06-13,11.4514,19.3597,1.9302 
2012-06-14,13.3130,23.3786,7.8835e-04 
2012-06-15,17.2446,27.0994,4.0847e-04 
2012-06-16,19.7532,26.5411,4.8273e-04 
2012-06-17,19.7184,26.7495,0.7929 
2012-06-18,18.0726,25.2767,3.3812 
2012-06-19,20.0213,28.2381,0.1268 
2012-06-20,24.2214,29.5716,5.4794e-05 
2012-06-21,24.2769,28.8990,3.1131e-04 
2012-06-22,18.1412,27.5802,0.7617 
2012-06-23,15.4078,22.5967,0.0076 
2012-06-24,18.3787,23.3035,0.0245 
2012-06-25,14.0242,22.6151,1.5930 
2012-06-26,13.3114,20.6589,0.0364 
2012-06-27,15.6322,22.5548,0.0520 
2012-06-28,19.6512,26.6650,0.0285 
2012-06-29,22.0233,27.0290,0.0336 
2012-06-30,21.7648,27.2961,8.4540e-04 
2012-07-01,20.3976,25.3584,0.0463 
2012-07-02,19.1026,25.4742,5.5312e-04 
2012-07-03,20.4683,29.1887,1.1804 
2012-07-04,21.8478,28.4318,0.5414 
2012-07-05,20.8931,28.8649,0.0269 
2012-07-06,23.6684,30.1190,0.0092 
2012-07-07,23.0774,28.3541,5.5231 
2012-07-08,19.0486,26.0748,0.3554 
2012-07-09,16.4775,23.8268,2.0585e-04 
2012-07-10,18.0319,24.0714,0.0609 
2012-07-11,20.1394,27.4792,0.0033 
2012-07-12,21.6400,29.0521,6.1690e-07 
2012-07-13,22.6922,29.6553,0.1234 
2012-07-14,21.5930,28.0336,0.0323 
2012-07-15,21.9127,26.4104,1.2673 
2012-07-16,20.1875,26.1195,2.4809 
2012-07-17,23.6570,29.8803,0.1104 
2012-07-18,23.4833,29.2006,0.1591 
2012-07-19,20.3643,26.7427,0.8021 
2012-07-20,15.4386,22.2340,5.7697 
2012-07-21,16.1981,24.9110,0.2199 
2012-07-22,19.7903,26.7042,0.1089 
2012-07-23,23.0349,30.0013,0.1978 
2012-07-24,20.7353,28.6099,0.2656 
2012-07-25,17.6391,25.4595,0.0011 
2012-07-26,20.2632,28.0620,13.1850 
2012-07-27,19.2920,24.9690,7.9741 
2012-07-28,16.9610,23.6530,5.5952 
2012-07-29,18.5069,25.5030,0.3962 
2012-07-30,20.2167,26.4663,0.0015 
2012-07-31,20.1784,28.0372,1.5363 
2012-08-01,19.0205,24.3295,0.1436 
2012-08-02,20.0680,26.4512,0.0136 
2012-08-03,22.9781,30.0606,0.1942 
2012-08-04,23.1698,30.3645,0.0235 
2012-08-05,20.8797,28.2895,16.8203 
2012-08-06,15.8846,22.3631,0.1808 
2012-08-07,18.7271,25.1335,3.4530e-04 
2012-08-08,21.7684,26.8489,0.0590 
2012-08-09,19.9278,24.9921,0.2333 
2012-08-10,17.3864,24.6295,2.2893 
2012-08-11,16.8261,19.7650,2.3229 
2012-08-12,16.6155,19.8392,1.8128 
2012-08-13,17.9568,23.2992,0.4755 
2012-08-14,16.8263,24.3269,8.1953 
2012-08-15,17.1625,21.5267,0.8361 
2012-08-16,17.3635,25.4318,0.0238 
2012-08-17,17.5511,24.6698,2.9404 
2012-08-18,13.7568,19.3677,0.0191 
2012-08-19,15.4485,22.1356,0.0063 
2012-08-20,16.4980,21.1964,0.0589 
2012-08-21,15.4527,21.5511,0.0074 
2012-08-22,17.6218,22.9775,0.0029 
2012-08-23,19.1207,24.4164,1.8248e-04 
2012-08-24,20.6068,27.8303,4.1533e-04 
2012-08-25,21.6822,28.6839,0.0053 
2012-08-26,19.5103,27.1281,0.0126 
2012-08-27,19.6920,25.7521,1.9774 
2012-08-28,17.3651,22.9640,2.6695 
2012-08-29,15.1976,20.9319,0.1175 
2012-08-30,16.4185,25.0056,0.0016 
2012-08-31,20.4408,27.1918,0.0010 
2012-09-01,18.8669,26.9969,5.1901e-04 
2012-09-02,19.9632,28.0256,1.9184e-04 
2012-09-03,20.3790,27.4239,0.0509 
2012-09-04,20.0759,25.8068,15.2381 
2012-09-05,18.6205,24.7876,10.9167 
2012-09-06,20.2530,24.3132,0.1966 
2012-09-07,18.7391,25.8105,1.2118 
2012-09-08,14.8193,21.1195,25.7529 
2012-09-09,13.5512,16.6631,0.5648 
2012-09-10,12.7142,16.8498,0.0758 
2012-09-11,14.3070,21.2945,0.0103 
2012-09-12,16.3342,25.7584,0.0000 
2012-09-13,19.0510,26.2964,4.2394e-05 
2012-09-14,11.9090,24.4320,7.2573 
2012-09-15,11.4059,16.0237,0.1743 
2012-09-16,11.2721,19.0113,0.0032 
2012-09-17,15.1677,22.0520,0.0022 
2012-09-18,13.3174,20.4354,10.9956 
2012-09-19,8.7922,13.2143,0.1614 
2012-09-20,9.6751,19.5050,2.1665e-04 
2012-09-21,14.3738,18.5061,1.2499 
2012-09-22,11.5971,16.7082,18.9577 
2012-09-23,8.6247,11.5202,4.1944 
2012-09-24,7.1310,12.6487,1.1983 
2012-09-25,10.4233,20.0324,0.0207 
2012-09-26,15.0033,18.9429,3.5129 
2012-09-27,9.4608,16.6796,0.7204 
2012-09-28,9.3946,14.8269,0.4369 
2012-09-29,10.5176,14.5752,0.2773 
2012-09-30,10.4337,13.8791,1.7117 
2012-10-01,9.0891,15.7499,0.1228 
2012-10-02,12.1242,18.9107,4.1742 
2012-10-03,16.8294,20.7657,0.9392 
2012-10-04,15.2341,20.1943,0.0105 
2012-10-05,14.2397,18.1669,0.7690 
2012-10-06,7.5641,12.8151,20.0152 
2012-10-07,5.5728,8.4309,6.9525 
2012-10-08,4.1287,9.5050,2.8632 
2012-10-09,4.4724,13.4004,4.0149e-04 
2012-10-10,7.4869,11.8286,0.8395 
2012-10-11,4.7804,11.2618,0.3400 
2012-10-12,4.1494,10.9343,1.5592 
2012-10-13,0.8130,12.9289,0.5265 
2012-10-14,12.6752,21.0231,8.7084 
2012-10-15,8.8582,20.3605,0.8070 
2012-10-16,5.1051,9.0904,0.0641 
2012-10-17,7.0384,16.2143,1.7511e-04 
2012-10-18,12.1394,17.6799,0.9988 
2012-10-19,8.3316,17.4588,12.1749 
2012-10-20,7.2680,11.8349,4.5004 
2012-10-21,7.6936,11.5308,1.7562 
2012-10-22,8.6580,15.5841,0.0294 
2012-10-23,12.4848,15.5209,20.1908 
2012-10-24,11.5912,16.9160,5.0394 
2012-10-25,16.4524,23.8532,0.2756 
2012-10-26,12.3938,21.5049,0.0147 
2012-10-27,6.1949,10.8609,8.8835 
2012-10-28,4.2222,6.5478,10.6525 
2012-10-29,5.1421,6.8136,21.1089 
2012-10-30,6.5145,12.7599,33.3955 
2012-10-31,2.4511,5.9587,1.3740 
2012-11-01,3.8140,5.4960,8.4346 
2012-11-02,1.4789,4.8443,1.9036 
2012-11-03,0.9422,2.6394,1.1984 
2012-11-04,-0.5747,1.8908,0.2494 
2012-11-05,-0.8126,0.9742,0.2957 
2012-11-06,-3.7751,4.2168,0.0012 
2012-11-07,-0.6486,4.4654,4.6854e-04 
2012-11-08,-1.9126,3.4727,0.0000 
2012-11-09,1.2213,7.2380,0.0043 
2012-11-10,5.3122,12.2255,0.6009 
2012-11-11,10.8639,18.8797,0.0373 
2012-11-12,9.9804,19.0273,3.0906 
2012-11-13,-0.2791,7.3527,9.6557 
2012-11-14,-1.2621,4.5956,0.0095 
2012-11-15,0.3460,6.5027,1.4051e-04 
2012-11-16,1.1163,6.1451,1.6232e-04 
2012-11-17,1.9364,8.7122,0.0000 
2012-11-18,4.0379,10.6616,1.1796e-04 
2012-11-19,2.6242,9.4511,0.0102 
2012-11-20,5.6182,8.8637,5.1406e-04 
2012-11-21,3.9502,10.1832,9.3301e-05 
2012-11-22,7.1329,13.1561,0.0043 
2012-11-23,3.9143,10.1969,0.9779 
2012-11-24,-0.7140,2.9159,1.6148 
2012-11-25,-2.2757,-0.2552,0.6097 
2012-11-26,-0.7398,0.7223,0.5051 
2012-11-27,-2.1601,0.2617,0.2273 
2012-11-28,-3.1792,0.7113,0.8508 
2012-11-29,-0.7965,4.2982,0.1161 
2012-11-30,-0.4458,3.5020,1.2737 
2012-12-01,-1.0994,9.1399,0.3835 
2012-12-02,7.2464,11.5009,8.9480 
2012-12-03,4.7819,13.1715,0.6583 
2012-12-04,9.6598,17.8655,4.0245 
2012-12-05,-0.6627,8.3796,3.2501 
2012-12-06,-5.6915,4.3344,0.0103 
2012-12-07,3.6433,7.0464,0.3638 
2012-12-08,4.7002,8.5487,5.5676 
2012-12-09,-1.0420,3.5837,0.6429 
2012-12-10,1.3681,12.5205,6.8212 
2012-12-11,-3.8472,1.0455,1.2699 
2012-12-12,-2.0448,2.0479,1.2061 
2012-12-13,-0.5601,4.8711,0.1100 
2012-12-14,0.7338,4.3462,0.0579 
2012-12-15,-1.3012,7.7113,0.0641 
2012-12-16,4.8641,10.1408,1.0996 
2012-12-17,6.3795,9.9606,2.1540 
2012-12-18,1.9656,6.2206,14.3255 
2012-12-19,0.0490,3.3806,0.1885 
2012-12-20,-1.3374,6.6388,1.2269 
2012-12-21,0.3038,7.4211,15.1303 
2012-12-22,-2.9722,0.3959,12.6054 
2012-12-23,-1.5366,-0.0223,1.0364 
2012-12-24,-5.7129,0.0725,0.0975 
2012-12-25,-2.4215,-0.2406,2.5657 
2012-12-26,-6.2472,-2.7000,5.5035 
2012-12-27,-4.3287,-2.4847,25.7057 
2012-12-28,-5.4319,-3.2637,0.9093 
2012-12-29,-5.2653,-2.1082,6.4542 
2012-12-30,-5.2406,-2.0048,1.4959 
2012-12-31,-3.1658,0.6069,0.1969 
2013-01-01,-6.1700,0.4189,0.8660 
2013-01-02,-6.9699,-4.5925,0.4320 
2013-01-03,-6.9497,-2.7979,1.0498 
2013-01-04,-2.6856,-0.6980,0.8936 
2013-01-05,-2.0626,-0.2301,0.1103 
2013-01-06,-2.4280,1.1353,0.5734 
2013-01-07,-4.8179,0.3753,0.6225 
2013-01-08,-1.7251,2.6182,5.7451e-05 
2013-01-09,0.8345,4.4338,0.1312 
2013-01-10,-1.3177,1.8288,0.0596 
2013-01-11,0.6335,7.1415,1.5868 
2013-01-12,5.9068,9.3019,0.0346 
2013-01-13,7.4153,11.7534,1.5740 
2013-01-14,-3.4286,9.4389,0.3926 
2013-01-15,-5.1082,-1.9385,0.0441 
2013-01-16,-4.0465,1.1973,0.0481 
2013-01-17,-5.7051,0.2642,0.6349 
2013-01-18,-9.5216,-3.8052,1.7034 
2013-01-19,-3.2830,6.2180,0.0783 
2013-01-20,-7.1024,5.5756,0.6247 
2013-01-21,-9.3669,-7.4446,0.9013 
2013-01-22,-14.4042,-8.7229,1.0520 
2013-01-23,-14.1070,-11.7322,1.6510 
2013-01-24,-13.1429,-10.8878,2.6495 
2013-01-25,-13.7248,-9.1581,0.2851 
2013-01-26,-11.0434,-6.3263,0.1143 
2013-01-27,-8.0478,-2.1840,0.0987 
2013-01-28,-3.7232,6.7335,9.4514 
2013-01-29,1.0013,9.8293,11.3619 
2013-01-30,8.9042,15.1288,6.2556 
2013-01-31,-6.0551,9.9643,4.2307 
2013-02-01,-8.4176,-6.1072,11.2441 
2013-02-02,-11.4828,-7.0745,4.1745 
2013-02-03,-8.7840,-6.6820,2.2016 
2013-02-04,-10.7738,-8.0132,0.9123 
2013-02-05,-10.1283,-4.1608,0.2811 
2013-02-06,-6.8347,-5.0458,0.3769 
2013-02-07,-7.3529,0.7564,0.0912 
2013-02-08,-1.5687,1.5842,28.0335 
2013-02-09,-9.1758,-3.6836,7.2385 
2013-02-10,-9.3359,6.1507,0.0227 
2013-02-11,0.4798,6.9793,1.6786 
2013-02-12,-2.8027,0.2552,1.6915 
2013-02-13,-3.5528,0.9717,0.0900 
2013-02-14,-4.8210,3.4045,0.0889 
2013-02-15,-3.2467,2.4251,0.5615 
2013-02-16,-8.8455,-3.7466,0.1112 
2013-02-17,-11.6929,-5.6603,1.0818 
2013-02-18,-13.2789,1.3226,0.1407 
2013-02-19,-3.8880,4.7957,2.9592 
2013-02-20,-9.2371,-4.5282,0.9800 
2013-02-21,-11.0711,-7.6710,0.6568 
2013-02-22,-9.3232,1.5094,0.5192 
2013-02-23,-1.9780,1.9639,0.4783 
2013-02-24,-5.3064,-1.6362,0.4021 
2013-02-25,-6.1279,0.7641,0.1079 
2013-02-26,-2.9134,4.5296,0.1365 
2013-02-27,0.6052,2.1903,16.8783 
2013-02-28,-0.7104,0.4772,4.6918 
2013-03-01,-3.5448,-0.8077,0.7594 
2013-03-02,-6.9082,-3.8493,1.3199 
2013-03-03,-9.0261,-5.7122,2.2163 
2013-03-04,-7.7248,-3.2685,1.0399 
2013-03-05,-8.1822,2.1761,0.1278 
2013-03-06,-2.1674,3.5599,0.0776 
2013-03-07,-2.5777,1.5125,0.4916 
2013-03-08,-3.0613,2.0314,1.0213 
2013-03-09,-2.7727,4.6141,0.0082 
2013-03-10,2.8709,10.1355,0.0272 
2013-03-11,5.9387,9.1226,0.0500 
2013-03-12,0.3233,6.7555,4.3522 
2013-03-13,-3.1619,-0.2795,1.1934 
2013-03-14,-7.8209,-1.7908,1.5142 
2013-03-15,-5.3762,0.0615,0.3019 
2013-03-16,-5.3286,-0.2107,0.2557 
2013-03-17,-9.2139,-2.2260,0.1343 
2013-03-18,-7.5826,1.2631,1.5367 
2013-03-19,-4.2072,4.6771,2.5875 
2013-03-20,-5.1760,-3.0886,2.1330 
2013-03-21,-8.7804,-2.7190,1.1313 
2013-03-22,-5.4036,-1.9668,2.4961 
2013-03-23,-4.6346,0.6638,0.1925 
2013-03-24,-5.1090,1.2955,0.0238 
2013-03-25,-1.6350,2.0842,0.1114 
2013-03-26,-2.3367,3.9723,0.0640 
2013-03-27,-2.4062,1.9926,1.3235 
2013-03-28,-1.1665,3.3743,0.9749 
2013-03-29,-1.8999,5.2853,0.2382 
2013-03-30,0.3398,6.3288,0.0102 
2013-03-31,3.2430,6.9182,0.6489 
2013-04-01,-2.1214,4.8225,2.5051 
2013-04-02,-5.3017,-1.4656,0.7982 
2013-04-03,-5.3896,-0.5966,0.3804 
2013-04-04,-4.2695,7.0375,0.0011 
2013-04-05,0.0211,4.4010,0.0741 
2013-04-06,-4.3078,5.7886,0.0028 
2013-04-07,4.9129,10.5481,0.0932 
2013-04-08,1.7303,12.2806,0.3320 
2013-04-09,5.2944,13.8323,2.4392 
2013-04-10,5.9930,10.3885,47.3814 
2013-04-11,0.4174,5.4499,9.1999 
2013-04-12,1.3424,12.6990,16.5876 
2013-04-13,2.9701,4.7763,0.5611 
2013-04-14,0.3153,6.0238,0.1780 
2013-04-15,3.6868,20.4591,8.8413e-07 
2013-04-16,9.7691,17.5371,6.1138 
2013-04-17,3.9693,13.3216,0.1697 
2013-04-18,9.0447,25.0162,0.0138 
2013-04-19,5.3029,22.5707,2.2093 
2013-04-20,0.4648,5.7345,1.5646 
2013-04-21,-3.0861,7.3800,0.1788 
2013-04-22,2.6203,12.7351,0.0000 
2013-04-23,4.1544,17.4433,0.0000 
2013-04-24,5.8523,18.4529,6.6136 
2013-04-25,1.1275,9.5419,1.0299 
2013-04-26,2.2888,9.3893,0.6243 
2013-04-27,7.4579,18.4672,1.5543e-04 
2013-04-28,12.3279,19.9492,0.8702 
2013-04-29,11.3516,17.3040,1.4799 
2013-04-30,13.2873,21.6357,0.0148 
2013-05-01,13.7261,23.6205,0.0039 
2013-05-02,11.9949,23.6713,0.0000 
2013-05-03,14.8811,23.6476,6.5283e-06 
2013-05-04,12.8862,22.4547,7.7153e-06 
2013-05-05,14.8189,22.8066,1.6957e-05 
2013-05-06,11.6773,23.3827,2.0040e-05 
2013-05-07,14.7857,23.6835,2.2443e-04 
2013-05-08,15.9814,23.0358,2.3131 
2013-05-09,12.5236,17.8280,11.4427 
2013-05-10,14.4027,20.7798,5.6361 
2013-05-11,7.2333,16.9600,10.1994 
2013-05-12,3.0083,10.6442,2.9740 
2013-05-13,0.8508,5.1498,0.8593 
2013-05-14,3.5335,10.8332,0.0536 
2013-05-15,8.6976,22.2019,0.6123 
2013-05-16,13.9080,19.8400,1.7352e-04 
2013-05-17,8.8523,17.0685,0.0000 
2013-05-18,12.3200,20.6101,6.6113e-04 
2013-05-19,16.2333,24.2281,0.3128 
2013-05-20,18.3125,26.9247,0.0350 
2013-05-21,20.1224,26.7620,0.2444 
2013-05-22,19.8575,28.2598,2.1424 
2013-05-23,16.5712,26.6549,7.1999 
2013-05-24,2.2759,14.5971,4.7516 
2013-05-25,3.7031,10.8108,0.0341 
2013-05-26,4.7525,13.4308,0.0041 
2013-05-27,8.0889,17.5738,2.8581e-04 
2013-05-28,11.6002,20.1220,17.7677 
2013-05-29,18.3535,23.6590,24.2869 
2013-05-30,21.0834,26.5970,0.0147 
2013-05-31,22.8394,27.7625,0.1924 
2013-06-01,21.7524,27.4506,6.4839 
2013-06-02,17.7446,24.8643,26.5498 
2013-06-03,8.0750,17.6307,0.0377 
2013-06-04,7.1483,16.6465,2.4663e-04 
2013-06-05,12.0332,21.1365,0.0275 
2013-06-06,13.7072,20.0430,36.1024 
2013-06-07,12.8090,16.9487,1.5670 
2013-06-08,11.8496,16.5568,1.1612 
2013-06-09,12.8367,22.5424,0.0264 
2013-06-10,17.4021,22.2120,3.6438 
2013-06-11,16.0299,19.4853,7.0986 
2013-06-12,14.1655,22.8640,0.3258 
2013-06-13,15.2032,21.7511,26.4674 
2013-06-14,12.1779,18.9792,0.2252 
2013-06-15,12.0135,19.4718,0.0035 
2013-06-16,17.4693,19.6286,2.7850 
2013-06-17,17.0586,22.3088,1.1496 
2013-06-18,13.5667,20.7265,0.2691 
2013-06-19,10.1240,18.8918,0.0000 
2013-06-20,13.5328,22.7174,3.6322e-05 
2013-06-21,17.3132,26.0756,1.8548e-04 
2013-06-22,20.9228,28.8252,0.0121 
2013-06-23,22.4132,27.2501,0.8695 
2013-06-24,22.9523,26.5658,0.0101 
2013-06-25,22.8851,25.5737,0.2774 
2013-06-26,18.8440,24.6786,0.3003 
2013-06-27,17.9901,24.6953,6.4377 
2013-06-28,16.8026,19.0370,8.6329 
2013-06-29,15.7910,20.2322,11.3310 
2013-06-30,15.7312,22.9172,0.1120 
2013-07-01,16.5141,21.7854,9.6104 
2013-07-02,15.5688,25.1676,1.2400 
2013-07-03,20.0554,26.6002,0.4005 
2013-07-04,18.4989,26.2112,3.9489 
2013-07-05,19.4297,24.7878,0.6638 
2013-07-06,21.0013,26.8344,0.1860 
2013-07-07,20.5025,26.2401,1.1448 
2013-07-08,19.3510,25.4437,0.1019 
2013-07-09,19.1419,24.7601,1.7727 
2013-07-10,19.6506,25.8445,3.2177 
2013-07-11,16.8245,23.1542,1.9089 
2013-07-12,17.5013,24.3800,0.0139 
2013-07-13,17.0384,25.6549,0.0159 
2013-07-14,21.1302,29.0538,0.0639 
2013-07-15,22.9774,29.4082,0.0601 
2013-07-16,23.6091,30.0057,0.0333 
2013-07-17,23.0038,30.3012,0.0332 
2013-07-18,23.9068,29.5931,0.0564 
2013-07-19,25.3284,30.6595,0.1913 
2013-07-20,19.6757,29.7771,48.0340 
2013-07-21,18.1705,23.7489,0.2320 
2013-07-22,18.0159,24.9046,1.9294 
2013-07-23,18.1742,24.9715,3.3058 
2013-07-24,12.7240,19.7634,2.2867 
2013-07-25,14.3425,21.3015,0.0020 
2013-07-26,15.1744,23.2438,2.1945e-06 
2013-07-27,18.9754,23.7143,0.6981 
2013-07-28,15.5183,19.0309,2.9145 
2013-07-29,13.0667,18.8555,3.3222 
2013-07-30,15.6489,20.7222,0.0944 
2013-07-31,16.8007,23.9227,0.0028 
2013-08-01,17.0577,23.5058,4.0396 
2013-08-02,15.9318,21.5848,1.3422 
2013-08-03,15.5754,21.0977,1.4807 
2013-08-04,13.3541,20.7233,0.0102 
2013-08-05,13.7918,20.7595,8.3776e-04 
2013-08-06,15.5858,24.3065,0.0096 
2013-08-07,17.8763,26.1932,0.4186 
2013-08-08,18.2474,23.7835,20.2068 
2013-08-09,17.7362,21.7669,19.3996 
2013-08-10,16.5514,20.3019,0.0489 
2013-08-11,15.6766,21.3970,0.0285 
2013-08-12,17.8104,23.0632,0.1637 
2013-08-13,16.4813,21.3173,11.1825 
2013-08-14,11.4592,17.6647,0.0148 
2013-08-15,13.8714,19.4185,3.4672e-04 
2013-08-16,16.0189,22.3131,9.4314e-05 
2013-08-17,17.4424,24.9354,0.0013 
2013-08-18,19.1563,25.7592,2.5718e-04 
2013-08-19,17.8243,24.8700,0.0027 
2013-08-20,18.3504,25.2067,0.0102 
2013-08-21,20.8273,26.6218,5.6063e-05 
2013-08-22,20.4768,25.5596,0.2776 
2013-08-23,16.2655,22.2388,0.0477 
2013-08-24,15.8830,23.1994,3.4820e-05 
2013-08-25,18.1904,25.2259,1.8251e-04 
2013-08-26,21.5364,25.5710,11.8234 
2013-08-27,19.8684,25.1596,4.9704 
2013-08-28,18.4331,24.9320,11.4706 
2013-08-29,19.8079,26.4468,0.0372 
2013-08-30,21.6314,26.6813,0.1256 
2013-08-31,20.6211,25.4487,1.0850 
2013-09-01,20.2462,26.3034,0.4943 
2013-09-02,18.0894,22.5838,2.6068 
2013-09-03,14.8147,20.1176,0.2102 
2013-09-04,15.6744,20.9997,0.0634 
2013-09-05,13.4173,19.6690,2.0059 
2013-09-06,10.4410,18.1056,0.0865 
2013-09-07,14.4926,20.7976,5.9287 
2013-09-08,13.8331,18.1607,4.8062 
2013-09-09,10.6828,22.4010,0.1125 
2013-09-10,21.2291,28.6561,1.2676 
2013-09-11,23.9282,28.9731,0.0433 
2013-09-12,18.5721,25.9976,8.2767 
2013-09-13,10.1879,18.9216,1.3614 
2013-09-14,7.5264,13.1417,0.2765 
2013-09-15,10.8596,16.1521,2.5569e-04 
2013-09-16,11.1416,14.0337,3.0159 
2013-09-17,7.2265,16.0163,0.0015 
2013-09-18,10.3332,20.3367,0.0019 
2013-09-19,13.9804,23.0376,0.0024 
2013-09-20,16.4785,25.6441,0.0063 
2013-09-21,14.5878,24.3595,45.4671 
2013-09-22,9.0627,14.4851,0.1874 
2013-09-23,7.5758,12.2040,7.9341e-04 
2013-09-24,9.1274,15.1430,3.2564e-05 
2013-09-25,10.7683,18.7814,0.0000 
2013-09-26,12.9998,19.3553,1.8012e-06 
2013-09-27,11.3737,19.3201,2.1287e-06 
2013-09-28,12.7090,21.7005,3.3268e-04 
2013-09-29,13.3605,21.6744,0.0000 
2013-09-30,14.6966,20.4341,0.0054 
2013-10-01,15.8259,20.6009,0.0037 
2013-10-02,17.1423,20.9145,0.0037 
2013-10-03,14.9708,21.3811,0.0023 
2013-10-04,16.9817,21.5108,7.1262 
2013-10-05,17.6578,21.1894,2.7590 
2013-10-06,16.5911,25.0151,5.7948 
2013-10-07,10.6890,23.3320,14.8226 
2013-10-08,10.0241,14.5216,5.3057 
2013-10-09,9.3197,18.0203,0.0011 
2013-10-10,11.6925,18.6742,0.0011 
2013-10-11,12.5991,19.8314,6.8214e-04 
2013-10-12,12.8501,22.9643,0.0010 
2013-10-13,15.7038,21.4562,1.0354 
2013-10-14,10.8476,18.2131,9.9219 
2013-10-15,10.1568,19.5956,0.0504 
2013-10-16,14.4148,18.8897,10.1813 
2013-10-17,10.1788,15.1311,8.5914 
2013-10-18,8.3506,12.2095,10.1943 
2013-10-19,8.0658,12.9109,4.3631 
2013-10-20,6.4717,9.9058,6.7942 
2013-10-21,7.6616,14.4583,0.2645 
2013-10-22,3.8707,13.5749,11.8446 
2013-10-23,3.2793,6.1553,2.4802 
2013-10-24,2.9642,6.2448,1.1788 
2013-10-25,3.4840,6.1482,0.8672 
2013-10-26,1.8055,5.4869,4.9203 
2013-10-27,3.3151,6.1146,4.7516 
2013-10-28,4.2402,7.1207,0.0888 
2013-10-29,1.0360,7.8894,0.0014 
2013-10-30,4.6804,13.8277,0.8889 
2013-10-31,10.9417,18.1599,16.5707 
2013-11-01,9.2938,17.0001,17.3732 
2013-11-02,2.8549,8.9959,7.8628 
2013-11-03,-0.4518,2.7579,1.5208 
2013-11-04,-2.3676,4.5574,0.0016 
2013-11-05,3.2775,12.9680,2.9978e-04 
2013-11-06,8.4821,17.0819,0.3984 
2013-11-07,2.9234,14.4168,17.9996 
2013-11-08,1.2049,3.8207,1.5133 
2013-11-09,0.3624,7.3288,0.5917 
2013-11-10,4.3915,8.0268,2.8308 
2013-11-11,2.5842,5.6570,5.5682 
2013-11-12,-3.6554,0.6863,5.1077 
2013-11-13,-4.1798,1.6645,0.2018 
2013-11-14,0.4333,6.8148,0.0846 
2013-11-15,2.7983,8.0320,3.6633e-05 
2013-11-16,4.3127,12.9320,2.1938e-05 
2013-11-17,11.4693,15.7175,2.7044 
2013-11-18,3.0837,16.8607,8.7117 
2013-11-19,0.1243,2.4018,0.3400 
2013-11-20,-3.8839,5.6139,7.3410e-04 
2013-11-21,1.1460,7.6392,0.0521 
2013-11-22,4.5451,7.5726,5.5079 
2013-11-23,-4.8289,3.0387,1.0042 
2013-11-24,-8.7742,-5.6871,0.6097 
2013-11-25,-6.7477,-0.0122,0.2203 
2013-11-26,-0.7526,1.4462,2.0727 
2013-11-27,-2.7292,0.4780,13.4391 
2013-11-28,-6.4149,-3.2115,0.8675 
2013-11-29,-5.7775,-3.4426,1.4059 
2013-11-30,-7.3021,1.5174,3.1096e-04 
2013-12-01,0.6258,3.5962,0.1435 
2013-12-02,1.0417,2.6919,0.0649 
2013-12-03,-3.9104,3.4050,0.0486 
2013-12-04,1.2628,8.5416,0.3597 
2013-12-05,4.4654,12.7534,0.2175 
2013-12-06,-2.4577,3.9430,1.1640 
2013-12-07,-4.9969,-2.6625,0.7023 
2013-12-08,-7.3412,-3.0756,0.1360 
2013-12-09,-3.3399,4.2665,1.2590 
2013-12-10,-7.2316,-0.2435,1.1248 
2013-12-11,-6.7239,-4.6087,2.1278 
2013-12-12,-10.5063,-6.3554,2.4819 
2013-12-13,-6.2500,-4.0898,6.2559 
2013-12-14,-10.4499,-3.7178,6.6537 
2013-12-15,-5.1771,0.1724,17.1676 
2013-12-16,-8.6246,-4.2941,6.0757 
2013-12-17,-10.7716,-3.2527,3.5030 
2013-12-18,-4.5785,-1.8988,5.0351 
2013-12-19,-3.1885,5.0308,0.0830 
2013-12-20,2.7738,7.2039,7.0578 
2013-12-21,4.9372,9.4595,19.9729 
2013-12-22,-1.5800,8.9705,25.6801 
2013-12-23,-2.5029,5.0629,1.1329 
2013-12-24,-8.5912,-2.9080,5.3192 
2013-12-25,-12.2798,-5.2015,0.1561 
2013-12-26,-4.8802,-2.0042,5.6051 
2013-12-27,-4.2834,-0.2029,1.9585 
2013-12-28,0.1310,5.2287,0.0328 
2013-12-29,2.4651,4.9566,0.2036 
2013-12-30,-9.4196,2.0975,0.3533 
2013-12-31,-9.4694,-6.8147,4.4326 
2014-01-01,-10.4734,-7.8355,2.6241 
2014-01-02,-11.7223,-8.9118,10.1695 
2014-01-03,-16.6327,-12.2850,3.6818 
2014-01-04,-14.8423,-0.1773,0.0019 
2014-01-05,-2.6081,2.9099,0.0184 
2014-01-06,-13.2718,7.1697,0.9035 
2014-01-07,-17.2347,-13.1647,6.5083 
2014-01-08,-13.3717,-8.8038,4.8880 
2014-01-09,-11.5957,-4.2510,0.4582 
2014-01-10,-4.7926,5.5214,1.9463 
2014-01-11,3.1806,8.3152,9.6670 
2014-01-12,-1.7297,1.5098,4.2586 
2014-01-13,-0.3380,6.5128,0.1828 
2014-01-14,-1.1819,5.0002,0.8677 
2014-01-15,-3.6632,0.4458,0.4502 
2014-01-16,-6.6147,-1.3040,0.7175 
2014-01-17,-3.0214,1.0596,0.6838 
2014-01-18,-9.3555,0.1514,5.8553 
2014-01-19,-9.1611,-2.9266,2.4457 
2014-01-20,-9.2660,-1.8760,4.9122 
2014-01-21,-15.3180,-9.7621,0.7114 
2014-01-22,-18.9535,-15.6879,0.7983 
2014-01-23,-17.2529,-12.4898,1.8189 
2014-01-24,-18.2235,-9.2281,0.6141 
2014-01-25,-9.0302,-3.8113,3.3863 
2014-01-26,-15.6768,-7.4054,1.2736 
2014-01-27,-14.2427,-1.2048,9.1049 
2014-01-28,-19.5621,-14.6510,0.4900 
2014-01-29,-18.7923,-12.5494,0.2726 
2014-01-30,-13.3050,-2.5261,0.0960 
2014-01-31,-3.2119,-1.1829,0.3447 
2014-02-01,-2.5595,4.5087,3.5902 
2014-02-02,-2.8995,5.1696,8.8428 
2014-02-03,-7.5531,-3.3528,0.2943 
2014-02-04,-10.1053,-3.8735,0.0317 
2014-02-05,-6.0653,-4.1962,18.3743 
2014-02-06,-14.3963,-6.5104,3.3593 
2014-02-07,-15.2365,-8.8250,6.8173 
2014-02-08,-16.5949,-10.9701,0.1280 
2014-02-09,-12.4904,-7.1063,2.8606 
2014-02-10,-10.8497,-9.0045,1.1136 
2014-02-11,-15.3839,-10.6213,0.3885 
2014-02-12,-14.5084,-2.9523,0.0206 
2014-02-13,-8.4207,-2.6953,0.0368 
2014-02-14,-9.6734,-3.3029,1.3803 
2014-02-15,-7.4833,-3.6411,2.1031 
2014-02-16,-13.0611,-7.9570,1.5355 
2014-02-17,-16.1006,-3.0675,0.1836 
2014-02-18,-4.9661,-0.8558,5.5238 
2014-02-19,-3.8916,4.7211,0.4227 
2014-02-20,-0.9791,5.5363,16.8497 
2014-02-21,0.4520,8.3544,14.8672 
2014-02-22,-0.6577,1.8165,0.1672 
2014-02-23,-4.1445,0.1930,0.0483 
2014-02-24,-9.8417,-5.2550,0.9193 
2014-02-25,-11.2754,-8.2476,1.1017 
2014-02-26,-15.5060,-8.2436,2.7878 
2014-02-27,-16.1420,-10.6110,4.3829 
2014-02-28,-20.8630,-8.7302,0.0128 
2014-03-01,-10.3455,1.2692,0.0105 
2014-03-02,-12.1719,-2.1404,6.8299 
2014-03-03,-19.5078,-11.9526,0.2558 
2014-03-04,-17.3127,-9.1110,0.3044 
2014-03-05,-11.7505,-7.2874,0.3042 
2014-03-06,-13.4978,-0.4732,0.0203 
2014-03-07,-5.9276,6.8132,0.0025 
2014-03-08,-1.8026,4.2354,0.2024 
2014-03-09,-10.1436,-1.5287,0.1569 
2014-03-10,-3.2587,5.9054,0.3484 
2014-03-11,1.2509,6.7731,0.0242 
2014-03-12,-8.2910,3.6671,34.8242 
2014-03-13,-17.3634,-8.9842,1.5175 
2014-03-14,-10.7505,8.9045,0.0936 
2014-03-15,-2.3725,7.0428,1.6315 
2014-03-16,-12.6200,-3.6322,0.0759 
2014-03-17,-14.1936,-1.6287,0.0422 
2014-03-18,-5.0770,5.9030,0.0000 
2014-03-19,0.2781,6.7821,3.0734 
2014-03-20,-1.0171,4.7900,5.4456 
2014-03-21,-6.3585,1.2670,0.0353 
2014-03-22,0.1548,5.5974,0.9088 
2014-03-23,-10.7202,-0.3387,0.5461 
2014-03-24,-13.6249,-5.8640,0.1019 
2014-03-25,-7.6535,0.0878,0.0262 
2014-03-26,-13.2841,-2.8879,0.2575 
2014-03-27,-9.2155,5.1926,0.0095 
2014-03-28,3.7417,10.3168,1.8000 
2014-03-29,-1.3603,3.0384,1.9337 
2014-03-30,-1.7959,3.1109,10.0195 
2014-03-31,-2.2021,5.0861,0.0025 
2014-04-01,1.1328,9.4955,0.0590 
2014-04-02,-0.8222,5.9686,0.0072 
2014-04-03,-3.4584,5.9176,0.1059 
2014-04-04,0.5811,8.4210,8.1137 
2014-04-05,-3.4548,7.7966,5.5151 
2014-04-06,-2.5526,6.6923,0.0021 
2014-04-07,2.8115,6.6311,8.2205 
2014-04-08,0.8868,8.5723,18.7594 
2014-04-09,0.1601,5.6629,0.0927 
2014-04-10,1.8556,13.4568,0.0244 
2014-04-11,6.1793,11.1660,7.7193 
2014-04-12,5.9675,13.9410,0.0020 
2014-04-13,8.1983,20.0701,0.7224 
2014-04-14,13.4942,19.0481,8.4591 
2014-04-15,-4.3319,13.9210,10.4748 
2014-04-16,-8.2927,1.8168,0.0617 
2014-04-17,-2.5952,10.5410,0.0012 
2014-04-18,4.7723,12.3820,0.0114 
2014-04-19,-0.2110,9.9431,0.0369 
2014-04-20,2.6047,17.3400,2.4913e-04 
2014-04-21,9.6455,19.6684,2.6469e-05 
2014-04-22,9.9119,17.7630,7.6678 
2014-04-23,1.4033,8.8092,1.8991 
2014-04-24,-1.3393,9.1316,0.0020 
2014-04-25,4.3747,15.8624,1.2113 
2014-04-26,2.9833,10.8796,8.1193 
2014-04-27,-0.3137,10.5803,0.1568 
2014-04-28,3.9230,14.1464,0.0029 
2014-04-29,9.1503,13.4568,10.2784 
2014-04-30,8.0897,13.8674,11.2249 
2014-05-01,9.1357,15.3775,4.3525 
2014-05-02,5.3276,10.3809,1.9463 
2014-05-03,7.1773,11.9954,3.1894 
2014-05-04,4.6343,8.8605,2.3999 
2014-05-05,2.8289,10.9997,9.6249e-04 
2014-05-06,4.0957,12.8509,2.5502e-04 
2014-05-07,7.9853,17.2234,0.0247 
2014-05-08,14.2970,24.0595,2.9017 
2014-05-09,20.2090,26.2859,0.5240 
2014-05-10,14.7037,19.2420,6.1270 
2014-05-11,10.0049,20.0709,0.0010 
2014-05-12,16.9756,24.9565,0.4984 
2014-05-13,18.0797,26.7455,19.6576 
2014-05-14,18.2769,26.1723,27.1850 
2014-05-15,17.3018,24.1505,3.5407 
2014-05-16,5.0749,14.3796,19.4903 
2014-05-17,3.2733,9.9996,0.1190 
2014-05-18,4.5143,12.1930,0.1616 
2014-05-19,7.8365,15.3452,0.0831 
2014-05-20,11.6404,17.7479,2.7355 
2014-05-21,11.6100,19.0946,5.8830 
2014-05-22,12.0955,18.6046,2.0514 
2014-05-23,8.4603,15.7174,0.6920 
2014-05-24,10.1120,17.8023,0.1141 
2014-05-25,13.5742,20.8754,1.3241e-06 
2014-05-26,16.7782,22.7031,0.0000 
2014-05-27,18.7401,24.1342,1.2340 
2014-05-28,15.2397,20.0611,3.1623 
2014-05-29,10.7165,20.5760,0.0092 
2014-05-30,12.1236,20.5185,0.0050 
2014-05-31,14.1120,19.6118,0.0035 
2014-06-01,13.1926,25.1329,3.4280e-06 
2014-06-02,19.2186,26.9042,1.2013 
2014-06-03,17.8113,26.2927,14.0752 
2014-06-04,15.4606,21.2751,0.0076 
2014-06-05,9.5836,18.1180,0.0051 
2014-06-06,10.4571,18.9851,0.0022 
2014-06-07,14.7415,23.9956,8.8501e-05 
2014-06-08,16.3414,24.7751,12.2907 
2014-06-09,14.2880,21.5069,8.1805 
2014-06-10,17.3736,23.6214,8.5399e-04 
2014-06-11,19.7023,26.6562,1.4264 
2014-06-12,20.3328,26.5786,9.1672 
2014-06-13,18.0268,21.9379,13.3632 
2014-06-14,9.4951,17.4626,0.3699 
2014-06-15,12.2670,22.5049,3.2409e-04 
2014-06-16,19.0100,24.2478,3.6969e-04 
2014-06-17,20.4623,29.7844,0.0571 
2014-06-18,16.1434,22.2664,2.8377 
2014-06-19,17.3896,21.8633,5.4733 
2014-06-20,14.7825,20.6337,0.0030 
2014-06-21,14.1047,22.5357,0.0214 
2014-06-22,16.8393,23.7428,1.8371e-04 
2014-06-23,17.4094,26.1481,0.3819 
2014-06-24,20.6765,29.3335,5.8361 
2014-06-25,18.1248,22.5363,16.5602 
2014-06-26,17.6007,20.6408,0.9427 
2014-06-27,17.6350,25.8875,0.0181 
2014-06-28,20.9372,27.8728,0.0501 
2014-06-29,21.9282,26.7892,2.5859 
2014-06-30,21.2263,28.5091,3.0476 
2014-07-01,22.6648,29.2215,0.6866 
2014-07-02,21.8655,26.4497,3.9212 
2014-07-03,17.2632,23.5802,6.8519 
2014-07-04,12.5235,19.1347,0.5498 
2014-07-05,13.9172,21.7211,5.9792e-04 
2014-07-06,16.9099,25.0140,0.0151 
2014-07-07,19.9201,25.3909,18.9234 
2014-07-08,19.3195,26.1696,25.3246 
2014-07-09,16.1108,20.4340,2.1544 
2014-07-10,14.6509,21.9008,0.0028 
2014-07-11,16.4566,25.5012,0.0015 
2014-07-12,20.1393,26.0768,0.0000 
2014-07-13,21.6879,24.8405,18.2044 
2014-07-14,18.1706,25.7651,5.0355 
2014-07-15,18.0609,21.2021,2.2363 
2014-07-16,15.1108,18.2739,0.3001 
2014-07-17,14.1680,19.4925,0.6621 
2014-07-18,16.2223,22.8519,1.8788e-04 
2014-07-19,17.3900,22.5133,9.3590 
2014-07-20,16.3155,22.5328,5.1610 
2014-07-21,18.9654,25.2077,0.6223 
2014-07-22,20.9086,28.5203,0.0098 
2014-07-23,19.7226,27.3276,4.4099 
2014-07-24,15.4716,20.3088,0.2889 
2014-07-25,15.4993,21.3559,7.8566e-04 
2014-07-26,17.6296,24.8224,0.0043 
2014-07-27,17.6059,24.6911,2.2290 
2014-07-28,13.4051,24.0841,26.8900 
2014-07-29,12.9485,17.2851,0.1270 
2014-07-30,14.0720,19.8330,2.0002 
2014-07-31,15.0030,20.6835,11.2161 
2014-08-01,17.2952,25.3990,0.3906 
2014-08-02,17.8230,24.5295,12.1685 
2014-08-03,17.7341,22.9638,3.1358 
2014-08-04,16.9117,24.9509,0.1133 
2014-08-05,17.2054,23.5861,6.5949 
2014-08-06,16.2328,21.9261,0.8006 
2014-08-07,15.5752,22.1698,0.0078 
2014-08-08,16.6615,22.9815,0.0019 
2014-08-09,17.9303,24.2175,3.7762e-04 
2014-08-10,18.4191,26.4503,5.6220e-04 
2014-08-11,19.7845,26.1977,0.0475 
2014-08-12,17.8038,22.8976,23.7002 
2014-08-13,15.6241,19.4265,14.2141 
2014-08-14,12.5534,17.6513,0.2212 
2014-08-15,12.3551,18.3496,0.1285 
2014-08-16,14.3584,21.0045,0.1419 
2014-08-17,14.5825,20.2718,5.0620 
2014-08-18,14.1828,21.7434,1.5249e-04 
2014-08-19,15.7375,24.9009,0.0000 
2014-08-20,18.8959,26.1103,0.1868 
2014-08-21,19.3240,24.7331,0.0744 
2014-08-22,18.5993,23.5624,0.0264 
2014-08-23,18.5096,23.6319,0.0270 
2014-08-24,17.2859,24.7496,0.0012 
2014-08-25,19.2513,24.6213,8.6739e-05 
2014-08-26,18.7208,27.4318,0.0082 
2014-08-27,18.7675,25.3700,0.1651 
2014-08-28,13.8424,21.0583,3.2033e-04 
2014-08-29,14.4486,22.3835,3.2354e-04 
2014-08-30,18.3216,29.2312,3.7124 
2014-08-31,20.3324,27.8908,7.5821 
2014-09-01,20.2985,26.4093,1.9993 
2014-09-02,17.8699,25.0747,11.9857 
2014-09-03,17.8262,23.2994,0.7373 
2014-09-04,19.4532,26.7884,5.5632e-04 
2014-09-05,22.0337,29.5810,1.9489 
2014-09-06,15.4651,27.6231,21.9290 
2014-09-07,14.2283,18.8140,0.3628 
2014-09-08,14.0513,23.1428,0.0063 
2014-09-09,15.6295,23.5255,0.1595 
2014-09-10,17.3410,24.7714,0.6514 
2014-09-11,15.6746,24.7631,10.6852 
2014-09-12,10.0355,16.1516,0.5940 
2014-09-13,7.9574,13.7051,1.0050 
2014-09-14,9.0694,14.2793,0.1167 
2014-09-15,10.1139,16.5242,0.1485 
2014-09-16,10.6131,15.1276,11.4171 
2014-09-17,11.4429,15.8548,0.0490 
2014-09-18,12.3208,14.3896,0.0125 
2014-09-19,6.4087,18.2752,0.0011 
2014-09-20,15.4302,23.0977,8.1850e-04 
2014-09-21,15.5738,21.6971,3.7221 
2014-09-22,7.8708,14.9620,2.8990 
2014-09-23,9.6232,16.7923,0.0065 
2014-09-24,13.4695,22.2314,0.0032 
2014-09-25,13.4626,20.6654,4.3938e-06 
2014-09-26,15.1188,21.4866,5.1926e-06 
2014-09-27,15.7058,22.7665,6.6225e-04 
2014-09-28,17.7100,23.0819,1.1109e-05 
2014-09-29,16.6662,21.6761,0.0000 
2014-09-30,16.7819,21.6315,0.2598 
2014-10-01,13.7713,21.3231,0.5058 
2014-10-02,15.6737,21.6898,6.0067e-04 
2014-10-03,15.1190,21.6601,0.4850 
2014-10-04,7.5480,18.2567,11.8626 
2014-10-05,4.3598,9.9031,12.6558 
2014-10-06,6.4097,16.5202,2.3996 
2014-10-07,11.5217,16.6771,6.7532 
2014-10-08,10.3771,13.6951,10.6792 
2014-10-09,9.3532,11.7242,0.1960 
2014-10-10,7.6421,11.2502,0.0275 
2014-10-11,6.5382,10.3221,0.0180 
2014-10-12,6.0233,14.3648,0.0086 
2014-10-13,10.3517,21.1268,6.6502 
2014-10-14,17.6398,23.3626,0.2403 
2014-10-15,15.8440,22.3777,4.5148 
2014-10-16,13.5620,17.7387,0.5953 
2014-10-17,11.8257,15.7796,11.3318 
2014-10-18,7.0788,13.5861,11.7118 
2014-10-19,2.9390,6.6362,1.1504 
2014-10-20,5.2568,11.6338,0.1478 
2014-10-21,8.4029,10.7482,9.3269 
2014-10-22,5.5177,8.0177,1.8485 
2014-10-23,4.7665,11.9929,0.0152 
2014-10-24,5.7812,10.7023,0.0085 
2014-10-25,8.4110,14.6926,0.0193 
2014-10-26,7.3215,13.4630,0.0583 
2014-10-27,5.8050,15.3033,3.1540e-05 
2014-10-28,13.8412,22.2337,2.1180 
2014-10-29,8.3891,14.6788,2.2988 
2014-10-30,5.1545,7.8090,0.3756 
2014-10-31,4.4560,7.0198,1.5026 
2014-11-01,1.4750,5.8809,4.1325 
2014-11-02,-0.8733,3.0944,1.3125 
2014-11-03,2.6546,10.0331,0.0130 
2014-11-04,9.2588,16.1549,0.0894 
2014-11-05,7.5178,13.4639,5.1613 
2014-11-06,4.7171,7.9660,3.1628 
2014-11-07,0.5909,4.5215,5.6429 
2014-11-08,-0.9134,5.6457,0.1297 
2014-11-09,1.9113,7.2146,2.0090 
2014-11-10,4.7848,13.9062,0.0241 
2014-11-11,11.6298,17.3287,2.3303e-06 
2014-11-12,1.8902,15.7068,0.9777 
2014-11-13,-1.5478,2.3413,2.2356 
2014-11-14,-2.8507,0.0500,1.1924 
2014-11-15,-2.6876,0.2690,0.1374 
2014-11-16,-2.3524,1.9115,0.0310 
2014-11-17,0.0995,1.2660,8.0981 
2014-11-18,-8.0294,-0.6760,21.1869 
2014-11-19,-9.0805,-3.3369,10.4625 
2014-11-20,-4.6554,0.1689,13.8299 
2014-11-21,-6.2390,-4.0548,1.2773 
2014-11-22,-7.0561,5.5402,1.6932 
2014-11-23,5.8582,7.9594,6.2173 
2014-11-24,5.6560,12.5359,4.0820 
2014-11-25,0.8181,6.7435,0.2680 
2014-11-26,-2.1668,0.5757,0.6822 
2014-11-27,-3.2133,-0.7638,1.7411 
2014-11-28,-5.5670,-1.1819,4.8206 
2014-11-29,-5.0635,4.7875,0.2912 
2014-11-30,4.1904,8.5097,0.0946 
2014-12-01,-2.0625,9.1113,1.2690 
2014-12-02,-8.0259,1.2621,0.4593 
2014-12-03,0.2280,4.7697,0.7535 
2014-12-04,-3.2742,0.2733,0.0842 
2014-12-05,-3.7849,3.1340,0.1201 
2014-12-06,0.3533,3.8451,4.7248 
2014-12-07,-5.8850,0.2049,0.0423 
2014-12-08,-5.5998,1.6886,5.1444e-05 
2014-12-09,0.9131,4.4432,0.0129 
2014-12-10,-2.8775,0.3818,4.2559 
2014-12-11,-4.1447,-2.4034,18.1322 
2014-12-12,-4.3046,0.1282,1.1884 
2014-12-13,-1.0259,0.5805,0.1599 
2014-12-14,0.6639,2.7171,0.4461 
2014-12-15,0.5412,4.0732,0.1932 
2014-12-16,2.1364,5.4944,6.2834 
2014-12-17,-1.0783,4.8558,6.5139 
2014-12-18,-1.9900,-0.9505,1.8420 
2014-12-19,-5.6086,-1.4501,0.2439 
2014-12-20,-5.1965,-2.0021,0.0526 
2014-12-21,-3.8398,-0.8867,0.0527 
2014-12-22,-3.9034,3.4579,0.0021 
2014-12-23,0.9369,6.4864,0.2709 
2014-12-24,5.7718,8.8805,2.6976 
2014-12-25,1.8783,9.0387,5.6423 
2014-12-26,1.0921,4.7348,0.1038 
2014-12-27,2.9305,8.5863,0.0424 
2014-12-28,-0.0162,7.6704,8.2240 
2014-12-29,-3.5538,0.0694,0.4057 
2014-12-30,-6.4300,-3.0434,0.3937 
2014-12-31,-9.0704,-5.2719,1.7628 
2015-01-01,-6.2142,-5.1634,3.1382 
