Meteorological forcing data for the Large Basin Runoff Model.      
eri, 07,   <- lake basin, subbasin            
yyyy-mm-dd, Tmin(C), Tmax(C), Prec(mm)                             
2010-01-01,-8.7064,-4.3860,0.0782 
2010-01-02,-14.1228,-6.2600,0.1887 
2010-01-03,-17.9690,-6.8903,0.0820 
2010-01-04,-8.0876,-6.3675,1.9853 
2010-01-05,-8.7447,-4.8194,0.3513 
2010-01-06,-4.7711,-2.4669,0.3801 
2010-01-07,-8.0699,-3.1196,4.8614 
2010-01-08,-7.6980,-4.1375,2.4659 
2010-01-09,-14.3697,-6.7350,0.3156 
2010-01-10,-13.0182,-8.4682,0.1487 
2010-01-11,-11.2501,-5.8057,1.4685 
2010-01-12,-7.5200,-5.7719,0.2532 
2010-01-13,-9.4706,-2.9682,0.0072 
2010-01-14,-4.4807,0.7094,0.0052 
2010-01-15,0.0281,1.9559,0.0566 
2010-01-16,-2.3979,0.4003,0.0024 
2010-01-17,-0.9602,1.2186,0.1139 
2010-01-18,-5.4470,-0.6939,0.0239 
2010-01-19,-3.5026,-0.7256,0.0248 
2010-01-20,-4.3339,-1.5448,0.0244 
2010-01-21,-5.7666,1.3292,0.0408 
2010-01-22,-0.3843,1.8667,0.4200 
2010-01-23,-1.1284,4.9220,0.0381 
2010-01-24,3.9241,10.5257,9.1294 
2010-01-25,-0.7199,9.3897,1.2746 
2010-01-26,-5.9758,0.1111,1.2067 
2010-01-27,-10.6720,-3.9841,0.0603 
2010-01-28,-9.6334,-1.7688,0.7207 
2010-01-29,-15.1783,-9.1166,0.0257 
2010-01-30,-10.3662,-7.0901,0.1065 
2010-01-31,-12.0763,-4.0582,0.0155 
2010-02-01,-8.3341,-3.2084,0.0150 
2010-02-02,-5.5221,-0.3451,0.4172 
2010-02-03,-2.5132,0.3564,0.4630 
2010-02-04,-4.8656,1.6361,0.0130 
2010-02-05,-2.5056,1.2419,0.6653 
2010-02-06,-6.6508,-1.0637,3.7827 
2010-02-07,-8.2172,-4.2663,0.1147 
2010-02-08,-5.9502,-4.3479,0.0542 
2010-02-09,-6.3306,-2.1818,10.4530 
2010-02-10,-6.1811,-2.0302,5.9371 
2010-02-11,-7.2180,-3.5947,0.1057 
2010-02-12,-7.6781,-3.8483,0.2782 
2010-02-13,-8.2495,-3.3926,0.3319 
2010-02-14,-7.1320,-3.2131,0.2444 
2010-02-15,-9.8368,-3.8082,0.1270 
2010-02-16,-6.3793,-2.4091,1.0480 
2010-02-17,-5.1115,-0.1685,0.2827 
2010-02-18,-3.3802,-0.0843,0.1036 
2010-02-19,-7.1616,-0.5567,4.9487e-04 
2010-02-20,-4.5424,-0.3562,3.8566e-06 
2010-02-21,-1.1471,0.8049,0.0531 
2010-02-22,-0.2737,1.8232,11.3570 
2010-02-23,-3.4527,-0.3773,0.1906 
2010-02-24,-3.5609,-1.2463,0.8903 
2010-02-25,-5.7331,-2.4028,1.7557 
2010-02-26,-6.0162,-3.4793,5.1245 
2010-02-27,-3.6054,0.0228,3.5248 
2010-02-28,-2.5891,0.3902,0.3212 
2010-03-01,-2.5054,0.0856,0.0683 
2010-03-02,-5.3523,-0.0386,0.0929 
2010-03-03,-7.4704,0.1529,0.0229 
2010-03-04,-6.7354,0.3052,0.0020 
2010-03-05,-5.9995,0.1114,0.0201 
2010-03-06,-2.2178,0.6381,4.8690e-04 
2010-03-07,-0.6257,2.9164,3.2182e-04 
2010-03-08,1.6539,4.7491,0.0540 
2010-03-09,2.3117,9.1144,3.3577e-06 
2010-03-10,5.1172,15.7636,1.1802 
2010-03-11,7.8971,16.6590,0.0622 
2010-03-12,11.1645,16.1998,3.9793 
2010-03-13,3.3535,13.4792,8.1820 
2010-03-14,0.9685,3.4201,4.8742 
2010-03-15,3.1287,8.9368,0.4708 
2010-03-16,2.3466,11.8379,3.8343e-04 
2010-03-17,5.9605,13.4004,0.0000 
2010-03-18,6.2131,16.3470,1.4206e-06 
2010-03-19,5.6857,17.0666,1.2834e-05 
2010-03-20,3.7836,16.3487,0.0299 
2010-03-21,-0.8977,6.4657,0.1522 
2010-03-22,2.0747,5.2999,7.5045 
2010-03-23,3.5198,11.5932,0.4545 
2010-03-24,2.9994,11.6145,5.4532e-04 
2010-03-25,0.0255,11.2949,16.5893 
2010-03-26,-3.7691,-0.2825,0.3660 
2010-03-27,-4.3340,9.0796,0.0109 
2010-03-28,6.2906,9.5179,13.2283 
2010-03-29,2.7206,7.4371,5.1572 
2010-03-30,-0.5989,11.2407,0.0982 
2010-03-31,5.3876,20.5514,1.6786e-06 
2010-04-01,13.0947,25.6526,1.8872e-06 
2010-04-02,13.9635,27.2078,0.0000 
2010-04-03,13.0416,25.9642,0.0279 
2010-04-04,9.8111,21.5297,0.0026 
2010-04-05,13.6423,23.1470,0.3378 
2010-04-06,15.7279,26.7226,0.1160 
2010-04-07,16.6577,26.1906,11.2457 
2010-04-08,5.6275,16.8655,28.2859 
2010-04-09,-1.7176,7.1636,0.1941 
2010-04-10,2.7227,18.4575,1.6006e-04 
2010-04-11,9.1640,18.1777,0.0241 
2010-04-12,5.7894,14.6022,0.0549 
2010-04-13,5.8509,11.7205,2.2008 
2010-04-14,5.8502,20.5848,0.0000 
2010-04-15,14.1599,26.9068,5.6719e-07 
2010-04-16,15.8031,25.7585,2.0794 
2010-04-17,3.5530,15.7386,0.0405 
2010-04-18,1.5008,11.6513,0.0105 
2010-04-19,5.5084,14.3842,5.9645e-04 
2010-04-20,6.5164,14.3261,0.0000 
2010-04-21,11.1326,19.1382,6.8908e-04 
2010-04-22,4.2762,17.9651,0.0113 
2010-04-23,5.2564,15.6689,0.0274 
2010-04-24,9.2155,20.1665,8.6232 
2010-04-25,12.5178,19.6738,24.3398 
2010-04-26,7.3278,13.4902,18.4884 
2010-04-27,2.5827,12.1402,0.0095 
2010-04-28,4.3668,13.1455,0.0038 
2010-04-29,10.1066,19.7503,0.0014 
2010-04-30,14.6514,26.0579,1.0519e-04 
2010-05-01,19.1570,25.8591,2.0279 
2010-05-02,18.2159,23.0449,7.3941 
2010-05-03,16.0763,21.2646,4.6596 
2010-05-04,12.6090,21.8098,3.5065 
2010-05-05,15.8634,25.7021,0.4223 
2010-05-06,10.7274,19.5580,0.9508 
2010-05-07,10.7166,25.2699,4.1710 
2010-05-08,7.3994,21.6461,3.2371 
2010-05-09,1.2021,10.7303,0.1068 
2010-05-10,4.6667,11.3391,0.0278 
2010-05-11,6.8851,15.9365,24.6202 
2010-05-12,8.5166,16.2742,2.1694 
2010-05-13,6.6799,24.5351,7.1347 
2010-05-14,14.6107,24.0961,8.2201 
2010-05-15,11.7028,17.8454,0.0014 
2010-05-16,9.6254,17.3640,1.5368e-04 
2010-05-17,12.0116,14.1525,17.8564 
2010-05-18,10.7007,14.8464,6.3854 
2010-05-19,8.1513,16.9148,0.2415 
2010-05-20,15.0598,24.2123,0.1545 
2010-05-21,15.2626,24.0398,5.2446 
2010-05-22,16.1066,22.2260,3.8133 
2010-05-23,18.4668,26.5434,0.1382 
2010-05-24,20.3598,26.0420,0.0090 
2010-05-25,18.8446,26.3184,0.0502 
2010-05-26,21.7508,27.7093,0.0018 
2010-05-27,22.3115,27.6337,1.0270 
2010-05-28,20.0160,26.6963,0.5060 
2010-05-29,19.2511,25.2054,0.0782 
2010-05-30,19.1598,28.3110,4.2178e-04 
2010-05-31,20.7944,29.1356,34.1601 
2010-06-01,18.4210,25.0694,6.5506 
2010-06-02,19.5030,28.0020,3.3696 
2010-06-03,18.3283,27.1133,0.2684 
2010-06-04,16.6272,28.4282,2.3972 
2010-06-05,19.0889,28.5293,6.3127 
2010-06-06,16.8237,22.0150,11.1666 
2010-06-07,11.5151,19.4324,0.1420 
2010-06-08,14.2447,21.0669,0.1225 
2010-06-09,14.8772,25.5151,9.6364 
2010-06-10,15.8975,24.3868,0.0397 
2010-06-11,17.8683,29.1572,1.8084 
2010-06-12,22.2227,29.2928,1.4005 
2010-06-13,20.5940,28.9599,15.6914 
2010-06-14,19.0210,26.5650,3.1406 
2010-06-15,18.8813,25.3932,0.7261 
2010-06-16,19.8397,25.1275,0.2991 
2010-06-17,16.7156,24.4325,0.0038 
2010-06-18,17.9495,29.4699,1.0501e-04 
2010-06-19,24.0689,29.8688,1.9392 
2010-06-20,20.5958,27.2880,0.0107 
2010-06-21,20.4293,27.1590,0.0448 
2010-06-22,19.4083,30.0413,7.9268 
2010-06-23,24.3225,31.3525,2.3483 
2010-06-24,23.2033,30.6842,9.8334 
2010-06-25,17.1006,25.7401,0.0014 
2010-06-26,22.1601,30.1075,0.5329 
2010-06-27,22.2271,30.9697,8.0240 
2010-06-28,20.5078,28.9545,5.6149 
2010-06-29,15.4026,24.5822,0.0254 
2010-06-30,13.4009,20.9246,0.0000 
2010-07-01,14.7356,21.6023,1.2302e-06 
2010-07-02,17.2894,24.1495,0.0018 
2010-07-03,19.6116,27.6056,0.1221 
2010-07-04,21.2069,31.7842,0.0074 
2010-07-05,24.1794,31.3792,5.3483e-04 
2010-07-06,25.3992,32.5598,6.0565e-04 
2010-07-07,25.7209,32.6633,7.3138e-05 
2010-07-08,27.3311,32.4479,5.3575 
2010-07-09,21.3684,30.1601,11.5476 
2010-07-10,21.3260,27.6041,0.3526 
2010-07-11,23.6416,28.8969,0.2636 
2010-07-12,18.3941,27.2939,1.1214 
2010-07-13,21.6454,26.9738,0.9510 
2010-07-14,21.4382,27.5597,0.2695 
2010-07-15,22.9520,30.8475,0.0015 
2010-07-16,21.4701,30.1714,0.6925 
2010-07-17,23.5647,30.5736,0.0581 
2010-07-18,22.4865,31.0285,2.2205 
2010-07-19,20.5450,29.4975,0.8982 
2010-07-20,19.2268,28.4540,0.4540 
2010-07-21,22.0678,29.2465,0.0436 
2010-07-22,23.1950,29.9180,8.1335 
2010-07-23,24.7044,32.2742,3.5836 
2010-07-24,27.1257,32.5266,13.2385 
2010-07-25,21.5260,31.6052,7.8898 
2010-07-26,20.7874,26.0626,0.1175 
2010-07-27,22.0992,28.9415,0.0016 
2010-07-28,22.4043,31.0539,2.3062 
2010-07-29,19.3310,23.8595,3.4654 
2010-07-30,20.0178,25.2838,0.0013 
2010-07-31,20.6116,25.5105,0.0610 
2010-08-01,20.8485,26.3188,0.0062 
2010-08-02,22.4247,28.9203,0.0029 
2010-08-03,24.7789,30.0686,1.0204 
2010-08-04,22.7548,30.6711,1.2648 
2010-08-05,22.1328,28.6191,7.5153 
2010-08-06,18.7436,25.3726,0.0393 
2010-08-07,19.6551,25.4698,0.0013 
2010-08-08,21.1250,27.9017,0.0011 
2010-08-09,22.9768,30.6928,0.2752 
2010-08-10,23.3582,29.5376,0.6124 
2010-08-11,24.2220,30.4938,10.3320 
2010-08-12,22.5554,27.8149,8.9046 
2010-08-13,22.7824,29.3681,0.0043 
2010-08-14,23.9160,32.2344,0.0940 
2010-08-15,21.2436,30.9339,3.0475 
2010-08-16,18.4714,27.0108,0.8935 
2010-08-17,20.4375,26.1042,3.6070e-06 
2010-08-18,19.4616,25.7966,9.8549e-04 
2010-08-19,22.3032,29.0228,6.7179e-04 
2010-08-20,22.1992,29.8086,0.0212 
2010-08-21,21.9896,29.9568,10.1771 
2010-08-22,20.1517,24.3203,0.7661 
2010-08-23,17.9982,24.0726,0.1933 
2010-08-24,18.8890,23.0891,1.1620 
2010-08-25,19.9852,24.4002,0.0085 
2010-08-26,14.7802,23.1080,0.0085 
2010-08-27,17.1857,23.1077,9.9664e-06 
2010-08-28,19.7413,25.6174,0.0094 
2010-08-29,22.5158,30.4241,0.0050 
2010-08-30,25.0732,30.7638,0.0587 
2010-08-31,25.0994,31.2058,0.0706 
2010-09-01,22.3943,31.1741,0.0183 
2010-09-02,23.2706,29.5704,1.5781 
2010-09-03,17.9944,27.2972,1.7136 
2010-09-04,14.1783,19.7019,0.7252 
2010-09-05,10.9759,20.5509,0.0026 
2010-09-06,16.0125,26.7466,0.2634 
2010-09-07,20.2378,29.3693,0.0443 
2010-09-08,14.9924,25.8161,0.0011 
2010-09-09,10.0974,19.7365,7.5625e-04 
2010-09-10,13.4397,19.4369,0.0013 
2010-09-11,12.4773,21.7551,5.5936 
2010-09-12,12.8891,22.8519,0.3693 
2010-09-13,16.6283,26.1753,0.3532 
2010-09-14,15.1752,23.8779,0.0265 
2010-09-15,13.9782,22.6563,0.0142 
2010-09-16,18.0643,23.1295,16.5295 
2010-09-17,11.3355,21.2931,3.5516 
2010-09-18,14.4979,26.1329,0.0555 
2010-09-19,14.1915,24.3445,0.1625 
2010-09-20,14.3711,19.3117,0.0381 
2010-09-21,16.1532,30.0434,0.0024 
2010-09-22,20.8713,29.1250,1.2749 
2010-09-23,18.6476,30.1856,0.2670 
2010-09-24,24.3728,28.5045,0.0095 
2010-09-25,13.6188,23.3534,6.5892e-04 
2010-09-26,8.9573,15.8330,0.0069 
2010-09-27,12.5806,16.8706,1.9491 
2010-09-28,12.3758,14.9278,19.1213 
2010-09-29,11.1727,19.2936,0.6592 
2010-09-30,15.4718,19.7744,1.8683e-04 
2010-10-01,9.2159,18.0114,0.0476 
2010-10-02,9.5823,15.1334,7.0213 
2010-10-03,7.8084,10.6421,4.2432 
2010-10-04,8.0634,12.5183,0.6864 
2010-10-05,8.4945,15.4146,0.1053 
2010-10-06,8.1372,19.0731,0.0230 
2010-10-07,9.9255,19.8205,0.0042 
2010-10-08,11.2590,23.4279,0.0000 
2010-10-09,15.5725,21.9057,0.0000 
2010-10-10,14.0741,27.7676,1.9556e-04 
2010-10-11,19.5245,25.7974,0.0198 
2010-10-12,11.1833,19.8198,0.0437 
2010-10-13,10.5909,18.8953,0.0096 
2010-10-14,7.7913,17.5894,10.6474 
2010-10-15,9.3457,13.6945,0.1696 
2010-10-16,7.7733,16.0653,0.0013 
2010-10-17,9.5238,16.3713,0.0013 
2010-10-18,8.5110,14.8375,0.0984 
2010-10-19,7.4178,13.4890,0.0240 
2010-10-20,6.4619,17.6546,0.0256 
2010-10-21,5.7126,16.5576,0.7008 
2010-10-22,4.4420,13.4982,0.0910 
2010-10-23,8.3061,18.7655,0.0204 
2010-10-24,16.5018,23.9996,1.1993 
2010-10-25,16.5167,21.2445,1.4307 
2010-10-26,12.4241,22.5271,9.0597 
2010-10-27,10.1784,16.8822,0.1671 
2010-10-28,5.4105,15.9075,0.0917 
2010-10-29,5.4184,9.1898,0.2403 
2010-10-30,3.3221,12.4446,0.0582 
2010-10-31,1.6057,11.8158,0.0177 
2010-11-01,3.3559,7.5082,0.0076 
2010-11-02,3.1800,7.2042,0.0073 
2010-11-03,2.6937,9.6451,0.2164 
2010-11-04,5.0538,8.9231,0.6999 
2010-11-05,2.6082,7.2361,0.1866 
2010-11-06,-3.9363,4.2432,0.0387 
2010-11-07,-0.9768,9.5064,0.0000 
2010-11-08,1.8916,13.1529,1.6513e-04 
2010-11-09,8.2583,13.8083,0.0000 
2010-11-10,5.7963,12.6336,0.0000 
2010-11-11,6.5250,14.9972,0.0340 
2010-11-12,8.5134,14.4981,0.1208 
2010-11-13,8.8644,19.7521,0.1964 
2010-11-14,3.4742,17.8089,0.7736 
2010-11-15,1.2456,9.9986,9.7838e-04 
2010-11-16,4.5484,9.1977,8.1583 
2010-11-17,4.9508,9.3149,16.3415 
2010-11-18,1.8848,6.9411,0.1794 
2010-11-19,0.3934,7.3667,0.0335 
2010-11-20,1.6632,6.9943,0.0029 
2010-11-21,2.9768,14.4680,0.0709 
2010-11-22,14.7366,17.7576,4.8578 
2010-11-23,0.8755,18.4368,6.0952 
2010-11-24,-2.7410,3.2582,0.0541 
2010-11-25,2.8688,13.5866,31.9458 
2010-11-26,-7.7097,7.5977,10.1347 
2010-11-27,-3.6909,0.3399,0.0292 
2010-11-28,-4.7351,2.5241,0.0099 
2010-11-29,-2.1965,7.2035,0.0306 
2010-11-30,5.2267,13.4025,20.7250 
2010-12-01,-4.8226,5.4901,1.4290 
2010-12-02,-6.3000,-1.5986,0.0492 
2010-12-03,-5.0110,-1.4424,0.0426 
2010-12-04,-3.2751,-0.6739,0.0926 
2010-12-05,-5.8287,-1.1290,0.0806 
2010-12-06,-5.9179,-1.7316,0.0252 
2010-12-07,-6.8586,-3.6832,0.0448 
2010-12-08,-8.6567,-3.1997,0.4091 
2010-12-09,-8.1524,-2.8439,0.1540 
2010-12-10,-4.3371,2.3322,2.1920 
2010-12-11,-1.5725,3.9855,0.1484 
2010-12-12,-1.4223,3.2262,23.4525 
2010-12-13,-11.9256,-1.7014,2.7089 
2010-12-14,-13.6595,-8.1625,0.0564 
2010-12-15,-13.3912,-8.0240,0.1219 
2010-12-16,-13.0822,-6.6127,0.0641 
2010-12-17,-7.5067,-4.1776,0.2848 
2010-12-18,-13.4069,-8.1183,0.0361 
2010-12-19,-13.7512,-7.2013,0.1753 
2010-12-20,-9.3793,-5.5298,0.1898 
2010-12-21,-7.1197,-2.2895,0.0256 
2010-12-22,-3.2026,-1.4043,0.6104 
2010-12-23,-6.0149,-1.4793,0.0321 
2010-12-24,-6.2627,-2.5045,0.0193 
2010-12-25,-5.2853,-2.8974,0.1693 
2010-12-26,-5.6196,-3.3331,0.3890 
2010-12-27,-9.0541,-3.9148,0.1284 
2010-12-28,-10.9567,-5.1711,0.0137 
2010-12-29,-7.7966,-1.9665,2.5785e-04 
2010-12-30,-2.6037,3.1034,0.6575 
2010-12-31,3.2314,11.9792,1.1828 
2011-01-01,-0.6001,11.8631,8.5313 
2011-01-02,-10.6242,-1.7214,0.0630 
2011-01-03,-8.3525,0.0193,0.0024 
2011-01-04,-2.9439,-0.2634,0.0160 
2011-01-05,-7.7137,-3.3686,0.1827 
2011-01-06,-5.7529,-1.8429,0.7739 
2011-01-07,-8.0142,-3.2426,0.5164 
2011-01-08,-11.0689,-7.0815,1.0541 
2011-01-09,-13.4923,-6.1170,0.0902 
2011-01-10,-7.0243,-5.0984,0.4398 
2011-01-11,-6.4934,-3.9207,7.1005 
2011-01-12,-5.9851,-4.3278,3.4225 
2011-01-13,-11.4874,-6.2283,0.9774 
2011-01-14,-11.1795,-5.4800,0.8058 
2011-01-15,-8.7418,-2.0933,0.6948 
2011-01-16,-11.8217,-3.8876,0.0898 
2011-01-17,-15.2205,-3.1633,0.0028 
2011-01-18,-2.6366,2.2460,3.0127 
2011-01-19,-6.7610,1.0964,0.6575 
2011-01-20,-8.9475,-5.3223,2.3438 
2011-01-21,-12.1449,-6.1412,1.2487 
2011-01-22,-18.9756,-10.6732,0.1999 
2011-01-23,-16.3435,-9.6432,0.0749 
2011-01-24,-15.7225,-2.5646,1.4566 
2011-01-25,-6.3762,-0.1307,0.0790 
2011-01-26,-7.5218,-2.2970,0.0169 
2011-01-27,-6.9046,-2.6118,1.3661 
2011-01-28,-6.4838,-2.4191,2.8785 
2011-01-29,-7.6029,-1.0669,0.8147 
2011-01-30,-6.6722,-2.3090,0.2198 
2011-01-31,-13.3178,-4.8947,0.0566 
2011-02-01,-10.8782,-6.5260,13.6321 
2011-02-02,-7.2838,-0.2082,12.8907 
2011-02-03,-12.2614,-7.2031,0.0766 
2011-02-04,-15.0329,-7.5338,0.0140 
2011-02-05,-8.6379,-3.9463,12.2612 
2011-02-06,-8.6354,-0.1858,0.6267 
2011-02-07,-2.0846,0.2668,0.8268 
2011-02-08,-12.8978,-2.8081,0.2035 
2011-02-09,-15.2721,-12.0205,4.2797e-04 
2011-02-10,-20.8434,-13.1383,8.2175e-04 
2011-02-11,-16.8350,-6.1569,0.0663 
2011-02-12,-5.8951,-1.8750,0.7770 
2011-02-13,-2.9761,2.9210,0.0890 
2011-02-14,-0.1201,3.6994,0.0613 
2011-02-15,-6.6959,-1.1148,1.9938e-04 
2011-02-16,-1.3855,3.7784,0.0355 
2011-02-17,4.1148,13.9868,0.0312 
2011-02-18,4.5757,14.3542,0.0015 
2011-02-19,-3.9857,4.2916,8.0251e-04 
2011-02-20,-5.8232,1.3322,8.3674 
2011-02-21,-5.5348,0.9061,12.8858 
2011-02-22,-7.0633,-5.1462,0.9949 
2011-02-23,-7.8038,-3.7480,0.0198 
2011-02-24,-3.6972,1.4098,3.2012 
2011-02-25,-2.7785,-0.7636,12.4675 
2011-02-26,-6.0391,-0.5010,0.6187 
2011-02-27,-1.6209,2.0007,0.2549 
2011-02-28,-0.6859,4.9668,34.1172 
2011-03-01,-4.7771,4.7766,3.3602e-06 
2011-03-02,-2.6352,4.1786,2.0596e-08 
2011-03-03,-8.4749,2.9647,0.0179 
2011-03-04,2.3316,9.2815,1.7300 
2011-03-05,1.9837,10.8799,25.4499 
2011-03-06,-3.6348,1.1568,6.4765 
2011-03-07,-9.5948,-0.4594,0.0448 
2011-03-08,-3.2754,7.4465,0.0072 
2011-03-09,3.4089,9.8769,20.2105 
2011-03-10,2.4802,10.2662,2.2384 
2011-03-11,-1.0032,3.7509,5.7646 
2011-03-12,-0.2029,7.2822,0.0040 
2011-03-13,-1.3399,4.8354,0.0111 
2011-03-14,-3.0756,4.4922,0.0378 
2011-03-15,-2.0547,7.5000,4.4097 
2011-03-16,2.1740,10.0133,0.5541 
2011-03-17,5.8180,17.2351,4.5235e-04 
2011-03-18,10.0411,17.3879,8.4472e-04 
2011-03-19,1.0270,11.0706,0.0000 
2011-03-20,0.1383,14.2067,1.2946 
2011-03-21,13.0390,16.0416,10.0236 
2011-03-22,1.2589,12.9550,0.5420 
2011-03-23,0.6435,2.7388,4.2061 
2011-03-24,-2.7542,0.2314,0.1995 
2011-03-25,-5.5243,-0.2448,0.0189 
2011-03-26,-7.5876,-1.0428,0.0036 
2011-03-27,-6.6274,-0.5495,0.0032 
2011-03-28,-5.7248,1.9214,0.0099 
2011-03-29,-2.6090,3.6438,1.7311e-04 
2011-03-30,-2.0916,2.6569,0.2473 
2011-03-31,-1.1501,4.3220,0.0062 
2011-04-01,1.9482,8.1145,0.0276 
2011-04-02,1.8382,7.9825,1.5720 
2011-04-03,2.3963,8.4584,0.5898 
2011-04-04,8.8005,19.7092,8.4258 
2011-04-05,-0.3788,7.9257,0.2849 
2011-04-06,1.3958,10.7729,0.7224 
2011-04-07,0.2280,9.4879,0.2491 
2011-04-08,3.9595,7.8965,15.0827 
2011-04-09,3.2958,13.9983,0.1325 
2011-04-10,11.0444,25.1560,0.1369 
2011-04-11,12.7967,24.8462,0.9639 
2011-04-12,4.3891,12.5420,0.1472 
2011-04-13,2.8281,15.7287,0.0060 
2011-04-14,7.8737,15.6820,0.0017 
2011-04-15,3.7569,12.0897,0.0611 
2011-04-16,9.5662,18.1862,9.0098 
2011-04-17,2.8842,10.5087,1.6905 
2011-04-18,2.0677,9.8297,4.2002 
2011-04-19,1.7211,7.0136,12.9337 
2011-04-20,6.9560,15.1141,15.1433 
2011-04-21,-0.7469,8.3993,0.0761 
2011-04-22,2.9277,10.8407,5.1209 
2011-04-23,12.6276,19.8053,15.1644 
2011-04-24,9.0239,16.8592,2.1107 
2011-04-25,8.8176,13.9302,28.2287 
2011-04-26,7.9276,21.3517,3.1002 
2011-04-27,15.3829,20.3989,7.4241 
2011-04-28,7.2701,17.1954,2.5748 
2011-04-29,3.8408,13.7199,0.6308 
2011-04-30,5.5597,16.2856,0.0131 
2011-05-01,14.1245,20.5791,2.8373 
2011-05-02,7.4480,20.2448,0.8227 
2011-05-03,5.7063,13.2697,16.1393 
2011-05-04,4.6281,12.0438,0.3199 
2011-05-05,6.9560,15.7897,0.0236 
2011-05-06,9.8223,16.1425,1.3072 
2011-05-07,9.9191,17.9793,0.6723 
2011-05-08,11.0160,17.5770,0.0695 
2011-05-09,8.5295,15.6450,0.0039 
2011-05-10,12.0379,19.8939,0.4858 
2011-05-11,15.3339,24.0793,0.4722 
2011-05-12,18.2034,28.6025,4.6839 
2011-05-13,18.1154,28.1814,9.2304 
2011-05-14,15.8166,20.3763,7.1869 
2011-05-15,8.8944,17.0087,15.8577 
2011-05-16,6.6357,8.5499,7.7142 
2011-05-17,6.5903,11.3334,2.9306 
2011-05-18,10.6093,16.1047,6.7113 
2011-05-19,9.7839,18.7005,2.8399 
2011-05-20,11.6818,21.2589,0.1805 
2011-05-21,16.4427,24.8356,0.3137 
2011-05-22,18.5541,28.7076,0.7711 
2011-05-23,18.6850,28.4604,3.1169 
2011-05-24,18.2365,23.0839,2.6831 
2011-05-25,13.3031,22.6836,44.0276 
2011-05-26,15.4277,20.8598,27.4168 
2011-05-27,9.3030,15.3932,7.0510 
2011-05-28,12.7956,21.1313,0.5283 
2011-05-29,17.2099,28.4180,17.4462 
2011-05-30,21.6368,30.2361,0.5259 
2011-05-31,24.0704,31.6937,0.0045 
2011-06-01,22.4653,30.8782,0.0351 
2011-06-02,15.8951,23.8260,5.1137e-04 
2011-06-03,13.9001,23.0606,0.0231 
2011-06-04,19.6467,32.6489,0.0859 
2011-06-05,20.1887,31.8203,0.0295 
2011-06-06,21.2854,29.2844,3.3613e-04 
2011-06-07,23.4976,34.1027,0.0431 
2011-06-08,25.3358,33.8298,7.7432e-05 
2011-06-09,20.0845,32.7914,1.4872 
2011-06-10,16.2994,25.1873,6.2949 
2011-06-11,18.2676,25.5731,0.6422 
2011-06-12,13.6941,23.3010,0.0449 
2011-06-13,15.5226,22.4297,0.0015 
2011-06-14,13.7689,22.1258,6.5456e-04 
2011-06-15,14.0749,22.7483,0.0559 
2011-06-16,16.8947,23.2304,1.4857 
2011-06-17,16.9047,26.4781,0.0676 
2011-06-18,18.8803,25.9775,0.1034 
2011-06-19,18.9200,24.8064,5.4925 
2011-06-20,18.9745,27.4398,2.1390 
2011-06-21,19.6999,30.2648,2.3800 
2011-06-22,20.9236,28.9483,4.8601 
2011-06-23,19.8817,25.8378,2.0132 
2011-06-24,17.2726,22.3338,1.8770 
2011-06-25,13.5979,23.7427,0.0591 
2011-06-26,19.1011,24.5086,8.1980e-04 
2011-06-27,18.6725,25.5611,0.0042 
2011-06-28,20.4582,24.1699,0.0268 
2011-06-29,15.9062,24.7963,4.5770e-06 
2011-06-30,19.7648,28.5186,0.0016 
2011-07-01,20.2050,30.5431,0.0091 
2011-07-02,21.0962,34.7868,0.0384 
2011-07-03,21.9940,34.3595,0.8336 
2011-07-04,20.8488,27.9481,0.0638 
2011-07-05,22.3561,30.7539,7.7147e-05 
2011-07-06,25.2439,31.5789,0.0252 
2011-07-07,20.4797,29.3522,0.0228 
2011-07-08,21.4215,27.7255,0.4825 
2011-07-09,22.3034,30.1527,4.1113e-05 
2011-07-10,23.5074,33.4520,0.0000 
2011-07-11,24.6707,34.7268,14.6036 
2011-07-12,22.5367,33.3003,0.0377 
2011-07-13,19.0515,28.6451,0.0027 
2011-07-14,18.4139,24.8967,8.3336e-04 
2011-07-15,21.0554,27.6866,0.0013 
2011-07-16,23.2612,30.4404,0.0030 
2011-07-17,22.7656,32.4228,0.0011 
2011-07-18,23.6932,34.8027,1.9364 
2011-07-19,23.7815,32.0340,10.8741 
2011-07-20,25.1392,34.1913,0.0174 
2011-07-21,27.5092,34.2723,0.0175 
2011-07-22,26.6816,34.8269,6.4181 
2011-07-23,25.3636,34.5509,16.9550 
2011-07-24,21.4581,30.5689,19.8545 
2011-07-25,23.9926,30.4082,0.1467 
2011-07-26,23.2221,28.2698,0.3409 
2011-07-27,20.4374,29.8924,0.0770 
2011-07-28,24.6006,33.2709,2.8671 
2011-07-29,23.9079,32.8418,10.1085 
2011-07-30,22.9968,29.0796,0.0504 
2011-07-31,25.9206,31.6244,0.0046 
2011-08-01,25.1985,31.1185,5.7146 
2011-08-02,24.4942,30.6592,0.2315 
2011-08-03,21.5532,30.9300,7.7289 
2011-08-04,20.7995,26.8371,0.1328 
2011-08-05,22.1258,27.0632,0.0356 
2011-08-06,23.5264,28.5888,3.5134 
2011-08-07,22.6286,28.1027,12.9533 
2011-08-08,19.7902,26.2863,0.9500 
2011-08-09,18.4847,26.5298,7.6375 
2011-08-10,17.5863,25.4271,0.3818 
2011-08-11,16.7038,24.1322,7.3665e-04 
2011-08-12,19.6043,26.0617,0.0000 
2011-08-13,21.4986,28.1661,0.0044 
2011-08-14,17.1667,27.4973,4.2973 
2011-08-15,16.9247,24.2437,0.7584 
2011-08-16,18.9894,25.3985,0.0161 
2011-08-17,20.9611,26.2872,0.0112 
2011-08-18,22.6490,27.6599,0.2048 
2011-08-19,20.3733,27.6429,0.4265 
2011-08-20,22.9216,28.9248,0.0368 
2011-08-21,18.2556,23.9465,3.8804 
2011-08-22,15.2459,22.7034,0.0759 
2011-08-23,18.8402,26.0738,0.1605 
2011-08-24,19.1457,30.0071,24.7426 
2011-08-25,18.4097,29.5995,13.1562 
2011-08-26,18.6487,23.4048,0.0138 
2011-08-27,18.7153,24.9843,0.0148 
2011-08-28,15.9893,24.1010,0.0101 
2011-08-29,17.4805,22.4119,3.4545e-04 
2011-08-30,19.0821,23.4243,0.0014 
2011-08-31,20.9427,29.2973,0.5420 
2011-09-01,22.2907,29.1169,0.7393 
2011-09-02,24.1057,32.1962,0.0102 
2011-09-03,26.9989,32.7298,0.4173 
2011-09-04,19.5639,31.8958,10.3641 
2011-09-05,14.0416,20.0366,0.3857 
2011-09-06,13.3120,16.7675,0.5373 
2011-09-07,15.3315,17.0804,29.7454 
2011-09-08,16.6222,20.1926,30.2610 
2011-09-09,17.5259,21.6652,14.0634 
2011-09-10,16.3190,21.5705,3.1171 
2011-09-11,16.5699,23.9631,0.7027 
2011-09-12,17.3026,26.6179,0.1402 
2011-09-13,20.1373,27.2017,0.0711 
2011-09-14,14.7377,24.1534,0.1046 
2011-09-15,8.2000,15.1213,3.3284 
2011-09-16,9.9459,13.8020,5.7569e-04 
2011-09-17,12.4343,17.5802,1.2966e-04 
2011-09-18,10.2673,21.0930,0.0162 
2011-09-19,15.7723,21.2891,8.8949 
2011-09-20,14.6699,20.7448,3.3568 
2011-09-21,17.0511,21.9618,2.4214 
2011-09-22,14.8715,21.3239,0.1666 
2011-09-23,12.1679,19.8459,21.4695 
2011-09-24,10.6811,18.2020,0.4721 
2011-09-25,14.7223,21.4194,0.6125 
2011-09-26,16.4141,21.1773,41.3329 
2011-09-27,11.7690,17.8629,0.6696 
2011-09-28,11.6685,15.9591,2.4274 
2011-09-29,10.7710,17.1197,6.6306 
2011-09-30,8.9379,16.0355,6.6659 
2011-10-01,5.8707,10.7636,5.6894 
2011-10-02,4.3953,13.1514,0.0890 
2011-10-03,6.6571,16.0117,0.3624 
2011-10-04,10.9278,18.6275,0.0241 
2011-10-05,15.2273,21.2624,0.0031 
2011-10-06,15.2501,22.3372,0.0015 
2011-10-07,16.2332,23.6716,0.0047 
2011-10-08,14.5798,24.1072,0.0024 
2011-10-09,17.0765,23.8267,2.2546e-04 
2011-10-10,19.0743,22.7076,0.0033 
2011-10-11,17.4338,23.7747,0.0031 
2011-10-12,14.8959,21.5941,0.6260 
2011-10-13,13.5468,19.1204,0.0707 
2011-10-14,12.0692,17.5120,1.7623 
2011-10-15,9.7160,12.5512,1.2427 
2011-10-16,10.2225,14.2461,2.8096 
2011-10-17,6.4835,12.6833,1.1873e-04 
2011-10-18,8.0371,11.3691,1.2006 
2011-10-19,8.4986,14.5509,38.4032 
2011-10-20,5.0064,13.8332,25.7927 
2011-10-21,4.5292,9.3933,0.2239 
2011-10-22,4.5604,10.8977,0.0079 
2011-10-23,7.4922,14.5554,8.0948e-06 
2011-10-24,10.6458,13.5354,5.1348 
2011-10-25,7.8192,16.9246,0.0300 
2011-10-26,12.1979,16.4927,5.3472 
2011-10-27,4.4695,11.4798,8.7583 
2011-10-28,3.6063,8.1079,0.0631 
2011-10-29,3.4885,9.0062,0.6399 
2011-10-30,3.1807,9.2816,0.4245 
2011-10-31,6.1694,10.6504,1.1519 
2011-11-01,4.8732,13.6797,0.1084 
2011-11-02,7.8819,16.6709,0.0161 
2011-11-03,9.8572,15.2458,2.9274e-04 
2011-11-04,5.0502,9.6271,0.0040 
2011-11-05,0.5250,11.1233,2.0276e-04 
2011-11-06,4.8643,15.0048,3.5889e-06 
2011-11-07,10.0644,14.7084,0.4658 
2011-11-08,11.5757,19.3132,0.4115 
2011-11-09,12.1355,18.0786,2.7282 
2011-11-10,2.2209,9.7273,0.2790 
2011-11-11,0.1382,4.8824,0.0852 
2011-11-12,2.9629,14.2840,0.0011 
2011-11-13,10.8036,16.7580,0.0028 
2011-11-14,11.5112,17.7038,25.9955 
2011-11-15,9.5813,13.3930,4.2673 
2011-11-16,4.4361,10.4022,1.5802e-04 
2011-11-17,-0.2642,3.4277,1.8778e-05 
2011-11-18,-2.8432,6.1809,4.6155e-05 
2011-11-19,3.2333,10.7119,0.5801 
2011-11-20,8.4036,14.4655,0.1515 
2011-11-21,3.5890,8.1685,2.1854 
2011-11-22,4.0321,6.9097,23.9595 
2011-11-23,3.1077,7.0177,15.4629 
2011-11-24,0.9821,8.6558,1.7343e-04 
2011-11-25,5.2052,11.9885,1.8055e-04 
2011-11-26,8.4566,15.2870,0.0125 
2011-11-27,8.9436,15.0858,17.5365 
2011-11-28,2.1347,7.9043,5.7058 
2011-11-29,4.5015,6.7528,43.0151 
2011-11-30,-2.2094,4.2396,3.5935 
2011-12-01,-3.3132,2.7801,0.0100 
2011-12-02,-1.8879,2.7232,0.4555 
2011-12-03,-1.4274,9.1225,0.0186 
2011-12-04,5.7619,9.9413,11.1807 
2011-12-05,2.8780,10.0294,24.5389 
2011-12-06,0.8005,2.1550,9.7617 
2011-12-07,-4.5995,0.9177,0.1447 
2011-12-08,-5.7897,0.7938,0.0184 
2011-12-09,-1.1034,0.3022,0.9438 
2011-12-10,-10.9304,-1.9000,0.0096 
2011-12-11,-9.0165,0.1066,1.2358e-07 
2011-12-12,-3.2181,2.9173,0.0014 
2011-12-13,1.5824,5.7541,0.2301 
2011-12-14,3.0656,12.1371,7.9381 
2011-12-15,6.6784,14.5250,17.1566 
2011-12-16,-1.4514,5.6551,0.2640 
2011-12-17,-4.0656,-0.1824,1.4791 
2011-12-18,-4.2906,1.8179,0.1297 
2011-12-19,1.9532,7.9913,0.2101 
2011-12-20,0.7078,7.3291,1.9520 
2011-12-21,3.7203,12.4595,16.9112 
2011-12-22,4.5312,6.6668,0.3661 
2011-12-23,-2.4654,5.1110,1.2193 
2011-12-24,-3.5310,1.5918,0.0321 
2011-12-25,-1.1541,4.5865,0.0075 
2011-12-26,-2.6520,5.4147,0.0046 
2011-12-27,0.2104,3.4252,10.1361 
2011-12-28,-5.7321,1.0894,0.5958 
2011-12-29,-4.6495,4.5328,0.3663 
2011-12-30,1.4749,8.8195,4.5256 
2011-12-31,1.9453,8.8938,0.6143 
2012-01-01,1.0237,7.5295,0.0828 
2012-01-02,-3.9245,0.3797,0.4542 
2012-01-03,-9.5290,-3.3936,0.0030 
2012-01-04,-8.5233,0.5793,3.6597e-04 
2012-01-05,-4.6854,2.4355,7.8335e-04 
2012-01-06,1.9647,8.8730,7.6047e-05 
2012-01-07,0.5898,7.4442,0.0089 
2012-01-08,-1.4043,3.5847,0.0165 
2012-01-09,-0.2909,4.3981,2.0156e-05 
2012-01-10,-0.5225,6.0200,0.0000 
2012-01-11,1.4048,7.3118,2.3265 
2012-01-12,1.6085,4.8629,4.7478 
2012-01-13,-7.5156,0.2216,6.1083 
2012-01-14,-9.9046,-5.3062,1.8136 
2012-01-15,-10.9256,-6.9919,0.0884 
2012-01-16,-9.3532,4.1647,0.2442 
2012-01-17,1.8181,12.0669,21.0159 
2012-01-18,-8.0031,0.5184,0.0224 
2012-01-19,-6.6526,-3.1205,3.0313 
2012-01-20,-13.8478,-7.2934,0.9376 
2012-01-21,-7.9584,-5.6623,6.7558 
2012-01-22,-10.1953,2.6460,0.1560 
2012-01-23,3.3218,12.7076,10.3418 
2012-01-24,-3.6650,2.3386,0.1509 
2012-01-25,-3.5965,0.1521,0.1024 
2012-01-26,-1.3455,1.9712,8.0357 
2012-01-27,0.0361,2.3409,9.0447 
2012-01-28,-1.7861,1.1199,1.6112 
2012-01-29,-4.1815,-0.1490,0.2809 
2012-01-30,-7.5445,4.8733,0.0134 
2012-01-31,5.6280,11.1426,0.0072 
2012-02-01,3.8935,11.2591,1.3459 
2012-02-02,-0.4384,5.5201,0.0186 
2012-02-03,1.8662,7.4004,8.2693e-04 
2012-02-04,-0.3870,6.7180,1.3940 
2012-02-05,-1.0319,4.9847,0.1193 
2012-02-06,-1.8135,6.1295,0.0067 
2012-02-07,-3.3250,4.7738,0.0025 
2012-02-08,-4.9309,0.0930,0.1410 
2012-02-09,-5.9578,1.6108,0.0093 
2012-02-10,-6.1881,0.9746,0.8112 
2012-02-11,-11.2497,0.4799,5.1989 
2012-02-12,-10.4473,-2.5838,0.2666 
2012-02-13,-9.5937,-1.2115,0.0089 
2012-02-14,-2.6163,0.6516,3.6273 
2012-02-15,-3.9050,3.9010,0.0553 
2012-02-16,3.1917,6.8798,3.5184 
2012-02-17,-1.8848,4.6337,0.0368 
2012-02-18,0.2519,4.0039,0.0021 
2012-02-19,-4.7812,-0.1455,1.4390e-04 
2012-02-20,-5.0159,2.1147,0.0609 
2012-02-21,-0.7791,7.6362,1.5628 
2012-02-22,1.3569,6.9351,0.6978 
2012-02-23,0.5165,6.1265,0.6277 
2012-02-24,0.9201,5.1633,8.1356 
2012-02-25,-2.8787,0.6031,0.8255 
2012-02-26,-5.7936,4.8092,0.0125 
2012-02-27,0.6399,4.5657,7.1867e-04 
2012-02-28,-3.4389,5.3047,0.0206 
2012-02-29,2.2706,15.8416,13.1874 
2012-03-01,1.2573,13.8817,0.1386 
2012-03-02,0.9137,12.7011,11.3336 
2012-03-03,-1.4299,13.9971,3.9215 
2012-03-04,-5.0206,0.1543,1.1477 
2012-03-05,-6.2900,-0.4445,6.0543 
2012-03-06,-4.8617,10.9094,0.0407 
2012-03-07,6.9441,17.0196,0.0000 
2012-03-08,5.7048,16.7559,9.4801 
2012-03-09,-1.3359,4.1338,0.1000 
2012-03-10,-4.9087,8.4565,0.0026 
2012-03-11,1.7978,17.0423,0.0019 
2012-03-12,9.0934,17.3677,6.3730 
2012-03-13,11.0034,17.2059,9.7414 
2012-03-14,11.6783,23.9316,1.0187e-04 
2012-03-15,14.8050,24.9473,2.5676 
2012-03-16,15.6526,24.1683,21.8790 
2012-03-17,13.3616,22.0897,0.0061 
2012-03-18,14.8275,21.7495,3.2424 
2012-03-19,14.5948,23.2685,1.8347 
2012-03-20,17.3456,24.2224,0.1095 
2012-03-21,18.1553,26.2863,0.0042 
2012-03-22,17.4476,25.8324,0.0019 
2012-03-23,16.6803,23.3519,0.7533 
2012-03-24,11.9823,17.8718,5.3030 
2012-03-25,10.7931,18.3684,4.0385e-04 
2012-03-26,1.1259,18.2969,0.0015 
2012-03-27,-1.3019,12.8924,5.5263e-04 
2012-03-28,12.8066,17.2271,0.5560 
2012-03-29,1.5719,13.6297,0.0021 
2012-03-30,0.3235,10.3475,1.8570 
2012-03-31,1.5062,7.1968,0.1900 
2012-04-01,2.9927,14.3436,0.0215 
2012-04-02,2.8344,13.4563,0.0025 
2012-04-03,4.7277,21.8376,4.7122 
2012-04-04,6.3756,18.3596,0.0961 
2012-04-05,2.6704,10.3114,5.8793e-04 
2012-04-06,1.8588,9.5835,6.3809e-04 
2012-04-07,4.9063,13.8951,0.0042 
2012-04-08,7.5647,13.5043,0.1617 
2012-04-09,8.1510,13.4329,0.1596 
2012-04-10,2.2749,11.0673,0.1023 
2012-04-11,0.1611,9.3932,0.1965 
2012-04-12,2.9387,12.5225,0.0091 
2012-04-13,7.4054,15.0967,0.0148 
2012-04-14,8.7707,17.8362,6.8163 
2012-04-15,14.6637,24.3180,0.5892 
2012-04-16,15.7995,24.1141,0.3229 
2012-04-17,6.3698,14.5953,1.9408e-04 
2012-04-18,5.2368,15.5104,0.0034 
2012-04-19,12.0666,21.3047,0.0155 
2012-04-20,14.5412,21.3379,0.0340 
2012-04-21,2.8265,15.0787,4.9082 
2012-04-22,3.3545,8.1195,0.0048 
2012-04-23,3.8266,10.7418,0.0020 
2012-04-24,4.8862,14.0634,4.1769e-06 
2012-04-25,8.8117,16.8134,0.1131 
2012-04-26,9.7231,16.0417,5.5560 
2012-04-27,0.4043,11.8482,1.2045e-04 
2012-04-28,2.8652,10.1113,4.2216 
2012-04-29,4.5723,11.9536,0.0082 
2012-04-30,8.0573,22.9845,4.0459 
2012-05-01,11.9042,18.9831,6.1185 
2012-05-02,14.5410,25.9362,2.1414 
2012-05-03,19.7781,29.2225,0.0014 
2012-05-04,20.6093,28.7903,6.9929 
2012-05-05,13.1285,20.7654,1.6236 
2012-05-06,10.4147,18.2471,8.7690e-04 
2012-05-07,13.1516,22.1036,16.4189 
2012-05-08,14.1080,20.9896,3.5259 
2012-05-09,12.1848,20.1335,3.3400 
2012-05-10,6.8528,15.4641,0.5884 
2012-05-11,11.6118,20.5102,0.0000 
2012-05-12,14.0068,22.3916,8.6023e-07 
2012-05-13,13.9498,21.7271,0.0146 
2012-05-14,14.1760,20.8603,0.0025 
2012-05-15,17.5667,25.1446,0.0021 
2012-05-16,15.1330,24.8887,0.0228 
2012-05-17,9.3900,17.4562,5.0170e-04 
2012-05-18,11.4778,21.1219,0.0000 
2012-05-19,16.6273,26.3692,6.8569e-06 
2012-05-20,22.1657,28.5900,7.1238e-06 
2012-05-21,21.7550,27.8086,0.0178 
2012-05-22,13.7281,22.3279,0.0544 
2012-05-23,14.6873,23.1265,5.0357e-04 
2012-05-24,19.2948,27.4707,9.9083e-05 
2012-05-25,22.0190,30.0624,0.1961 
2012-05-26,18.0766,28.6867,0.4174 
2012-05-27,19.1966,32.5414,0.0156 
2012-05-28,23.8870,32.5288,0.1353 
2012-05-29,21.0691,31.5782,11.2746 
2012-05-30,16.9553,26.1200,0.0020 
2012-05-31,12.9560,20.2289,0.0033 
2012-06-01,12.6119,17.4683,11.7506 
2012-06-02,8.0781,20.0519,0.1881 
2012-06-03,14.4615,23.8169,0.0096 
2012-06-04,14.7145,22.8993,0.0190 
2012-06-05,12.3752,18.7351,1.9983 
2012-06-06,14.1719,22.3270,0.0278 
2012-06-07,15.8925,24.4339,0.0066 
2012-06-08,17.4185,27.5016,5.4396e-04 
2012-06-09,20.5665,29.7165,1.7837e-04 
2012-06-10,23.0236,30.9825,0.0000 
2012-06-11,22.3131,30.7887,3.1042 
2012-06-12,21.4046,24.8534,0.1591 
2012-06-13,14.1065,22.0455,0.0000 
2012-06-14,14.9570,23.5776,0.0000 
2012-06-15,18.7964,28.6344,0.0000 
2012-06-16,21.5348,30.3215,0.0334 
2012-06-17,20.8011,30.2592,6.7905 
2012-06-18,21.2284,30.5199,10.0446 
2012-06-19,22.3677,32.8452,1.5597 
2012-06-20,24.1432,32.5402,0.0000 
2012-06-21,23.6273,31.9561,0.2010 
2012-06-22,19.2507,25.7520,3.9089 
2012-06-23,19.4009,25.8513,0.0130 
2012-06-24,21.1383,29.2755,0.0067 
2012-06-25,18.4537,29.3375,0.0143 
2012-06-26,16.6711,24.5620,1.1300e-04 
2012-06-27,20.0652,29.3535,3.6102e-06 
2012-06-28,21.7770,35.2296,0.0029 
2012-06-29,25.5835,34.9915,0.8699 
2012-06-30,19.5546,31.0976,3.0803 
2012-07-01,22.7223,30.8147,2.0256 
2012-07-02,24.9581,30.8037,0.7460 
2012-07-03,25.9380,33.6290,0.2739 
2012-07-04,25.3302,34.7174,0.2228 
2012-07-05,28.7962,35.2423,1.8355 
2012-07-06,26.7051,33.7512,0.1645 
2012-07-07,29.1285,35.4265,0.0114 
2012-07-08,21.7766,30.8823,0.2318 
2012-07-09,19.7050,27.2840,0.1393 
2012-07-10,20.3597,25.6953,0.4841 
2012-07-11,21.1313,26.7429,5.5102e-05 
2012-07-12,21.2758,28.7991,0.0256 
2012-07-13,22.3894,30.4559,0.0969 
2012-07-14,21.0219,29.5314,0.0232 
2012-07-15,22.2702,30.5069,0.6080 
2012-07-16,24.6393,32.8318,0.0130 
2012-07-17,25.8665,35.6309,0.0019 
2012-07-18,25.3388,33.3631,0.4168 
2012-07-19,24.2095,28.9323,8.1465 
2012-07-20,19.7266,23.9126,10.2462 
2012-07-21,19.8098,27.7745,0.0076 
2012-07-22,22.2596,30.9419,2.2653e-04 
2012-07-23,24.1584,31.6208,1.5234 
2012-07-24,21.7544,31.2633,1.1011 
2012-07-25,19.1519,28.6124,0.0883 
2012-07-26,25.4306,29.7815,0.3587 
2012-07-27,20.8369,27.9562,6.6639 
2012-07-28,17.9267,25.2156,8.3563 
2012-07-29,20.6440,26.1645,0.0079 
2012-07-30,21.9172,28.8932,2.5489e-04 
2012-07-31,23.0058,29.7953,0.2483 
2012-08-01,21.4751,26.5435,0.0087 
2012-08-02,22.8599,30.1236,9.9802e-04 
2012-08-03,25.3466,31.8065,1.3104e-05 
2012-08-04,22.2984,31.4733,1.3461 
2012-08-05,20.6173,28.5697,25.1777 
2012-08-06,17.6817,25.8326,5.5936e-04 
2012-08-07,21.4319,29.2520,0.0030 
2012-08-08,25.0182,28.9048,0.0215 
2012-08-09,21.6311,26.9260,2.7555 
2012-08-10,17.1208,23.3892,31.8941 
2012-08-11,14.8546,20.4137,2.8907 
2012-08-12,14.7854,23.1668,0.0070 
2012-08-13,19.3424,24.8247,0.3382 
2012-08-14,17.6634,21.9148,16.2565 
2012-08-15,19.1875,25.0693,0.4278 
2012-08-16,18.9485,27.2645,0.0967 
2012-08-17,17.4943,26.5573,0.3766 
2012-08-18,15.0331,21.4041,0.0090 
2012-08-19,17.9440,22.5450,1.5957e-04 
2012-08-20,17.6576,22.2237,0.1908 
2012-08-21,18.1462,22.4974,1.0432 
2012-08-22,17.0343,25.0217,0.0745 
2012-08-23,20.8201,27.7002,0.0052 
2012-08-24,22.8204,28.9207,0.0000 
2012-08-25,20.0074,29.9112,5.1125e-06 
2012-08-26,20.8545,30.0805,1.1013e-05 
2012-08-27,19.8402,29.8022,35.8944 
2012-08-28,18.1758,24.6057,0.1198 
2012-08-29,18.3555,24.3451,0.0050 
2012-08-30,18.5789,28.2830,0.0052 
2012-08-31,20.5797,30.5953,0.0011 
2012-09-01,21.7627,29.4260,0.6909 
2012-09-02,21.3345,24.7427,6.7478 
2012-09-03,21.4867,26.4602,0.8606 
2012-09-04,22.2666,26.8483,3.6198 
2012-09-05,20.2685,27.5321,0.9693 
2012-09-06,17.8284,26.8842,0.4211 
2012-09-07,21.2592,27.5235,0.7969 
2012-09-08,14.9851,26.6871,22.1712 
2012-09-09,13.8615,19.1171,0.0298 
2012-09-10,15.3927,19.5262,0.0067 
2012-09-11,15.0169,22.3314,9.9316e-04 
2012-09-12,15.9968,25.2446,7.5712e-04 
2012-09-13,19.6668,26.2895,7.9829e-04 
2012-09-14,13.2412,24.6035,4.0609 
2012-09-15,14.8422,19.9066,0.1789 
2012-09-16,15.2019,22.2477,0.0070 
2012-09-17,16.1641,23.8915,0.0124 
2012-09-18,14.8529,22.1862,15.6359 
2012-09-19,8.6642,16.3941,0.0394 
2012-09-20,11.2676,19.2699,0.0773 
2012-09-21,12.0266,19.4494,0.6390 
2012-09-22,10.5660,19.1136,19.3982 
2012-09-23,5.6484,12.3022,0.2502 
2012-09-24,5.3187,14.7975,7.9662e-04 
2012-09-25,9.5015,19.2258,0.3294 
2012-09-26,14.7597,20.5047,5.6921 
2012-09-27,13.9026,18.1625,2.0906 
2012-09-28,13.1758,16.5108,0.0197 
2012-09-29,12.4299,18.9201,0.0032 
2012-09-30,12.0169,18.1311,0.0040 
2012-10-01,11.6462,15.5228,0.0070 
2012-10-02,12.3566,17.6091,8.8259 
2012-10-03,13.0463,17.1881,6.7983 
2012-10-04,12.8585,21.8072,0.0325 
2012-10-05,9.0356,20.7178,6.1491 
2012-10-06,4.2221,9.0757,13.0720 
2012-10-07,4.4203,8.5503,0.2424 
2012-10-08,3.3593,9.6946,0.0258 
2012-10-09,3.5943,14.0501,0.0389 
2012-10-10,6.5723,12.6885,1.3091 
2012-10-11,1.1813,13.2331,2.7368e-04 
2012-10-12,5.1282,12.0753,0.0000 
2012-10-13,3.0908,20.0523,1.7683 
2012-10-14,17.4333,20.7064,1.5102 
2012-10-15,8.9823,18.3634,0.9537 
2012-10-16,5.0386,13.5572,0.1043 
2012-10-17,11.6189,21.2765,0.9616 
2012-10-18,11.0085,20.3979,5.1324 
2012-10-19,7.9811,13.3504,3.6060 
2012-10-20,7.2099,10.8085,2.2960 
2012-10-21,5.5077,14.2997,0.0380 
2012-10-22,9.5028,22.1922,0.6094 
2012-10-23,16.8109,21.3893,3.4862 
2012-10-24,15.4182,21.9424,0.8303 
2012-10-25,15.2038,22.7897,0.0010 
2012-10-26,7.6209,21.7223,4.7139 
2012-10-27,6.2487,9.8773,4.4636 
2012-10-28,4.6427,8.7801,0.3807 
2012-10-29,5.1583,6.8399,4.7130 
2012-10-30,3.2315,7.0303,12.2533 
2012-10-31,2.6288,5.9901,4.0675 
2012-11-01,3.4622,7.8652,0.4702 
2012-11-02,-0.3835,6.1227,0.0049 
2012-11-03,-1.2314,5.9985,0.0094 
2012-11-04,0.6915,5.4028,0.0056 
2012-11-05,-0.1734,4.0993,0.0107 
2012-11-06,-0.2568,6.0748,0.0013 
2012-11-07,3.2465,7.0462,0.0123 
2012-11-08,1.7670,7.6791,0.0110 
2012-11-09,2.7870,12.9759,0.0070 
2012-11-10,8.0034,17.2599,2.6291 
2012-11-11,11.5827,17.8561,0.0023 
2012-11-12,0.7539,17.1894,13.0134 
2012-11-13,-4.0644,1.5425,0.0217 
2012-11-14,-0.7338,3.7218,4.5631e-05 
2012-11-15,0.9105,5.1445,0.0000 
2012-11-16,3.0047,7.6725,0.0000 
2012-11-17,3.6655,10.0933,9.3056e-05 
2012-11-18,3.8880,11.2534,0.0063 
2012-11-19,6.5607,11.5031,0.0047 
2012-11-20,7.8503,11.8905,0.0113 
2012-11-21,6.7640,14.2625,0.0031 
2012-11-22,6.8874,15.9937,0.0016 
2012-11-23,1.0463,14.3305,2.5981 
2012-11-24,-1.9106,1.5837,0.0529 
2012-11-25,-5.3521,5.1449,0.2287 
2012-11-26,-0.8749,3.5148,0.0035 
2012-11-27,-4.8861,1.4617,0.0620 
2012-11-28,-4.2214,4.3355,0.0018 
2012-11-29,-2.0340,7.7620,0.0018 
2012-11-30,0.3576,10.0894,0.0000 
2012-12-01,3.2942,15.5056,0.0011 
2012-12-02,12.5853,15.3383,4.0666 
2012-12-03,11.2501,17.4935,0.0893 
2012-12-04,8.6302,17.4314,7.1587 
2012-12-05,-1.2605,9.2213,0.0431 
2012-12-06,-4.0601,4.5504,0.0037 
2012-12-07,3.3605,7.6927,0.8320 
2012-12-08,3.8302,9.0390,4.1737 
2012-12-09,1.3393,8.4882,5.7963 
2012-12-10,1.4448,10.7557,4.2334 
2012-12-11,-3.5249,1.2958,0.2642 
2012-12-12,-4.6724,3.6296,0.0162 
2012-12-13,-1.7091,5.3818,2.6887e-04 
2012-12-14,-1.5168,6.6265,0.0014 
2012-12-15,1.8719,6.9071,0.7969 
2012-12-16,6.7285,11.9961,0.4492 
2012-12-17,3.3611,9.5835,0.0139 
2012-12-18,1.3605,4.2987,3.3189 
2012-12-19,1.2209,5.3170,0.3642 
2012-12-20,2.6219,10.5611,11.0201 
2012-12-21,-0.7473,9.2549,4.1128 
2012-12-22,-3.8317,-0.4531,0.1229 
2012-12-23,-7.3051,-0.2890,0.0014 
2012-12-24,-3.5932,0.1454,0.6602 
2012-12-25,-3.8437,0.1632,0.1767 
2012-12-26,-1.2124,-0.0199,10.5233 
2012-12-27,-3.5039,-0.1221,2.3585 
2012-12-28,-7.1716,-2.3690,0.2520 
2012-12-29,-3.8899,-1.1565,4.6552 
2012-12-30,-8.5288,-1.9516,0.3554 
2012-12-31,-8.7645,-0.0735,0.7386 
2013-01-01,-6.8837,-0.1647,0.2623 
2013-01-02,-11.2414,-7.3066,0.0158 
2013-01-03,-11.4205,-3.7731,0.0109 
2013-01-04,-9.0671,-3.4220,0.0313 
2013-01-05,-8.4955,-1.8855,0.0464 
2013-01-06,-1.6877,0.4196,0.2553 
2013-01-07,-4.3838,-0.1644,0.0635 
2013-01-08,-4.2999,1.1862,0.0000 
2013-01-09,-0.0081,2.8633,0.2043 
2013-01-10,-0.5306,2.6310,0.1008 
2013-01-11,1.8760,14.3228,15.5609 
2013-01-12,8.3222,14.0638,0.0183 
2013-01-13,5.0202,17.5497,49.1563 
2013-01-14,-5.5658,4.7602,4.3249 
2013-01-15,-6.8835,-2.1910,1.9320e-04 
2013-01-16,-4.2173,0.9041,6.1812e-04 
2013-01-17,-2.6945,-0.0435,0.0021 
2013-01-18,-9.1672,1.1397,0.0028 
2013-01-19,1.3369,8.1704,0.0047 
2013-01-20,-7.2665,8.5198,0.2273 
2013-01-21,-10.3359,-5.7601,1.3033 
2013-01-22,-13.8825,-10.7982,0.5348 
2013-01-23,-15.8497,-9.1970,0.1620 
2013-01-24,-15.1814,-8.1469,0.5131 
2013-01-25,-10.6519,-5.4348,2.2301 
2013-01-26,-9.5721,-4.4738,1.0383 
2013-01-27,-8.0288,-1.9171,0.0564 
2013-01-28,-1.6339,11.6530,5.5041 
2013-01-29,6.9679,14.3780,2.5973 
2013-01-30,11.1133,16.8605,8.8793 
2013-01-31,-6.8715,10.5091,2.1747 
2013-02-01,-11.1526,-6.8685,0.5642 
2013-02-02,-13.4986,-3.9578,4.4651 
2013-02-03,-10.3133,-4.0497,0.8070 
2013-02-04,-12.9226,-5.2386,2.8687 
2013-02-05,-8.5924,-3.6791,0.4314 
2013-02-06,-9.0105,-2.4996,0.4437 
2013-02-07,-5.7905,0.5295,0.0417 
2013-02-08,-3.5178,2.5169,3.2739 
2013-02-09,-9.5435,-2.4868,0.0729 
2013-02-10,-5.9010,8.4805,0.0206 
2013-02-11,1.0299,10.5235,0.6303 
2013-02-12,-4.0185,1.8789,0.0035 
2013-02-13,-5.0859,2.8332,0.0079 
2013-02-14,-1.2438,6.8459,0.1103 
2013-02-15,-2.4245,5.3154,0.0287 
2013-02-16,-8.0168,-2.7003,1.2118 
2013-02-17,-10.7668,-5.4909,0.3110 
2013-02-18,-9.1212,6.8596,0.0267 
2013-02-19,-6.7307,7.9924,3.9692 
2013-02-20,-8.4190,-5.0630,0.1582 
2013-02-21,-11.4759,-4.5688,0.1180 
2013-02-22,-7.3475,3.5509,5.1594 
2013-02-23,-4.1072,3.1153,0.2014 
2013-02-24,-8.3789,0.6932,0.0425 
2013-02-25,-2.3720,3.5729,0.0015 
2013-02-26,-3.0035,3.5774,16.6813 
2013-02-27,1.8393,6.7069,16.6398 
2013-02-28,-0.5657,1.6563,2.7835 
2013-03-01,-4.3848,0.6042,0.0228 
2013-03-02,-7.0103,-2.3451,0.3101 
2013-03-03,-8.6145,-2.8178,0.3608 
2013-03-04,-9.1235,0.0779,0.1446 
2013-03-05,-5.8062,0.5462,0.0767 
2013-03-06,-1.8792,1.7263,1.6711 
2013-03-07,-1.7955,0.9035,0.0315 
2013-03-08,-3.9913,2.6249,0.0595 
2013-03-09,0.1901,8.5776,0.0247 
2013-03-10,7.5010,15.0773,0.2196 
2013-03-11,8.7564,14.3542,10.9322 
2013-03-12,-0.1847,7.5153,0.5702 
2013-03-13,-2.2891,2.3719,0.7131 
2013-03-14,-6.6874,3.2102,0.0115 
2013-03-15,-3.8230,6.3591,0.2524 
2013-03-16,-1.4019,5.5954,4.4815 
2013-03-17,-5.9151,-1.0340,0.0566 
2013-03-18,-3.8000,6.7544,1.9361 
2013-03-19,-6.8391,5.5404,0.1384 
2013-03-20,-6.2903,-2.1352,0.0260 
2013-03-21,-10.0186,-0.5287,0.3093 
2013-03-22,-7.0684,2.7673,0.0094 
2013-03-23,-5.1907,3.9848,0.0026 
2013-03-24,-4.0509,3.3427,0.0075 
2013-03-25,-1.0790,0.8576,4.2278 
2013-03-26,-1.6841,3.1705,1.1194 
2013-03-27,-3.6373,6.0040,0.6323 
2013-03-28,-2.1373,8.6967,4.9310e-04 
2013-03-29,1.1443,8.9197,9.9538e-04 
2013-03-30,2.6979,12.1316,4.4517e-04 
2013-03-31,7.2761,14.3380,0.0580 
2013-04-01,0.1143,13.0670,0.1194 
2013-04-02,-5.5912,4.0922,0.0640 
2013-04-03,-3.6245,4.7317,4.1314e-04 
2013-04-04,-3.3693,10.9736,2.0196e-05 
2013-04-05,0.2875,10.5274,2.3366e-05 
2013-04-06,-1.1325,14.4595,0.0033 
2013-04-07,14.1840,18.8558,0.0784 
2013-04-08,5.5591,21.9682,0.2590 
2013-04-09,7.8999,21.4371,0.3154 
2013-04-10,7.6462,18.8494,8.9266 
2013-04-11,4.0703,8.5431,30.4915 
2013-04-12,4.0411,6.7926,17.2767 
2013-04-13,0.0600,5.5549,0.3913 
2013-04-14,2.8498,13.1889,0.0597 
2013-04-15,10.7968,20.3160,0.0083 
2013-04-16,9.2623,19.7731,6.7071 
2013-04-17,6.0203,11.8807,1.8868 
2013-04-18,8.7864,25.5745,1.4929 
2013-04-19,3.4430,25.0171,7.4648 
2013-04-20,0.9340,5.2688,0.3959 
2013-04-21,-0.5047,6.8002,7.3681e-04 
2013-04-22,3.0122,15.2402,5.9966e-04 
2013-04-23,8.3636,21.1599,0.4649 
2013-04-24,1.2973,19.0200,19.4854 
2013-04-25,0.7825,8.3030,0.7407 
2013-04-26,5.1305,13.9755,0.0018 
2013-04-27,10.0159,18.6219,0.0074 
2013-04-28,10.6347,17.5738,10.7033 
2013-04-29,11.3525,18.6629,3.7363 
2013-04-30,11.9190,24.0893,0.0038 
2013-05-01,14.9745,26.8125,8.3495e-05 
2013-05-02,15.6261,26.3210,8.7647e-05 
2013-05-03,18.2038,23.0829,7.0311e-04 
2013-05-04,14.4082,22.0035,2.4458e-05 
2013-05-05,13.2930,18.7658,1.5698e-05 
2013-05-06,12.0122,17.7780,0.0012 
2013-05-07,13.9111,19.0822,0.0049 
2013-05-08,14.1302,21.3963,0.0111 
2013-05-09,17.6089,24.6845,0.1634 
2013-05-10,15.6974,24.4370,5.2812 
2013-05-11,6.2197,16.3410,1.3125 
2013-05-12,3.8027,10.0926,0.2403 
2013-05-13,1.7261,10.7985,0.0622 
2013-05-14,7.2846,24.9215,0.0074 
2013-05-15,19.6893,26.9810,0.1022 
2013-05-16,17.0520,25.8639,0.0265 
2013-05-17,12.7824,25.7770,0.0020 
2013-05-18,14.5354,21.4653,0.0112 
2013-05-19,16.2347,25.5526,0.0368 
2013-05-20,19.1181,30.9549,0.0124 
2013-05-21,21.6043,30.4617,0.0444 
2013-05-22,19.6623,27.0341,1.6308 
2013-05-23,8.2096,24.8776,4.0617 
2013-05-24,4.9320,12.2348,1.1387 
2013-05-25,7.3099,15.7597,1.3177e-05 
2013-05-26,8.7744,16.8112,0.0015 
2013-05-27,11.1502,16.4653,7.4803 
2013-05-28,11.6407,25.5267,13.6906 
2013-05-29,19.9872,28.2673,0.0702 
2013-05-30,22.1069,29.6550,0.0769 
2013-05-31,21.4852,28.6517,4.6077 
2013-06-01,22.5189,26.9851,14.5306 
2013-06-02,17.9825,24.1815,1.7170 
2013-06-03,9.7039,19.1405,0.0042 
2013-06-04,12.6239,18.7235,0.0030 
2013-06-05,12.7543,19.1768,0.0196 
2013-06-06,14.1787,18.5585,0.5310 
2013-06-07,12.8414,19.3479,0.0621 
2013-06-08,13.1007,22.1220,0.0042 
2013-06-09,17.1405,23.6642,0.7301 
2013-06-10,18.6899,22.7906,8.2232 
2013-06-11,17.4550,26.7815,3.1690 
2013-06-12,21.7235,27.2786,1.7996 
2013-06-13,16.9380,22.5763,25.6611 
2013-06-14,13.8231,20.6232,0.0020 
2013-06-15,15.8000,24.7434,0.3441 
2013-06-16,18.0907,25.6638,8.9545 
2013-06-17,19.1787,27.7261,0.0231 
2013-06-18,17.2088,27.3551,0.0418 
2013-06-19,13.1724,20.0268,0.0014 
2013-06-20,15.4239,25.0894,0.0010 
2013-06-21,20.8064,29.5439,5.2241e-04 
2013-06-22,22.0536,32.2188,1.2441 
2013-06-23,22.7223,29.7181,2.7600 
2013-06-24,21.7974,29.7506,0.1474 
2013-06-25,20.2519,30.4591,2.2529 
2013-06-26,18.9255,29.9496,6.1029 
2013-06-27,19.3792,26.9589,14.0419 
2013-06-28,19.0705,26.7627,8.1655 
2013-06-29,18.0450,22.1440,3.8328 
2013-06-30,17.3808,21.3604,0.9033 
2013-07-01,18.2799,21.9078,16.3977 
2013-07-02,19.0846,22.9098,1.9895 
2013-07-03,17.9936,27.0921,2.2297 
2013-07-04,18.3459,24.9044,2.5309 
2013-07-05,18.9555,25.4770,9.4693 
2013-07-06,20.7781,25.4468,16.6387 
2013-07-07,18.8791,25.7853,4.0004 
2013-07-08,20.6315,29.7825,4.0994 
2013-07-09,20.4992,27.9580,26.9529 
2013-07-10,20.8541,28.6400,22.9359 
2013-07-11,17.9995,23.1191,0.0267 
2013-07-12,16.9763,23.5333,1.9631e-04 
2013-07-13,19.5622,25.5208,6.9706e-04 
2013-07-14,21.0431,27.7735,0.1656 
2013-07-15,24.7487,30.8427,0.0969 
2013-07-16,26.0470,31.5775,0.7255 
2013-07-17,26.5982,31.6260,0.5434 
2013-07-18,26.6496,32.3753,0.0742 
2013-07-19,24.4005,32.2876,0.3877 
2013-07-20,22.4939,31.4844,28.1440 
2013-07-21,21.2608,27.1993,0.5957 
2013-07-22,19.7170,26.3072,7.3180 
2013-07-23,19.5862,27.8163,0.6749 
2013-07-24,15.4736,22.8214,0.0121 
2013-07-25,16.4199,21.6453,0.0064 
2013-07-26,18.2198,25.1033,0.0061 
2013-07-27,17.3412,24.7003,7.1932 
2013-07-28,11.2324,18.4289,1.3152 
2013-07-29,12.8356,21.6543,0.0550 
2013-07-30,15.9766,23.8828,0.0033 
2013-07-31,20.6331,25.0689,0.5692 
2013-08-01,16.7107,24.2470,3.0889 
2013-08-02,16.4652,23.6322,7.9312 
2013-08-03,17.7175,23.6954,4.8164 
2013-08-04,15.0913,23.1798,0.0324 
2013-08-05,17.3721,23.1553,0.0339 
2013-08-06,18.2698,26.3944,0.3760 
2013-08-07,20.4974,29.0833,16.4632 
2013-08-08,18.8135,28.3854,1.2616 
2013-08-09,18.3541,24.9212,0.0929 
2013-08-10,20.3782,24.5147,0.0497 
2013-08-11,18.8308,24.1688,0.1129 
2013-08-12,17.5185,26.6834,0.3612 
2013-08-13,16.0279,24.4167,0.7193 
2013-08-14,10.5797,19.1784,5.6526e-04 
2013-08-15,14.8317,21.2874,1.4493e-04 
2013-08-16,16.9829,22.7603,0.0071 
2013-08-17,18.6573,23.5641,9.2352e-04 
2013-08-18,19.2303,25.0088,0.0089 
2013-08-19,19.1501,26.7441,0.0047 
2013-08-20,20.0300,28.5474,0.0023 
2013-08-21,21.0933,28.2274,0.2374 
2013-08-22,21.0285,28.2024,3.3850 
2013-08-23,20.5050,26.9554,0.6212 
2013-08-24,19.2093,25.5464,0.0046 
2013-08-25,19.1369,29.0761,1.5487e-04 
2013-08-26,20.9883,31.6002,0.0022 
2013-08-27,21.6070,30.6810,6.7047 
2013-08-28,22.4606,30.3310,9.3653 
2013-08-29,19.9552,27.1648,0.0445 
2013-08-30,23.0828,28.4087,0.0166 
2013-08-31,21.4479,27.7100,3.8988 
2013-09-01,19.9928,27.4152,0.2434 
2013-09-02,20.1856,27.0593,0.8245 
2013-09-03,12.3194,22.0148,0.0075 
2013-09-04,16.3491,25.2033,0.0099 
2013-09-05,16.1303,24.0220,0.0010 
2013-09-06,14.4714,22.2074,0.0084 
2013-09-07,17.8170,28.3385,0.0122 
2013-09-08,19.0172,26.4226,0.0125 
2013-09-09,15.7601,29.4048,2.0757 
2013-09-10,24.2115,32.2391,0.0217 
2013-09-11,24.6254,31.8396,0.4489 
2013-09-12,18.7769,29.8496,8.1148 
2013-09-13,11.1042,20.8147,2.3945 
2013-09-14,9.6942,18.2843,0.0137 
2013-09-15,12.4491,19.6757,0.2356 
2013-09-16,10.5237,17.6540,2.3916 
2013-09-17,11.3852,19.5886,0.0255 
2013-09-18,14.0759,23.7947,0.0076 
2013-09-19,16.1496,27.5284,0.2684 
2013-09-20,20.4096,26.9117,3.5414 
2013-09-21,16.0629,22.1420,23.1978 
2013-09-22,8.7613,16.6166,0.0015 
2013-09-23,10.5019,14.8144,0.0013 
2013-09-24,9.9410,16.8198,0.0011 
2013-09-25,13.2254,18.2380,0.0474 
2013-09-26,14.7167,20.0208,0.3215 
2013-09-27,15.2563,20.0757,0.0977 
2013-09-28,14.5774,23.2887,0.1436 
2013-09-29,16.1162,21.9567,3.0298 
2013-09-30,14.6637,19.7916,1.0441 
2013-10-01,15.6352,23.2301,0.0744 
2013-10-02,15.9995,23.4800,5.8975e-04 
2013-10-03,19.2023,24.3000,0.1160 
2013-10-04,19.8325,26.4441,12.6118 
2013-10-05,19.4946,25.2326,12.8086 
2013-10-06,14.7881,23.1964,18.4113 
2013-10-07,6.1809,14.1541,2.3172 
2013-10-08,10.5398,16.7517,0.0090 
2013-10-09,12.0585,18.2053,0.0063 
2013-10-10,11.8046,18.2912,2.0662e-04 
2013-10-11,13.7597,19.7144,0.0194 
2013-10-12,14.6664,22.3603,0.0754 
2013-10-13,13.6001,21.5578,0.0025 
2013-10-14,10.4350,15.9941,0.0083 
2013-10-15,10.7863,20.5653,0.2326 
2013-10-16,14.1167,20.0844,4.7494 
2013-10-17,7.2088,13.3173,1.9114 
2013-10-18,4.7631,15.3163,0.1328 
2013-10-19,5.1984,13.3131,6.6546 
2013-10-20,3.4051,13.3098,0.0832 
2013-10-21,9.1280,12.6657,0.7465 
2013-10-22,0.7902,10.0056,0.2196 
2013-10-23,2.4791,6.9616,0.2971 
2013-10-24,-2.6465,6.0993,0.2124 
2013-10-25,-1.2600,7.2520,0.0891 
2013-10-26,1.9026,9.3579,0.0806 
2013-10-27,2.7583,10.3169,0.0553 
2013-10-28,5.5337,10.8062,0.0342 
2013-10-29,5.4341,12.0548,9.3550e-05 
2013-10-30,8.8156,17.7107,0.0599 
2013-10-31,15.2588,17.5373,12.5663 
2013-11-01,7.4438,18.3252,17.1515 
2013-11-02,5.1084,8.7591,3.1337 
2013-11-03,2.3088,6.4112,0.5622 
2013-11-04,0.3914,8.3305,0.0179 
2013-11-05,8.2648,14.4971,0.0055 
2013-11-06,9.6541,13.9144,2.3382 
2013-11-07,2.9668,13.6202,2.1292 
2013-11-08,-0.1810,5.6216,0.2066 
2013-11-09,2.5394,13.0731,0.0018 
2013-11-10,4.2784,12.9507,0.0053 
2013-11-11,1.1773,8.3242,3.0199 
2013-11-12,-4.3158,1.7547,3.8188 
2013-11-13,-8.5781,-0.2375,0.0458 
2013-11-14,-1.5040,5.7881,3.9808e-06 
2013-11-15,3.1016,7.9983,1.7959e-04 
2013-11-16,2.9867,12.9582,0.0178 
2013-11-17,12.8642,17.7992,5.4720 
2013-11-18,2.0447,15.7867,7.6006 
2013-11-19,-2.5963,2.5291,7.7094e-09 
2013-11-20,-2.1622,6.5612,0.0023 
2013-11-21,4.6121,8.5830,4.4907 
2013-11-22,2.0551,8.4645,5.2773 
2013-11-23,-4.5911,1.3365,0.1372 
2013-11-24,-9.9204,-4.7164,0.0566 
2013-11-25,-8.3695,-0.0359,0.0591 
2013-11-26,-1.1595,1.0994,0.4238 
2013-11-27,-6.7093,0.6663,0.1608 
2013-11-28,-7.9065,-1.3428,0.2116 
2013-11-29,-4.4414,0.1438,0.0332 
2013-11-30,-4.5471,6.5131,0.0145 
2013-12-01,0.5351,6.9545,0.0124 
2013-12-02,-1.0032,5.3744,0.0340 
2013-12-03,-0.0567,9.2778,0.4249 
2013-12-04,5.5513,13.4751,0.0724 
2013-12-05,1.6327,16.4300,0.2369 
2013-12-06,-3.5363,1.1184,0.3850 
2013-12-07,-8.6717,-3.7870,0.0558 
2013-12-08,-7.0531,-3.2055,0.8383 
2013-12-09,-4.0907,0.3017,0.8758 
2013-12-10,-12.0266,-4.5189,0.0540 
2013-12-11,-11.5858,-6.0895,0.9380 
2013-12-12,-15.0500,-6.4471,0.0912 
2013-12-13,-11.0515,-4.1604,0.0000 
2013-12-14,-5.8722,0.1558,10.7640 
2013-12-15,-8.6902,0.0734,2.1103 
2013-12-16,-13.6284,-9.1528,0.0487 
2013-12-17,-9.6836,-4.3520,2.3740 
2013-12-18,-8.1224,-3.1110,0.1122 
2013-12-19,-6.2328,2.8595,0.5898 
2013-12-20,2.6701,11.3605,4.2119 
2013-12-21,1.3227,13.1743,25.0736 
2013-12-22,0.8046,9.8972,49.7332 
2013-12-23,-2.8619,3.5389,0.2652 
2013-12-24,-14.0731,-3.5675,0.2803 
2013-12-25,-10.0167,-4.0470,0.6671 
2013-12-26,-3.9747,-2.9990,1.0996 
2013-12-27,-4.9019,2.2109,0.0720 
2013-12-28,1.4483,7.5586,1.0884e-04 
2013-12-29,1.7732,6.0024,0.1620 
2013-12-30,-10.8250,0.5486,0.3024 
2013-12-31,-9.5618,-6.0633,0.8261 
2014-01-01,-8.7650,-7.7558,7.7370 
2014-01-02,-11.9347,-7.7007,8.4530 
2014-01-03,-20.2240,-11.2050,0.1637 
2014-01-04,-17.1375,-2.1570,0.0107 
2014-01-05,-2.9738,-0.4835,9.9106 
2014-01-06,-23.4290,-1.0078,10.8518 
2014-01-07,-25.7626,-19.2705,6.2199e-04 
2014-01-08,-19.2503,-9.6747,0.0967 
2014-01-09,-13.3011,-6.3543,0.1519 
2014-01-10,-5.3983,3.0116,0.9010 
2014-01-11,0.7060,5.7656,15.2044 
2014-01-12,-2.1680,3.5620,0.0419 
2014-01-13,3.3405,8.1962,0.1997 
2014-01-14,-3.9217,7.1321,0.1083 
2014-01-15,-5.3028,2.6852,0.3803 
2014-01-16,-9.1536,-2.3501,2.3318 
2014-01-17,-5.9730,-0.2807,2.3097 
2014-01-18,-13.3994,-7.3035,0.3470 
2014-01-19,-11.2359,-4.4780,0.9756 
2014-01-20,-5.0310,0.7791,0.0801 
2014-01-21,-14.2544,-5.6129,0.9619 
2014-01-22,-18.3347,-13.4365,0.4720 
2014-01-23,-15.6225,-10.8738,0.9638 
2014-01-24,-22.5599,-11.4448,0.0418 
2014-01-25,-10.5406,-1.9992,7.3026 
2014-01-26,-16.7086,-1.2130,3.3466 
2014-01-27,-16.4114,-1.8940,1.2800 
2014-01-28,-25.5105,-17.0067,0.0146 
2014-01-29,-24.1259,-12.2201,3.8087e-04 
2014-01-30,-13.3907,-4.8827,0.0000 
2014-01-31,-4.2509,-1.5770,0.4620 
2014-02-01,-2.4732,2.0411,12.6941 
2014-02-02,-5.0358,2.3158,8.4784 
2014-02-03,-11.3710,-4.5684,0.0034 
2014-02-04,-10.1122,-6.0951,0.0621 
2014-02-05,-7.3687,-5.5032,15.1588 
2014-02-06,-13.5125,-7.6355,0.4104 
2014-02-07,-20.7453,-13.0918,0.0790 
2014-02-08,-19.8391,-11.0029,0.3473 
2014-02-09,-11.2506,-7.1894,4.1225 
2014-02-10,-13.0075,-7.7364,0.0659 
2014-02-11,-14.7646,-11.8550,0.0568 
2014-02-12,-14.9328,-9.4650,0.1864 
2014-02-13,-12.4341,-6.1567,0.0396 
2014-02-14,-8.3619,-5.0624,0.1574 
2014-02-15,-12.6841,-5.9651,0.1197 
2014-02-16,-10.4602,-5.8350,1.4128 
2014-02-17,-15.3837,-3.2204,0.6141 
2014-02-18,-4.6554,1.9710,12.7801 
2014-02-19,0.4898,3.8642,0.0018 
2014-02-20,-1.7370,7.3365,11.9894 
2014-02-21,-0.1773,9.7448,5.2646 
2014-02-22,-1.2724,1.3995,0.2571 
2014-02-23,-6.2514,-0.0347,0.3040 
2014-02-24,-11.3275,-5.2442,0.0027 
2014-02-25,-9.8744,-5.4845,0.1185 
2014-02-26,-12.6291,-6.5322,0.1378 
2014-02-27,-12.9710,-10.0747,0.2521 
2014-02-28,-18.3182,-4.2286,0.0083 
2014-03-01,-6.0999,1.3020,0.2038 
2014-03-02,-12.7320,-2.4760,6.2341 
2014-03-03,-19.0377,-11.3598,0.0999 
2014-03-04,-16.3234,-8.4937,0.0190 
2014-03-05,-10.5101,-6.8327,0.2577 
2014-03-06,-11.0979,-1.2264,0.0576 
2014-03-07,-3.8701,3.3742,0.0035 
2014-03-08,-1.0850,4.2819,2.2583 
2014-03-09,-8.3369,1.8290,0.0227 
2014-03-10,1.6394,11.1168,0.1723 
2014-03-11,4.6147,10.4076,0.0488 
2014-03-12,-8.6721,7.1508,22.7882 
2014-03-13,-17.7272,-7.7923,0.0397 
2014-03-14,-7.7236,4.9198,0.0767 
2014-03-15,-1.7624,4.5910,0.0804 
2014-03-16,-11.6727,0.9243,0.0540 
2014-03-17,-12.3429,-1.8796,4.8987e-05 
2014-03-18,-5.0737,10.0490,0.0000 
2014-03-19,3.7613,10.1317,0.8420 
2014-03-20,-0.9413,5.6668,0.3092 
2014-03-21,-1.3499,10.7213,0.0927 
2014-03-22,2.5003,13.0640,0.1897 
2014-03-23,-8.2620,4.3327,0.0090 
2014-03-24,-9.2454,-0.5456,0.0390 
2014-03-25,-6.2935,-0.7564,0.3259 
2014-03-26,-9.1708,0.3972,0.0243 
2014-03-27,-4.5728,8.3892,0.5203 
2014-03-28,8.1388,12.7826,0.8517 
2014-03-29,-1.8327,7.7156,2.8069 
2014-03-30,-4.8266,7.0190,0.2161 
2014-03-31,3.7574,13.1625,2.1356e-04 
2014-04-01,8.7959,14.7136,0.1018 
2014-04-02,4.1463,10.7830,0.0040 
2014-04-03,0.7037,9.0715,29.4868 
2014-04-04,3.3380,16.0232,6.4485 
2014-04-05,-1.5208,7.4449,0.6836 
2014-04-06,3.2751,10.6249,2.0360e-07 
2014-04-07,3.7916,9.7237,7.1895 
2014-04-08,4.6956,12.8008,11.0951 
2014-04-09,1.8379,11.5044,0.0502 
2014-04-10,7.3189,18.6454,0.0555 
2014-04-11,11.3724,17.9321,2.7243 
2014-04-12,11.0929,22.0253,0.0060 
2014-04-13,17.5458,24.5171,0.0192 
2014-04-14,13.0306,24.1656,5.6078 
2014-04-15,-4.7330,12.4762,12.9291 
2014-04-16,-3.9063,5.6971,0.0368 
2014-04-17,0.4893,16.4562,5.3359e-05 
2014-04-18,9.3089,17.0470,5.9955e-04 
2014-04-19,2.1158,15.5412,1.7637e-04 
2014-04-20,4.2591,19.8270,0.0026 
2014-04-21,15.6648,23.4487,0.0020 
2014-04-22,11.8903,23.3840,0.0414 
2014-04-23,1.6813,11.8833,0.0153 
2014-04-24,4.0418,12.4480,0.0350 
2014-04-25,7.6758,14.6563,5.5785 
2014-04-26,8.7190,14.4679,0.0015 
2014-04-27,2.5341,12.3373,0.0014 
2014-04-28,7.3221,11.8654,4.9529 
2014-04-29,10.7802,21.0692,8.3488 
2014-04-30,11.9022,17.5696,8.8813 
2014-05-01,7.0285,17.3774,0.0098 
2014-05-02,7.8740,14.5247,0.0752 
2014-05-03,8.2203,15.6532,0.8824 
2014-05-04,9.4215,14.7328,0.2500 
2014-05-05,6.3127,13.2200,0.0086 
2014-05-06,6.8654,13.4288,0.0073 
2014-05-07,9.4491,22.0970,3.8950 
2014-05-08,18.1733,29.0250,0.3431 
2014-05-09,20.2149,28.7430,0.8276 
2014-05-10,14.5610,22.0580,1.1208 
2014-05-11,14.7781,25.1192,0.2192 
2014-05-12,19.7607,26.5276,9.6224 
2014-05-13,20.7089,27.2475,2.7230 
2014-05-14,12.7620,26.4390,11.8285 
2014-05-15,10.3075,17.0109,16.6336 
2014-05-16,1.2462,10.7232,0.2171 
2014-05-17,5.2245,11.4888,1.2465 
2014-05-18,6.7959,16.0050,0.0691 
2014-05-19,11.8043,18.6534,0.0027 
2014-05-20,14.0507,25.4037,1.2306 
2014-05-21,16.7535,26.9285,4.1171 
2014-05-22,16.5528,26.5481,0.7199 
2014-05-23,11.3998,21.3039,1.3621e-04 
2014-05-24,13.5070,22.3066,1.6757e-04 
2014-05-25,19.2060,25.4634,1.1642e-05 
2014-05-26,20.5579,28.5174,9.2261e-04 
2014-05-27,21.4527,28.4716,1.2523 
2014-05-28,19.8941,27.0817,4.4744 
2014-05-29,14.8664,19.8150,0.2738 
2014-05-30,14.7096,22.0192,9.0342e-04 
2014-05-31,18.2495,23.4310,5.8691e-06 
2014-06-01,17.2490,27.9689,0.0029 
2014-06-02,23.2010,29.0968,0.1886 
2014-06-03,20.4620,26.5797,0.9026 
2014-06-04,14.0958,25.5548,17.0459 
2014-06-05,13.3815,20.6787,0.3917 
2014-06-06,15.8443,23.3663,4.0353e-05 
2014-06-07,20.1888,24.7915,0.1277 
2014-06-08,15.1439,24.0761,7.5434 
2014-06-09,14.2288,21.9706,0.0222 
2014-06-10,18.4477,21.5909,0.2140 
2014-06-11,18.2716,23.9707,4.1104 
2014-06-12,18.0662,24.5857,0.1978 
2014-06-13,16.0539,24.9381,0.3337 
2014-06-14,13.0434,21.2078,0.0011 
2014-06-15,15.1825,27.3761,0.0019 
2014-06-16,22.4368,28.5414,0.0634 
2014-06-17,24.1777,31.0386,0.0261 
2014-06-18,23.8028,30.8464,4.6655 
2014-06-19,19.4583,30.4569,28.0639 
2014-06-20,17.5053,23.8886,9.2140 
2014-06-21,16.7344,23.0206,2.0477 
2014-06-22,19.6029,25.0484,0.3605 
2014-06-23,21.4665,30.4062,8.4404 
2014-06-24,20.4654,29.9589,7.5061 
2014-06-25,18.9650,25.0060,10.4466 
2014-06-26,17.2446,23.8609,4.2024 
2014-06-27,19.8278,25.8505,0.0016 
2014-06-28,21.2697,28.9160,0.0129 
2014-06-29,22.0953,27.8587,2.0134 
2014-06-30,22.0620,28.7219,0.3776 
2014-07-01,23.1948,28.7836,1.0649 
2014-07-02,19.0435,27.7591,0.0292 
2014-07-03,14.2616,22.9682,9.2279e-05 
2014-07-04,15.5322,22.2336,1.5002e-04 
2014-07-05,18.3201,23.3725,7.5222e-06 
2014-07-06,18.9701,27.5868,1.2970e-04 
2014-07-07,22.6514,27.3782,0.1744 
2014-07-08,19.3473,25.4443,14.5584 
2014-07-09,17.1202,23.5039,1.4789 
2014-07-10,17.4128,23.4375,0.0265 
2014-07-11,18.7585,25.9638,0.0048 
2014-07-12,21.8887,28.7345,0.0786 
2014-07-13,23.1219,28.2485,0.7606 
2014-07-14,20.2957,27.8843,0.1813 
2014-07-15,15.3187,19.5269,0.2629 
2014-07-16,12.0968,19.9208,0.0269 
2014-07-17,14.4486,22.6717,0.0338 
2014-07-18,18.7395,23.8782,0.0198 
2014-07-19,17.3461,23.5616,2.0418 
2014-07-20,17.6176,25.0424,0.2055 
2014-07-21,20.3102,28.2119,0.0155 
2014-07-22,23.4699,31.7731,0.0028 
2014-07-23,20.9241,31.3764,11.6095 
2014-07-24,15.0780,22.5231,0.0104 
2014-07-25,17.4660,24.9665,0.0144 
2014-07-26,18.8242,26.4598,0.0767 
2014-07-27,18.9281,25.8317,0.6267 
2014-07-28,16.5155,18.8310,0.3183 
2014-07-29,13.4567,20.9817,0.0024 
2014-07-30,15.1807,22.7106,2.3418 
2014-07-31,16.1096,25.3678,1.0176 
2014-08-01,20.7022,25.7357,0.2900 
2014-08-02,17.5428,24.9402,2.9627 
2014-08-03,18.6776,26.4279,0.8201 
2014-08-04,21.4983,27.9988,0.0989 
2014-08-05,19.9094,27.0219,0.7627 
2014-08-06,17.8610,24.0283,2.1559 
2014-08-07,18.8792,25.6569,5.3532e-04 
2014-08-08,19.3723,25.0839,5.6237e-05 
2014-08-09,18.6554,24.2310,3.8635e-06 
2014-08-10,19.6210,27.2121,0.0156 
2014-08-11,19.1604,26.1128,58.9561 
2014-08-12,19.0709,22.2827,1.8214 
2014-08-13,14.1328,22.7426,0.7988 
2014-08-14,13.1436,22.2457,0.0326 
2014-08-15,11.8668,22.3637,0.0723 
2014-08-16,15.4596,27.7297,0.0098 
2014-08-17,18.7343,27.1519,0.4118 
2014-08-18,18.5863,23.8272,0.0142 
2014-08-19,19.1619,28.1610,2.4029 
2014-08-20,19.1013,28.4862,5.1477 
2014-08-21,20.6581,28.5561,0.1633 
2014-08-22,20.6363,28.2889,0.9417 
2014-08-23,20.5512,25.8619,0.1289 
2014-08-24,19.6858,25.0047,0.0258 
2014-08-25,20.5324,28.1146,0.1275 
2014-08-26,22.1870,31.4874,0.1214 
2014-08-27,19.3562,30.8809,0.0945 
2014-08-28,17.1719,22.9973,0.0038 
2014-08-29,15.9535,26.2433,0.0056 
2014-08-30,22.0873,28.8056,0.0479 
2014-08-31,20.2682,26.9379,0.0150 
2014-09-01,21.0393,26.5118,0.8467 
2014-09-02,18.8374,25.3386,7.3594 
2014-09-03,19.6583,25.3571,0.0894 
2014-09-04,20.3870,28.6889,0.0118 
2014-09-05,21.6255,29.8542,0.3227 
2014-09-06,17.2053,28.8468,19.4301 
2014-09-07,17.0315,21.7407,0.0828 
2014-09-08,17.0426,23.8469,0.0438 
2014-09-09,17.3305,26.2448,0.1607 
2014-09-10,18.9030,25.4268,52.4308 
2014-09-11,13.6092,23.1681,19.2951 
2014-09-12,11.0237,17.2457,0.0826 
2014-09-13,10.7548,15.6353,0.9944 
2014-09-14,10.4303,17.0905,0.0097 
2014-09-15,13.0695,18.8564,3.9464 
2014-09-16,9.7113,16.9069,4.7140 
2014-09-17,11.5495,17.3134,0.0259 
2014-09-18,13.1548,17.7649,0.0046 
2014-09-19,12.2218,19.1916,0.0232 
2014-09-20,14.9493,24.1811,0.1781 
2014-09-21,15.0854,22.7186,17.0094 
2014-09-22,5.7938,14.8736,0.4252 
2014-09-23,11.2712,18.5024,0.0000 
2014-09-24,13.9797,21.4862,0.0000 
2014-09-25,12.7370,20.8646,0.0024 
2014-09-26,15.7175,21.4065,0.0068 
2014-09-27,16.3973,21.4621,0.0056 
2014-09-28,16.7349,21.9203,0.0000 
2014-09-29,17.1833,22.9186,4.3389e-04 
2014-09-30,12.0910,22.1724,4.7265 
2014-10-01,12.4392,18.2880,0.0253 
2014-10-02,12.7628,26.7509,0.6104 
2014-10-03,14.5528,25.3236,8.2765 
2014-10-04,3.6833,14.1025,4.2650 
2014-10-05,3.8611,11.7476,0.1081 
2014-10-06,9.1836,14.7341,3.4283 
2014-10-07,9.0703,14.3917,4.5945 
2014-10-08,8.9024,14.1309,0.5189 
2014-10-09,7.9437,13.3944,0.0109 
2014-10-10,7.0036,12.3690,4.0023e-06 
2014-10-11,8.1256,11.9832,5.4718e-04 
2014-10-12,5.4831,17.6042,4.0034e-06 
2014-10-13,13.9943,22.9917,2.9447 
2014-10-14,18.1489,22.5426,8.6570 
2014-10-15,13.3673,18.1620,2.7869 
2014-10-16,11.8721,16.4142,2.8271 
2014-10-17,9.6514,17.1096,0.7071 
2014-10-18,7.5183,14.7006,0.3207 
2014-10-19,2.3990,9.6317,0.0399 
2014-10-20,8.5267,13.4023,3.1021 
2014-10-21,6.7817,13.1417,0.5015 
2014-10-22,5.8297,10.8805,0.0639 
2014-10-23,5.9693,12.0937,0.0046 
2014-10-24,8.9277,15.4533,0.0011 
2014-10-25,10.6232,19.1366,0.0053 
2014-10-26,6.6492,14.7994,0.0014 
2014-10-27,8.0442,23.5882,0.0254 
2014-10-28,15.1982,23.1040,1.9422 
2014-10-29,6.8213,14.0987,4.7731e-04 
2014-10-30,3.2417,9.2009,0.0014 
2014-10-31,5.3029,8.7890,4.5317 
2014-11-01,3.1410,4.7351,4.3597 
2014-11-02,-2.4574,5.9291,0.0287 
2014-11-03,1.7662,13.3263,0.0194 
2014-11-04,11.1877,14.7658,1.0779 
2014-11-05,4.6835,12.9496,0.9316 
2014-11-06,6.5479,11.5503,5.1714 
2014-11-07,-0.9569,7.5401,2.1982 
2014-11-08,0.8104,8.0215,0.1938 
2014-11-09,1.8721,8.0787,0.0559 
2014-11-10,5.7260,14.8027,0.0060 
2014-11-11,11.3090,18.1669,0.6512 
2014-11-12,-0.0410,10.3370,0.3467 
2014-11-13,-3.2581,0.8215,0.3246 
2014-11-14,-8.9833,-0.5317,0.0161 
2014-11-15,-7.4027,-1.2808,0.1050 
2014-11-16,-3.3059,0.3189,0.9819 
2014-11-17,-7.9339,-0.4597,4.8608 
2014-11-18,-13.2705,-8.1967,0.1388 
2014-11-19,-14.1676,0.1891,0.3377 
2014-11-20,-9.2268,-1.1902,0.0251 
2014-11-21,-10.3994,-5.9001,0.0758 
2014-11-22,-9.5393,5.6359,4.7924 
2014-11-23,6.3907,11.5944,2.8051 
2014-11-24,2.9437,14.3573,17.2262 
2014-11-25,-2.0727,2.2491,0.0745 
2014-11-26,-3.5327,1.3176,0.0748 
2014-11-27,-2.9472,0.3043,0.1573 
2014-11-28,-7.1741,-1.4076,0.3146 
2014-11-29,-2.2493,8.2311,0.1887 
2014-11-30,8.4759,15.3569,0.3412 
2014-12-01,-2.9391,13.6668,1.4807 
2014-12-02,-3.8576,1.8768,0.2217 
2014-12-03,-4.3518,3.1107,0.0058 
2014-12-04,-3.6025,0.8678,0.0069 
2014-12-05,-1.0502,4.6046,0.4659 
2014-12-06,0.6720,4.0053,4.3739 
2014-12-07,-2.6138,2.3224,0.0129 
2014-12-08,-0.7666,5.0826,0.0048 
2014-12-09,1.2867,5.1269,2.2162 
2014-12-10,-0.9420,2.6636,0.1721 
2014-12-11,-7.8468,2.6750,0.0045 
2014-12-12,-4.5465,4.3115,0.0034 
2014-12-13,-3.9831,7.0361,0.0271 
2014-12-14,3.0266,10.2119,0.0299 
2014-12-15,4.1986,9.8377,0.0411 
2014-12-16,5.6780,8.8025,8.9576 
2014-12-17,-1.3845,7.5890,0.3154 
2014-12-18,-6.2453,-0.4549,0.0360 
2014-12-19,-3.7381,-0.5968,0.0441 
2014-12-20,-4.2668,-0.5999,0.0396 
2014-12-21,-4.5046,0.7926,0.0199 
2014-12-22,-3.1379,6.3552,0.0000 
2014-12-23,3.4369,11.9170,1.1759 
2014-12-24,6.6145,12.2835,8.6546 
2014-12-25,2.0981,5.8338,0.7519 
2014-12-26,0.4472,7.1616,0.0053 
2014-12-27,3.7393,10.2945,0.2485 
2014-12-28,-0.4795,8.8725,2.2272 
2014-12-29,-4.0811,0.0927,0.0000 
2014-12-30,-8.1155,-2.1765,0.0430 
2014-12-31,-11.0826,-5.5201,0.0399 
2015-01-01,-8.7603,-8.1034,2.9833e-06 
