Meteorological forcing data for the Large Basin Runoff Model.      
eri, 13,   <- lake basin, subbasin            
yyyy-mm-dd, Tmin(C), Tmax(C), Prec(mm)                             
2010-01-01,-5.5013,-3.1039,0.5406 
2010-01-02,-9.7880,-5.0557,1.9480 
2010-01-03,-10.8354,-6.2048,3.4669 
2010-01-04,-6.8041,-5.3176,3.5020 
2010-01-05,-5.6825,-4.5107,4.0284 
2010-01-06,-4.6175,-2.9668,3.0695 
2010-01-07,-4.9033,-3.3765,0.8032 
2010-01-08,-6.2262,-4.6021,3.8014 
2010-01-09,-8.1979,-5.7566,0.4978 
2010-01-10,-8.8434,-5.0788,0.1952 
2010-01-11,-9.9027,-5.7663,1.2343 
2010-01-12,-6.8350,-4.5710,0.6828 
2010-01-13,-6.6132,-0.2378,0.2040 
2010-01-14,-4.8560,4.0618,0.0000 
2010-01-15,0.3201,2.2071,0.1199 
2010-01-16,-0.7785,3.4431,0.0381 
2010-01-17,0.9653,4.9060,0.2586 
2010-01-18,-2.2503,3.0152,0.0349 
2010-01-19,-2.3903,-0.8057,0.1993 
2010-01-20,-3.9852,-1.5933,0.2208 
2010-01-21,-6.9302,3.7555,0.0017 
2010-01-22,0.4173,4.6831,1.5674 
2010-01-23,-2.7439,5.3603,0.0128 
2010-01-24,1.9665,6.6075,8.2216 
2010-01-25,0.7864,8.0847,21.3621 
2010-01-26,-4.2913,1.1764,5.2923 
2010-01-27,-8.1044,-2.9338,0.9203 
2010-01-28,-10.3001,-2.0181,2.9162 
2010-01-29,-11.7604,-9.4957,0.2851 
2010-01-30,-11.9558,-8.5014,0.1352 
2010-01-31,-12.4049,-4.6869,0.0303 
2010-02-01,-8.3379,-4.4677,0.1853 
2010-02-02,-6.8485,-0.9252,0.1562 
2010-02-03,-3.3753,-0.9887,1.4321 
2010-02-04,-5.6614,1.3652,0.1484 
2010-02-05,-3.6121,1.0196,0.2190 
2010-02-06,-6.4320,0.0704,1.7754 
2010-02-07,-7.9730,-4.4887,0.2483 
2010-02-08,-7.4503,-2.7491,0.0093 
2010-02-09,-7.6301,-0.8485,3.7074 
2010-02-10,-7.7460,0.2697,11.7999 
2010-02-11,-5.3263,-3.2400,3.2950 
2010-02-12,-7.9136,-3.3305,0.5519 
2010-02-13,-6.3989,-3.4959,0.5767 
2010-02-14,-4.9697,-2.1378,1.2485 
2010-02-15,-8.2819,0.2448,0.2365 
2010-02-16,-5.3184,-2.4603,5.2344 
2010-02-17,-4.8823,-1.8214,1.0366 
2010-02-18,-2.5970,-1.3595,0.7769 
2010-02-19,-3.9721,0.1037,0.0908 
2010-02-20,-6.1641,0.8684,0.0035 
2010-02-21,-3.8108,3.6945,0.0053 
2010-02-22,-0.5823,4.4423,6.8076 
2010-02-23,-1.8327,3.5054,0.7331 
2010-02-24,-3.5495,1.2354,1.0165 
2010-02-25,-5.8193,-0.9145,1.6368 
2010-02-26,-6.6131,-2.8963,7.0457 
2010-02-27,-2.9076,-0.1057,6.2933 
2010-02-28,-1.7601,1.3100,4.4691 
2010-03-01,-1.8145,1.2075,0.3826 
2010-03-02,-5.3464,1.1172,0.1570 
2010-03-03,-5.0593,0.8840,0.0525 
2010-03-04,-5.4303,0.5028,0.0421 
2010-03-05,-6.3752,1.2987,0.0064 
2010-03-06,-7.7227,1.9904,0.0039 
2010-03-07,-2.5045,4.9047,0.0018 
2010-03-08,0.1781,6.4740,0.0000 
2010-03-09,2.8828,9.7468,0.0041 
2010-03-10,3.0241,13.2340,0.2365 
2010-03-11,5.7529,11.4234,0.0013 
2010-03-12,5.7410,13.0992,1.1171 
2010-03-13,2.1138,6.7841,6.8003 
2010-03-14,0.7798,3.3552,9.9635 
2010-03-15,0.6082,3.0933,0.4739 
2010-03-16,0.7515,7.7511,0.0061 
2010-03-17,4.7020,10.1849,0.0000 
2010-03-18,5.6880,11.8885,1.5800e-05 
2010-03-19,5.0047,13.9308,1.2132e-04 
2010-03-20,3.2644,13.2530,3.5831e-05 
2010-03-21,-0.8264,6.9486,0.2611 
2010-03-22,1.6962,5.1935,12.0476 
2010-03-23,1.3043,4.5612,8.6097 
2010-03-24,-0.4245,8.2086,1.2161e-05 
2010-03-25,0.7535,7.4511,14.1820 
2010-03-26,-4.2447,0.2664,3.3377 
2010-03-27,-6.2499,8.0906,3.8091e-04 
2010-03-28,4.1176,8.2179,5.7114 
2010-03-29,3.6974,9.3154,2.3144 
2010-03-30,-0.6875,6.6398,0.0140 
2010-03-31,5.0119,17.2223,0.0070 
2010-04-01,10.5450,23.9276,1.8630e-06 
2010-04-02,16.0036,27.3566,2.2017e-06 
2010-04-03,17.0013,26.7007,2.8397e-04 
2010-04-04,10.2505,20.3908,2.0164e-04 
2010-04-05,14.6618,21.8580,0.0588 
2010-04-06,16.0074,26.5932,0.1065 
2010-04-07,20.9880,25.7062,0.0356 
2010-04-08,8.4300,24.6361,5.9061 
2010-04-09,0.9866,7.3665,0.4495 
2010-04-10,1.4539,16.2400,0.1064 
2010-04-11,8.2868,15.7445,0.0063 
2010-04-12,5.7849,13.3611,8.5336e-05 
2010-04-13,5.5506,13.0637,1.2342 
2010-04-14,6.8169,17.6993,1.5939e-04 
2010-04-15,12.7773,25.2036,0.0182 
2010-04-16,16.3711,24.1552,2.7492 
2010-04-17,3.2284,16.4990,0.2709 
2010-04-18,2.4173,8.2374,0.5019 
2010-04-19,2.8503,11.9640,0.0013 
2010-04-20,6.3064,14.7531,0.0000 
2010-04-21,8.3242,15.9240,2.4231e-05 
2010-04-22,3.9181,14.6215,0.0025 
2010-04-23,4.3293,14.9979,3.5700e-08 
2010-04-24,9.0413,16.6322,1.8367 
2010-04-25,12.3927,18.8834,23.1088 
2010-04-26,8.5114,11.7835,10.9948 
2010-04-27,2.7275,10.4753,0.1196 
2010-04-28,1.8136,9.5866,0.0048 
2010-04-29,6.7271,16.8640,0.0044 
2010-04-30,11.4120,25.3584,0.0027 
2010-05-01,16.9453,26.5957,0.0224 
2010-05-02,17.8475,22.8325,0.8155 
2010-05-03,16.4810,21.1576,1.6941 
2010-05-04,12.8622,20.0137,0.5594 
2010-05-05,14.3937,25.7555,0.2437 
2010-05-06,12.0709,16.7706,11.0347 
2010-05-07,9.0448,24.1700,0.1775 
2010-05-08,5.2418,19.9869,10.0449 
2010-05-09,2.5862,6.3524,2.2568 
2010-05-10,3.8533,10.6788,0.0012 
2010-05-11,5.1278,9.9609,14.9520 
2010-05-12,8.1498,13.6962,9.3092 
2010-05-13,5.0097,20.0150,2.3285 
2010-05-14,15.8060,20.5307,9.7335 
2010-05-15,9.9521,16.9812,1.7838e-04 
2010-05-16,7.4596,17.0950,0.0000 
2010-05-17,11.9153,15.7257,1.8449 
2010-05-18,10.4790,17.1048,13.7342 
2010-05-19,6.7345,18.9384,0.1937 
2010-05-20,13.5438,23.6361,0.0028 
2010-05-21,16.7185,23.3233,0.0473 
2010-05-22,15.2218,22.5195,7.2702 
2010-05-23,15.0805,24.6216,2.3755 
2010-05-24,16.0972,26.3174,3.9300e-04 
2010-05-25,17.0537,26.6610,6.4336e-05 
2010-05-26,20.4922,26.9179,0.0102 
2010-05-27,20.2794,27.0435,8.8158e-06 
2010-05-28,17.6527,25.2415,0.0000 
2010-05-29,18.4966,24.7861,0.0052 
2010-05-30,18.0960,27.1290,4.3831e-08 
2010-05-31,21.9713,26.5715,20.1511 
2010-06-01,19.3602,24.2335,10.6324 
2010-06-02,18.1945,26.7713,1.0661 
2010-06-03,16.9865,24.6642,0.2450 
2010-06-04,15.3831,25.6298,0.2765 
2010-06-05,18.0981,25.5358,0.0803 
2010-06-06,15.0312,23.0782,20.4239 
2010-06-07,11.4805,16.7085,4.6608 
2010-06-08,11.2229,19.2186,0.0137 
2010-06-09,13.4846,23.2252,8.8447 
2010-06-10,16.0205,22.8493,0.0469 
2010-06-11,15.6628,26.0216,0.2269 
2010-06-12,21.4261,27.5179,0.0065 
2010-06-13,22.0128,27.2193,0.1889 
2010-06-14,17.8778,24.2609,0.3691 
2010-06-15,18.1772,25.0336,0.3648 
2010-06-16,19.5670,24.3194,0.0432 
2010-06-17,15.3501,23.1006,0.0119 
2010-06-18,17.3188,26.6908,0.0109 
2010-06-19,20.9131,29.8317,6.5920e-04 
2010-06-20,19.2278,26.8085,0.0177 
2010-06-21,17.6971,26.0028,0.0000 
2010-06-22,18.7960,27.1316,4.0876 
2010-06-23,22.7497,30.0684,5.2478 
2010-06-24,22.0406,29.2820,3.4909 
2010-06-25,17.6569,24.0017,0.1064 
2010-06-26,19.2310,26.6292,0.0145 
2010-06-27,19.7373,30.4277,0.1667 
2010-06-28,21.1729,25.6174,5.1247 
2010-06-29,15.9082,24.0905,0.0968 
2010-06-30,14.0946,17.3472,5.5469e-07 
2010-07-01,14.5480,19.0852,0.0157 
2010-07-02,13.9081,22.3888,1.5896e-04 
2010-07-03,17.7267,27.2960,0.0137 
2010-07-04,21.9113,30.1517,0.0000 
2010-07-05,23.5003,30.4269,6.5956e-05 
2010-07-06,26.9493,31.5214,9.2208e-05 
2010-07-07,25.6168,31.0880,0.0011 
2010-07-08,25.9204,31.6083,0.0160 
2010-07-09,19.9297,30.2775,14.0042 
2010-07-10,19.1118,24.9730,0.5356 
2010-07-11,21.3889,27.6057,0.0168 
2010-07-12,20.5609,26.9818,3.6535 
2010-07-13,20.4471,24.7266,7.7967 
2010-07-14,20.3602,26.0842,0.1085 
2010-07-15,21.0780,30.2160,0.3090 
2010-07-16,20.5990,28.8626,1.8058 
2010-07-17,22.4629,30.3220,0.0011 
2010-07-18,20.9574,29.8630,0.0377 
2010-07-19,20.9462,28.8282,4.7135 
2010-07-20,18.2535,24.8923,2.1027 
2010-07-21,19.9469,27.0947,0.2428 
2010-07-22,20.3490,27.3029,0.1076 
2010-07-23,23.8662,31.9842,11.8912 
2010-07-24,26.3623,30.9898,13.9112 
2010-07-25,20.2307,28.7970,10.2473 
2010-07-26,18.6435,24.7881,0.1436 
2010-07-27,19.9585,28.0162,0.0974 
2010-07-28,21.5890,30.1948,0.5858 
2010-07-29,18.6462,24.2739,13.4958 
2010-07-30,18.2189,22.9988,0.0170 
2010-07-31,18.8760,25.1118,0.1137 
2010-08-01,20.2662,26.1451,0.0664 
2010-08-02,18.3755,26.8481,0.0211 
2010-08-03,22.3923,29.0292,0.3113 
2010-08-04,22.3157,28.4636,0.1420 
2010-08-05,22.2441,27.4626,4.3115 
2010-08-06,19.9648,25.2642,1.5409 
2010-08-07,17.5603,23.0205,0.0948 
2010-08-08,19.2847,27.4808,0.0011 
2010-08-09,22.9060,29.1173,5.4541e-04 
2010-08-10,21.8459,27.8971,0.0101 
2010-08-11,22.0540,28.3885,0.1651 
2010-08-12,19.9987,27.6366,14.5711 
2010-08-13,19.9388,27.6717,1.5023e-05 
2010-08-14,21.3521,29.7100,0.3592 
2010-08-15,20.7765,28.0638,1.8113 
2010-08-16,20.9997,27.8120,0.0456 
2010-08-17,20.1507,24.6004,0.0182 
2010-08-18,20.8654,24.9282,0.1016 
2010-08-19,19.3048,26.0214,0.0828 
2010-08-20,19.5396,26.8847,2.0039e-04 
2010-08-21,22.1896,29.0686,2.3197 
2010-08-22,19.8060,22.8528,25.6454 
2010-08-23,18.4517,20.6392,3.1753 
2010-08-24,17.1768,23.4040,0.2984 
2010-08-25,18.6139,23.0417,0.0011 
2010-08-26,16.8122,20.5763,0.0558 
2010-08-27,14.7197,21.4377,0.0217 
2010-08-28,17.3025,25.0304,0.0217 
2010-08-29,20.5329,28.1283,0.0176 
2010-08-30,24.0664,30.0847,4.7436e-04 
2010-08-31,23.1237,30.3361,0.0186 
2010-09-01,23.5992,29.3372,4.6056e-05 
2010-09-02,24.2240,28.9948,1.4223e-04 
2010-09-03,17.7686,27.5593,5.8369 
2010-09-04,13.8907,20.1230,13.3419 
2010-09-05,13.3763,17.8508,0.1897 
2010-09-06,13.7084,23.6000,0.0755 
2010-09-07,18.4474,28.5558,3.6967 
2010-09-08,15.8343,21.7152,1.2104 
2010-09-09,13.4107,17.1375,0.0385 
2010-09-10,12.9681,17.7607,0.0145 
2010-09-11,11.9586,21.2861,0.1064 
2010-09-12,14.4176,18.5601,5.3248 
2010-09-13,13.8934,22.5610,0.1604 
2010-09-14,13.7914,21.3474,0.0507 
2010-09-15,12.2960,19.4111,0.2284 
2010-09-16,14.1928,20.4962,14.1290 
2010-09-17,12.0548,17.9769,2.5098 
2010-09-18,11.6038,22.8710,0.0352 
2010-09-19,14.7621,21.6732,0.0421 
2010-09-20,11.6197,17.9029,0.0210 
2010-09-21,12.2713,26.6125,1.0590e-05 
2010-09-22,19.7921,25.1274,3.3843 
2010-09-23,17.2200,28.4345,0.3054 
2010-09-24,23.3790,29.4026,0.0071 
2010-09-25,14.5347,24.4551,0.0053 
2010-09-26,10.3132,15.5703,0.0141 
2010-09-27,11.5425,16.5682,1.8066 
2010-09-28,13.4950,14.8912,13.2937 
2010-09-29,10.7152,18.0285,2.2213 
2010-09-30,13.2817,17.2158,0.0301 
2010-10-01,11.4149,16.1406,0.0020 
2010-10-02,8.9802,13.3849,5.5341 
2010-10-03,7.0624,10.3414,18.8004 
2010-10-04,6.1449,10.4579,2.7910 
2010-10-05,7.9200,9.7601,8.1773 
2010-10-06,9.3452,13.7304,5.6443 
2010-10-07,10.6616,15.5918,0.2338 
2010-10-08,10.4409,19.1418,0.2022 
2010-10-09,14.1442,19.4577,0.0064 
2010-10-10,11.9423,23.4866,0.1194 
2010-10-11,16.7431,22.6584,0.0378 
2010-10-12,10.9036,18.0289,0.0482 
2010-10-13,7.4481,16.9568,0.0046 
2010-10-14,9.2918,15.6240,13.5230 
2010-10-15,7.8279,12.0336,7.8805 
2010-10-16,8.5985,12.9514,0.0096 
2010-10-17,9.4699,14.2161,5.5582e-04 
2010-10-18,8.1163,10.9507,1.4352 
2010-10-19,6.1263,11.2147,0.8236 
2010-10-20,5.6465,15.4046,0.0072 
2010-10-21,7.7354,14.6509,6.1059 
2010-10-22,4.5220,10.0784,0.9032 
2010-10-23,7.1001,17.6737,0.0034 
2010-10-24,14.0817,20.9488,6.2656e-04 
2010-10-25,16.1849,19.7325,0.7620 
2010-10-26,14.5225,22.9761,14.9846 
2010-10-27,9.7933,17.6971,2.0666 
2010-10-28,7.3018,15.8277,0.7827 
2010-10-29,5.5400,7.7950,4.5151 
2010-10-30,2.5419,11.6394,0.0044 
2010-10-31,4.9621,10.6936,0.1816 
2010-11-01,1.4382,5.7627,0.1295 
2010-11-02,1.1629,7.4308,0.0047 
2010-11-03,2.0286,10.1858,1.6984e-04 
2010-11-04,3.8091,8.7765,2.1026 
2010-11-05,3.3102,6.1553,13.8514 
2010-11-06,1.3922,4.1251,4.8567 
2010-11-07,-0.6393,5.9191,0.0864 
2010-11-08,1.1275,9.9104,0.0000 
2010-11-09,4.8608,10.9289,7.6531e-05 
2010-11-10,4.1659,12.4657,0.0017 
2010-11-11,5.6769,13.7202,2.2497e-04 
2010-11-12,8.5332,15.2590,2.7752e-04 
2010-11-13,7.6986,15.0619,0.0019 
2010-11-14,8.9660,12.5684,1.8518 
2010-11-15,1.8291,9.6976,3.0077e-04 
2010-11-16,3.0128,9.8757,9.8760 
2010-11-17,5.8500,13.6002,13.8457 
2010-11-18,3.8038,7.5705,3.5605 
2010-11-19,1.4990,7.1460,0.6398 
2010-11-20,4.1009,7.2597,0.0246 
2010-11-21,0.9304,13.5025,0.0111 
2010-11-22,12.7817,16.0120,9.8440 
2010-11-23,3.0895,17.8737,4.9676 
2010-11-24,-0.2615,4.5679,0.0268 
2010-11-25,3.0813,11.6837,19.6608 
2010-11-26,-4.2482,13.0757,14.6212 
2010-11-27,-3.3840,0.7509,0.6645 
2010-11-28,-4.4163,2.7696,0.2598 
2010-11-29,-1.8627,5.7365,0.0113 
2010-11-30,4.4601,12.6588,30.3748 
2010-12-01,-4.3119,10.8365,43.7557 
2010-12-02,-4.7469,-2.0799,0.9320 
2010-12-03,-4.0860,-0.9260,1.1240 
2010-12-04,-2.8347,-0.3735,1.7122 
2010-12-05,-3.3302,-1.3685,1.8003 
2010-12-06,-3.8577,-2.8601,3.6829 
2010-12-07,-4.8065,-3.5533,1.3830 
2010-12-08,-4.9506,-3.8026,1.3153 
2010-12-09,-7.2425,-3.2366,1.9053 
2010-12-10,-6.5642,2.8811,1.5003 
2010-12-11,-2.9121,3.7868,8.4248e-04 
2010-12-12,-1.3212,2.4343,13.3975 
2010-12-13,-7.2124,-2.3383,3.0981 
2010-12-14,-8.2059,-6.8109,3.6887 
2010-12-15,-7.6045,-4.9232,0.4967 
2010-12-16,-11.5698,-5.0852,1.2465 
2010-12-17,-7.8323,-2.6338,0.6690 
2010-12-18,-11.6238,-4.1290,0.0727 
2010-12-19,-11.3865,-4.1504,0.3840 
2010-12-20,-7.9857,-2.2486,1.0721 
2010-12-21,-4.7059,-2.5398,1.0675 
2010-12-22,-6.3494,-2.5423,0.4175 
2010-12-23,-2.5526,-1.8118,1.7628 
2010-12-24,-3.5264,-2.3250,0.3686 
2010-12-25,-4.0561,-2.7089,0.5524 
2010-12-26,-5.6409,-4.1446,1.8531 
2010-12-27,-7.3213,-3.8652,0.4106 
2010-12-28,-7.6377,-2.7778,0.0661 
2010-12-29,-7.6120,0.9651,0.0467 
2010-12-30,-3.3151,4.2304,0.5533 
2010-12-31,2.5995,7.0806,0.7032 
2011-01-01,4.0842,9.7834,12.7426 
2011-01-02,-8.9440,3.0103,0.3222 
2011-01-03,-9.3945,-0.1240,0.1624 
2011-01-04,-2.6937,1.3485,0.0327 
2011-01-05,-5.6451,-1.2931,1.3545 
2011-01-06,-7.5185,-1.7709,2.6972 
2011-01-07,-7.6872,-2.3329,4.2639 
2011-01-08,-7.9171,-6.2927,3.2860 
2011-01-09,-6.5620,-5.3546,3.3948 
2011-01-10,-6.7954,-3.9366,0.5233 
2011-01-11,-8.1197,-3.6723,4.0788 
2011-01-12,-6.7040,-4.0192,4.4981 
2011-01-13,-6.9215,-5.5887,1.3953 
2011-01-14,-8.8819,-4.4460,1.5330 
2011-01-15,-5.9524,-0.8223,1.8776 
2011-01-16,-10.3725,-4.2102,0.1282 
2011-01-17,-13.3034,-0.6570,0.0338 
2011-01-18,-0.4687,3.9630,1.7909 
2011-01-19,-4.8544,2.4473,2.0910 
2011-01-20,-8.8274,-5.1389,1.4761 
2011-01-21,-12.0892,-5.9895,2.8852 
2011-01-22,-16.1560,-9.1299,0.2560 
2011-01-23,-13.6110,-9.2127,1.2414 
2011-01-24,-16.3178,-5.7180,0.9095 
2011-01-25,-5.3106,-0.8036,0.7222 
2011-01-26,-6.2703,-0.7222,0.0093 
2011-01-27,-4.9350,-2.3385,1.0336 
2011-01-28,-4.5414,-2.7501,3.8033 
2011-01-29,-6.2038,-1.3211,3.7223 
2011-01-30,-5.9149,-2.7029,0.3512 
2011-01-31,-12.7659,-4.5137,0.0695 
2011-02-01,-5.7915,-2.5820,7.8038 
2011-02-02,-6.2580,8.6608,12.3250 
2011-02-03,-11.5897,-4.1922,1.3130 
2011-02-04,-10.4953,-0.3595,0.0015 
2011-02-05,-4.8303,0.3178,5.0502 
2011-02-06,-6.7414,-0.1029,1.2545 
2011-02-07,-1.3703,1.2267,1.8402 
2011-02-08,-11.9301,-1.4143,3.6287 
2011-02-09,-13.1368,-6.4531,0.0386 
2011-02-10,-14.7536,-8.8574,0.1109 
2011-02-11,-11.9719,-3.4523,0.0526 
2011-02-12,-3.3669,-2.3689,4.4254 
2011-02-13,-3.4503,5.4362,0.4259 
2011-02-14,-2.2659,5.8074,1.0878 
2011-02-15,-10.3736,1.0466,0.1302 
2011-02-16,-1.3535,5.7196,0.0249 
2011-02-17,4.8606,10.0867,0.0186 
2011-02-18,4.3853,11.4090,0.0078 
2011-02-19,-3.9778,3.7761,0.0833 
2011-02-20,-8.7616,1.8683,1.6952 
2011-02-21,-4.2024,-0.2052,24.8385 
2011-02-22,-8.4995,-1.8544,1.6085 
2011-02-23,-7.1665,3.1428,0.0074 
2011-02-24,-2.6301,4.5305,0.6977 
2011-02-25,-3.2304,-0.4093,10.5905 
2011-02-26,-7.0320,1.0789,0.2575 
2011-02-27,-2.7519,6.0099,0.3708 
2011-02-28,-1.9861,8.8774,33.5233 
2011-03-01,-7.8974,2.6622,1.9923e-04 
2011-03-02,-6.2769,1.7370,0.0537 
2011-03-03,-11.4652,1.2269,0.0483 
2011-03-04,0.5122,5.6670,5.1584 
2011-03-05,4.7057,10.6398,20.6571 
2011-03-06,-4.3675,10.2631,14.6779 
2011-03-07,-9.3100,0.2318,0.0823 
2011-03-08,-4.9779,6.0478,0.0640 
2011-03-09,0.8910,5.8430,10.9614 
2011-03-10,3.5243,9.4800,14.5719 
2011-03-11,-2.3078,2.7807,13.6555 
2011-03-12,-1.7268,7.1259,0.4924 
2011-03-13,-0.6790,2.2089,0.2569 
2011-03-14,-6.9354,2.4706,0.2773 
2011-03-15,-2.2193,7.0713,2.4811 
2011-03-16,4.0481,7.3629,2.5046 
2011-03-17,2.4885,14.6701,0.0114 
2011-03-18,9.7356,16.5871,0.0289 
2011-03-19,-0.1133,10.1732,0.0165 
2011-03-20,-2.9901,12.4708,0.2633 
2011-03-21,11.3636,14.6145,17.6514 
2011-03-22,-0.1894,10.5408,0.2127 
2011-03-23,2.6974,4.8656,7.4762 
2011-03-24,-2.8575,1.9093,0.8677 
2011-03-25,-7.9372,-2.4949,0.1381 
2011-03-26,-10.2921,-2.7186,0.0449 
2011-03-27,-8.0487,-2.0431,1.6740e-04 
2011-03-28,-8.4977,-1.2281,0.0209 
2011-03-29,-4.7371,1.8998,7.5070e-04 
2011-03-30,-2.6184,4.1111,4.2814 
2011-03-31,-1.3088,2.4258,2.9150 
2011-04-01,-1.7558,4.5655,0.6482 
2011-04-02,-0.6994,5.6674,0.0133 
2011-04-03,-0.1574,8.1225,0.9687 
2011-04-04,4.4054,20.0930,21.2101 
2011-04-05,-0.1262,11.2122,6.6978 
2011-04-06,-0.2743,7.0912,4.2052 
2011-04-07,0.9495,10.5946,3.8028 
2011-04-08,5.0148,8.1594,11.6788 
2011-04-09,1.9556,16.6975,0.1051 
2011-04-10,9.1886,24.5246,0.2355 
2011-04-11,11.6945,24.2644,4.0496 
2011-04-12,5.1252,10.8629,0.6251 
2011-04-13,4.5684,11.8966,1.1996 
2011-04-14,7.5482,14.6478,0.0077 
2011-04-15,3.7507,19.3606,0.0231 
2011-04-16,8.9446,17.8366,15.7244 
2011-04-17,2.3435,10.5053,1.0618 
2011-04-18,1.7611,7.4600,2.2913 
2011-04-19,1.8026,11.0690,8.9846 
2011-04-20,8.4218,19.1131,17.0603 
2011-04-21,0.4652,7.7768,0.2318 
2011-04-22,2.1644,7.4453,6.8647 
2011-04-23,8.1179,22.0707,20.4655 
2011-04-24,8.9561,16.0478,3.6523 
2011-04-25,10.7483,15.1768,13.0638 
2011-04-26,12.8667,23.7124,3.2010 
2011-04-27,16.6987,25.2207,0.0554 
2011-04-28,10.0959,20.5351,0.4823 
2011-04-29,3.9659,11.1684,4.2797 
2011-04-30,3.5116,17.3951,0.0317 
2011-05-01,13.3163,16.6269,2.5104 
2011-05-02,7.0359,16.5363,5.5614 
2011-05-03,4.6335,8.9709,19.2638 
2011-05-04,3.8136,9.0446,2.8255 
2011-05-05,5.5563,13.7242,3.4717e-04 
2011-05-06,8.6339,15.5023,1.5958 
2011-05-07,8.9434,16.9593,3.7938 
2011-05-08,10.1847,16.7034,0.0047 
2011-05-09,10.0989,17.5232,0.0000 
2011-05-10,9.8032,22.6294,0.0027 
2011-05-11,16.6297,25.8523,0.3853 
2011-05-12,16.8755,27.9931,8.7236 
2011-05-13,17.3742,25.1808,13.1314 
2011-05-14,15.8890,19.6928,19.6798 
2011-05-15,7.8106,18.6222,16.6802 
2011-05-16,5.8460,8.6529,3.9718 
2011-05-17,6.7777,14.2334,4.3149 
2011-05-18,13.8793,20.0269,8.9921 
2011-05-19,9.4464,18.3065,1.7435 
2011-05-20,13.4248,20.3394,0.0388 
2011-05-21,14.9982,23.5531,5.8334e-05 
2011-05-22,17.8362,27.7005,1.4744 
2011-05-23,18.2307,27.4694,1.4376 
2011-05-24,18.0964,21.6860,3.9568 
2011-05-25,12.8192,26.4842,0.6826 
2011-05-26,16.8035,23.5045,26.6195 
2011-05-27,15.7462,20.2632,12.4168 
2011-05-28,14.1873,23.8027,1.7029 
2011-05-29,18.5697,27.7025,3.9311 
2011-05-30,23.6867,30.1135,3.8726 
2011-05-31,24.9168,32.4109,0.0164 
2011-06-01,22.8741,31.1321,0.0039 
2011-06-02,13.2425,21.9867,6.3677e-07 
2011-06-03,10.2128,20.9001,2.0217e-04 
2011-06-04,15.3690,29.4590,0.0010 
2011-06-05,16.7525,26.5650,0.0018 
2011-06-06,18.0211,27.3123,0.0504 
2011-06-07,20.9862,30.0687,23.9646 
2011-06-08,23.2959,32.2445,3.9090e-06 
2011-06-09,24.2618,30.6568,0.2439 
2011-06-10,14.0754,26.4652,0.6731 
2011-06-11,17.3977,25.7190,0.7513 
2011-06-12,13.4032,20.2481,2.6953 
2011-06-13,12.5981,18.7121,0.0090 
2011-06-14,11.7752,17.8675,0.0338 
2011-06-15,13.0108,23.7792,0.0109 
2011-06-16,16.9163,22.8905,9.7129 
2011-06-17,14.9501,23.6001,4.8246 
2011-06-18,18.1231,25.1804,0.0011 
2011-06-19,18.2167,25.6250,1.1198 
2011-06-20,18.9613,25.4497,3.1077 
2011-06-21,18.9832,28.7696,2.4295 
2011-06-22,21.3013,28.7291,4.5886 
2011-06-23,18.5528,26.2648,10.1365 
2011-06-24,16.9538,21.5737,8.0900 
2011-06-25,15.2132,19.1833,0.7905 
2011-06-26,17.2458,23.2423,0.0087 
2011-06-27,16.9451,26.5847,0.0368 
2011-06-28,19.7942,24.7429,0.0122 
2011-06-29,16.0335,21.5692,0.0592 
2011-06-30,16.4116,24.0406,4.1650e-04 
2011-07-01,18.7252,27.2250,0.0143 
2011-07-02,20.4094,25.4934,0.7314 
2011-07-03,20.6066,26.1069,6.4925 
2011-07-04,20.8020,25.0201,0.0192 
2011-07-05,19.6493,27.3023,0.0011 
2011-07-06,22.1618,29.3962,4.7003e-04 
2011-07-07,19.4420,26.7071,0.0275 
2011-07-08,18.0145,24.9132,1.6954 
2011-07-09,19.0801,27.3303,0.0187 
2011-07-10,22.5049,31.2420,0.0000 
2011-07-11,24.0149,32.4400,1.5944 
2011-07-12,21.6937,31.9750,0.7834 
2011-07-13,18.5510,25.9597,0.0855 
2011-07-14,17.4182,24.2950,0.0088 
2011-07-15,20.9517,27.3034,6.8382e-05 
2011-07-16,19.9909,28.0817,1.0985e-04 
2011-07-17,21.1312,29.9150,5.6136e-05 
2011-07-18,22.2622,32.0106,1.0453 
2011-07-19,20.5990,31.5238,5.5960 
2011-07-20,22.0808,31.9522,0.0587 
2011-07-21,26.0163,33.7930,8.7976e-07 
2011-07-22,24.4355,33.2221,3.3816 
2011-07-23,25.6858,32.5875,4.0130 
2011-07-24,20.7564,29.5386,4.9278 
2011-07-25,23.6041,28.5492,1.1828 
2011-07-26,21.5274,26.6365,0.0691 
2011-07-27,18.1846,25.4375,0.0099 
2011-07-28,22.1409,30.3576,15.6701 
2011-07-29,23.8966,29.7285,1.4449 
2011-07-30,21.7361,27.1313,0.1979 
2011-07-31,22.8479,29.2808,0.0046 
2011-08-01,23.0900,28.3874,0.3181 
2011-08-02,22.1124,27.6078,0.1282 
2011-08-03,20.7794,27.1180,5.7175 
2011-08-04,20.0820,24.3886,1.3410 
2011-08-05,21.0393,26.1416,0.0347 
2011-08-06,21.7163,28.5533,0.0268 
2011-08-07,20.8665,27.3076,0.4454 
2011-08-08,18.8435,26.2601,8.9551 
2011-08-09,17.7304,24.2153,23.8772 
2011-08-10,19.0369,24.1121,2.4775 
2011-08-11,17.2336,21.5312,0.2767 
2011-08-12,18.7858,25.0456,4.0590e-05 
2011-08-13,19.3419,26.5618,0.0024 
2011-08-14,18.7562,25.6165,20.6838 
2011-08-15,18.3629,22.4506,19.3859 
2011-08-16,17.7911,24.0933,0.3995 
2011-08-17,20.0339,26.5787,0.0548 
2011-08-18,22.0159,26.8802,0.2418 
2011-08-19,18.5500,26.2616,10.5217 
2011-08-20,19.4263,28.3914,0.1642 
2011-08-21,17.5683,26.9446,7.5995 
2011-08-22,15.4260,21.0943,0.6215 
2011-08-23,16.6074,25.0525,0.0013 
2011-08-24,17.1822,27.6815,2.1615 
2011-08-25,19.2951,27.6553,26.9358 
2011-08-26,16.4274,23.2493,0.0097 
2011-08-27,17.1607,23.4459,0.0234 
2011-08-28,17.4763,21.8182,0.0340 
2011-08-29,16.0972,21.5471,0.0207 
2011-08-30,17.2896,24.3750,0.0209 
2011-08-31,18.6110,26.6658,0.0557 
2011-09-01,18.8020,28.5003,24.7475 
2011-09-02,22.7450,31.0289,0.1825 
2011-09-03,24.4862,32.6676,0.0430 
2011-09-04,19.8345,30.2755,7.4347 
2011-09-05,16.0830,19.6770,5.7793 
2011-09-06,14.0741,16.9278,0.5448 
2011-09-07,13.2075,18.0616,1.7780 
2011-09-08,16.6397,21.9036,1.2642 
2011-09-09,16.6358,22.8850,8.1662 
2011-09-10,17.6443,21.1572,19.4916 
2011-09-11,16.0649,21.7036,5.9089 
2011-09-12,16.6134,24.9687,0.0324 
2011-09-13,18.7173,26.5804,0.0102 
2011-09-14,14.2693,22.5239,0.0923 
2011-09-15,10.4574,16.5842,10.3303 
2011-09-16,10.0893,13.5162,0.0857 
2011-09-17,10.7704,16.8569,0.0237 
2011-09-18,7.9022,18.5201,0.0227 
2011-09-19,12.5333,18.0635,4.8718 
2011-09-20,14.7148,20.1809,5.4513 
2011-09-21,16.0806,23.4506,2.2491 
2011-09-22,16.6561,21.6045,4.2437 
2011-09-23,13.9214,19.2388,3.8817 
2011-09-24,10.8751,18.9527,0.1904 
2011-09-25,14.7635,22.3029,0.4236 
2011-09-26,17.3316,23.1449,14.6009 
2011-09-27,14.4234,20.8651,18.6506 
2011-09-28,14.5342,19.2370,0.0620 
2011-09-29,12.7657,17.2121,0.0792 
2011-09-30,9.5049,15.7233,7.1318 
2011-10-01,8.0005,9.8349,12.0432 
2011-10-02,4.6284,9.7806,9.4967 
2011-10-03,7.1829,11.8398,2.4363 
2011-10-04,10.9282,16.3654,0.5795 
2011-10-05,13.0234,19.1044,0.0700 
2011-10-06,9.5764,20.0454,0.1340 
2011-10-07,13.9352,22.4013,0.1297 
2011-10-08,14.0384,23.6499,0.1224 
2011-10-09,16.2189,23.9730,0.0317 
2011-10-10,17.9816,23.1013,0.1399 
2011-10-11,16.7449,22.5238,0.1104 
2011-10-12,13.5312,20.0408,8.3768 
2011-10-13,13.5882,20.1194,1.6028 
2011-10-14,11.3522,17.6880,20.2909 
2011-10-15,7.8429,11.1056,16.8005 
2011-10-16,10.0428,12.3807,8.4613 
2011-10-17,7.7543,12.6381,0.7634 
2011-10-18,7.5609,12.4890,0.6758 
2011-10-19,10.0845,18.4139,12.4192 
2011-10-20,5.4312,15.2784,11.5039 
2011-10-21,5.0766,7.8447,10.7238 
2011-10-22,6.4667,10.6050,0.1971 
2011-10-23,7.3693,14.8385,3.0387e-05 
2011-10-24,8.7855,12.9121,2.6611 
2011-10-25,7.5796,16.0498,0.0633 
2011-10-26,11.8444,14.6165,6.9001 
2011-10-27,3.8794,11.6065,13.4852 
2011-10-28,1.3539,7.7592,0.1872 
2011-10-29,0.8999,6.1277,0.4318 
2011-10-30,1.0952,9.3694,0.0459 
2011-10-31,4.3089,8.8702,0.1035 
2011-11-01,3.1943,12.3495,0.0802 
2011-11-02,5.8902,15.7536,7.6641e-04 
2011-11-03,10.1737,13.7648,1.4018e-06 
2011-11-04,5.3481,11.0589,0.0020 
2011-11-05,-0.5650,10.0072,2.7187e-06 
2011-11-06,3.0080,13.5908,9.6108e-09 
2011-11-07,7.7634,16.6546,0.0047 
2011-11-08,10.9451,18.6021,2.8363e-04 
2011-11-09,12.0107,17.7455,0.6189 
2011-11-10,4.7361,14.9274,0.9087 
2011-11-11,1.3602,5.2897,5.4577 
2011-11-12,0.9186,13.8473,0.0063 
2011-11-13,9.3708,15.6071,0.0064 
2011-11-14,14.1428,17.0181,15.5986 
2011-11-15,10.3925,16.0699,14.6915 
2011-11-16,5.7049,11.5182,0.5058 
2011-11-17,0.2856,5.2999,0.3462 
2011-11-18,-0.9985,5.3205,0.9091 
2011-11-19,2.6815,10.0594,0.0678 
2011-11-20,8.8597,14.0469,0.0822 
2011-11-21,3.4133,7.8220,0.2871 
2011-11-22,1.8800,7.7445,14.7710 
2011-11-23,3.1329,13.0017,12.8031 
2011-11-24,0.5889,10.0785,2.5868e-05 
2011-11-25,4.4451,12.6436,3.0572e-05 
2011-11-26,7.4576,13.4935,2.1121e-05 
2011-11-27,11.4464,13.7865,4.1202 
2011-11-28,4.4175,12.9715,14.0775 
2011-11-29,6.2636,14.5099,15.8096 
2011-11-30,0.9348,5.7770,1.5914 
2011-12-01,-2.4007,4.5453,2.5750e-05 
2011-12-02,-1.6141,3.1632,0.1243 
2011-12-03,-2.0964,7.8531,0.0018 
2011-12-04,5.6821,10.7977,1.1011 
2011-12-05,6.3487,10.1284,20.2473 
2011-12-06,2.4965,5.9787,16.4249 
2011-12-07,-0.6697,3.0721,1.2798 
2011-12-08,-1.5793,2.4833,0.1116 
2011-12-09,-0.8514,1.8912,0.9875 
2011-12-10,-4.7476,0.1593,0.5957 
2011-12-11,-8.0992,1.6486,0.0670 
2011-12-12,-3.1209,4.7525,2.8473e-05 
2011-12-13,0.6266,6.6721,0.0049 
2011-12-14,3.3407,8.2348,5.5794 
2011-12-15,8.5506,13.8974,22.7097 
2011-12-16,-0.1521,8.9062,0.8044 
2011-12-17,-2.5665,-0.2173,4.2159 
2011-12-18,-3.5340,0.3369,1.6389 
2011-12-19,-1.1835,5.6967,0.2179 
2011-12-20,-0.5861,5.9688,2.2611 
2011-12-21,2.7871,14.3832,19.4210 
2011-12-22,4.9567,8.6611,1.0751 
2011-12-23,-2.3915,4.5497,7.9382 
2011-12-24,-4.2691,2.3827,0.2906 
2011-12-25,-0.9503,4.8043,0.0397 
2011-12-26,-0.2865,4.4854,0.3649 
2011-12-27,0.4730,2.7456,8.5076 
2011-12-28,-4.8794,0.4164,3.8586 
2011-12-29,-7.5186,1.8800,0.5299 
2011-12-30,1.8383,6.4867,1.4036 
2011-12-31,2.4806,8.2862,3.2256 
2012-01-01,0.6142,8.4190,2.2009 
2012-01-02,-3.4230,2.1205,8.1551 
2012-01-03,-7.9669,-3.4019,3.2158 
2012-01-04,-9.7252,-0.5759,0.0338 
2012-01-05,-1.2132,2.4776,0.0279 
2012-01-06,1.6596,8.3530,1.3943e-04 
2012-01-07,1.8936,5.8656,0.0036 
2012-01-08,-2.5055,1.5958,0.0335 
2012-01-09,-3.2480,3.7571,0.0000 
2012-01-10,0.3347,4.7546,0.0419 
2012-01-11,-0.1845,7.5389,1.6918 
2012-01-12,5.5173,7.1784,11.2027 
2012-01-13,-8.2059,5.5043,7.9039 
2012-01-14,-6.3383,-4.7126,7.6462 
2012-01-15,-9.9470,-4.7380,2.6192 
2012-01-16,-7.7700,5.6035,0.8977 
2012-01-17,5.7644,11.8964,27.6308 
2012-01-18,-6.0898,4.2728,2.9081 
2012-01-19,-8.6186,-1.8218,4.8222 
2012-01-20,-10.8870,-4.6596,0.9735 
2012-01-21,-6.7192,-3.3330,2.8358 
2012-01-22,-8.4292,4.1467,0.0089 
2012-01-23,3.7415,9.5022,5.2851 
2012-01-24,-1.8404,6.4147,0.1914 
2012-01-25,-4.0425,0.4567,0.1279 
2012-01-26,-2.1468,2.9897,8.1333 
2012-01-27,0.1200,6.2376,22.9163 
2012-01-28,-3.6869,1.3096,3.8032 
2012-01-29,-2.4724,1.6290,2.3751 
2012-01-30,-5.1889,2.2525,1.7525 
2012-01-31,3.3999,11.0194,6.1674e-04 
2012-02-01,3.6195,10.5467,2.3658 
2012-02-02,-0.6120,2.4874,0.2578 
2012-02-03,-1.6780,6.4735,0.0196 
2012-02-04,-0.6535,4.0168,0.1143 
2012-02-05,-1.9437,3.4736,0.0040 
2012-02-06,-1.4726,6.9697,0.0023 
2012-02-07,-2.3841,5.1916,0.0539 
2012-02-08,-3.3596,0.5193,0.8031 
2012-02-09,-5.6872,2.3552,0.0050 
2012-02-10,-6.8030,0.7685,1.2939 
2012-02-11,-8.4860,-0.9533,5.7904 
2012-02-12,-7.8241,-3.8565,2.5090 
2012-02-13,-6.5092,0.2643,0.0683 
2012-02-14,-2.9850,1.6239,1.3586 
2012-02-15,-1.3750,3.9564,0.3066 
2012-02-16,0.4424,5.0685,5.3893 
2012-02-17,-1.5386,3.2760,0.6619 
2012-02-18,-1.6195,2.0639,0.2437 
2012-02-19,-4.9777,-0.8108,0.1086 
2012-02-20,-4.9335,1.8034,0.0513 
2012-02-21,-1.9133,6.0648,1.3192 
2012-02-22,3.1144,7.6693,1.2583 
2012-02-23,0.0926,6.1684,5.4244 
2012-02-24,0.0318,9.1439,11.2406 
2012-02-25,-2.3434,0.1310,3.6994 
2012-02-26,-5.1622,1.7477,0.1800 
2012-02-27,-1.2467,6.9036,0.0343 
2012-02-28,-4.1649,3.8184,3.2145e-05 
2012-02-29,1.2509,13.4139,15.7172 
2012-03-01,1.5148,12.4439,2.8392 
2012-03-02,0.5323,13.2814,4.5454 
2012-03-03,1.5329,12.9524,6.9544 
2012-03-04,-2.5942,1.1280,1.0493 
2012-03-05,-8.3143,-2.8142,1.4410 
2012-03-06,-6.5049,8.9041,0.3616 
2012-03-07,6.7312,15.3344,3.4645e-05 
2012-03-08,6.4350,15.7167,13.0661 
2012-03-09,-0.4946,5.1986,2.9809 
2012-03-10,-5.8199,5.6425,0.0438 
2012-03-11,2.4614,16.3714,0.0019 
2012-03-12,8.2628,14.4915,9.2275 
2012-03-13,12.3989,16.4433,4.2972 
2012-03-14,8.3370,21.0491,0.6787 
2012-03-15,14.5524,24.1791,9.0257 
2012-03-16,14.8949,21.0172,6.0900 
2012-03-17,14.0313,23.7309,0.0107 
2012-03-18,14.9369,22.1706,2.9154 
2012-03-19,14.7999,22.5225,4.9566 
2012-03-20,15.6957,25.1867,0.0181 
2012-03-21,15.5088,25.8597,2.5979e-05 
2012-03-22,14.3820,26.0688,2.5306e-04 
2012-03-23,17.3310,26.3639,0.0307 
2012-03-24,14.9635,24.7436,13.5111 
2012-03-25,10.9094,14.9618,0.5792 
2012-03-26,-0.3855,13.1764,9.9239e-09 
2012-03-27,-3.3801,11.1734,0.0047 
2012-03-28,9.7143,17.8427,0.1859 
2012-03-29,2.1838,13.5054,0.0175 
2012-03-30,-0.6812,11.4085,1.6604 
2012-03-31,1.4038,9.2234,3.3575 
2012-04-01,1.2298,14.4804,0.2071 
2012-04-02,1.9004,9.6424,0.3494 
2012-04-03,4.8937,18.8678,0.0279 
2012-04-04,4.7728,17.8890,0.0139 
2012-04-05,0.6750,7.0217,2.4548e-05 
2012-04-06,0.4215,8.9097,1.1305e-07 
2012-04-07,1.5385,10.7132,0.0000 
2012-04-08,7.8824,11.4178,0.0039 
2012-04-09,5.6790,11.9228,0.0143 
2012-04-10,2.8852,10.6792,0.6504 
2012-04-11,0.6114,6.7016,0.9533 
2012-04-12,1.1078,9.5933,4.1468e-04 
2012-04-13,5.5354,13.8412,6.6863e-04 
2012-04-14,8.4986,17.2589,0.8096 
2012-04-15,12.9881,23.6970,1.3810 
2012-04-16,17.9282,24.1431,0.0121 
2012-04-17,6.6174,20.2510,0.0284 
2012-04-18,3.8124,15.1573,0.0335 
2012-04-19,10.0696,20.5157,0.0585 
2012-04-20,14.2908,22.4932,0.1099 
2012-04-21,3.6087,21.0052,10.3866 
2012-04-22,3.4817,7.0807,0.1586 
2012-04-23,2.4238,5.9599,0.2902 
2012-04-24,2.2861,10.3967,0.2019 
2012-04-25,5.3780,14.8332,1.0679e-05 
2012-04-26,6.8452,14.2297,0.9129 
2012-04-27,2.5650,6.6855,0.0257 
2012-04-28,1.3690,5.5434,0.2516 
2012-04-29,3.3525,12.5411,0.0160 
2012-04-30,4.9498,23.9484,4.9766 
2012-05-01,12.0545,18.7303,18.3184 
2012-05-02,13.8084,26.0733,0.0975 
2012-05-03,20.1905,29.6406,0.2526 
2012-05-04,20.3396,28.5818,4.9631 
2012-05-05,13.5392,21.5392,0.3720 
2012-05-06,10.4639,20.9473,5.1502e-05 
2012-05-07,13.8863,24.2322,5.0933 
2012-05-08,15.0503,19.3238,23.1026 
2012-05-09,12.2791,17.9518,0.3042 
2012-05-10,6.8812,13.5477,0.1048 
2012-05-11,9.2589,18.4083,8.3704e-05 
2012-05-12,14.4367,22.0397,5.4447e-04 
2012-05-13,14.5300,20.6687,7.5903e-04 
2012-05-14,12.2466,20.1975,6.2992e-05 
2012-05-15,15.2451,23.5237,1.9870e-05 
2012-05-16,12.7975,22.5380,0.0552 
2012-05-17,8.2801,15.3936,5.5285e-04 
2012-05-18,10.5036,23.0802,1.1525e-05 
2012-05-19,16.6654,26.4194,0.0000 
2012-05-20,21.5282,28.2384,5.2494e-07 
2012-05-21,17.4060,26.8528,0.0036 
2012-05-22,13.3970,21.8372,0.0296 
2012-05-23,13.7244,24.2369,0.0140 
2012-05-24,16.6992,26.5898,6.0327e-05 
2012-05-25,20.7987,28.9257,0.0937 
2012-05-26,18.6028,27.8553,0.2721 
2012-05-27,21.0688,29.9726,2.7233 
2012-05-28,21.2145,30.5146,0.3877 
2012-05-29,21.3160,28.6494,1.2464 
2012-05-30,17.2972,23.2115,0.0372 
2012-05-31,11.3907,18.8966,0.0011 
2012-06-01,13.7877,23.5927,26.1447 
2012-06-02,8.5653,18.6421,0.5285 
2012-06-03,13.7644,21.1352,1.8591 
2012-06-04,11.4118,19.0053,0.6266 
2012-06-05,9.6049,17.0027,0.1020 
2012-06-06,13.1248,20.0362,0.0138 
2012-06-07,13.4801,21.6317,0.0012 
2012-06-08,16.8216,24.7558,0.0124 
2012-06-09,19.3444,28.2569,0.0013 
2012-06-10,22.6657,29.8100,0.0000 
2012-06-11,20.8380,28.7126,0.0654 
2012-06-12,19.1044,24.7421,1.6629 
2012-06-13,11.8183,21.9864,0.0081 
2012-06-14,13.5100,24.1408,0.0000 
2012-06-15,17.1034,27.1674,0.0000 
2012-06-16,18.3843,26.4927,0.0000 
2012-06-17,18.6283,26.6876,4.4784 
2012-06-18,18.2330,27.8711,4.8894 
2012-06-19,20.6643,31.1243,0.0100 
2012-06-20,24.3891,31.8404,0.0000 
2012-06-21,25.3864,30.9596,0.0014 
2012-06-22,20.7248,29.6055,0.0260 
2012-06-23,16.7883,23.2497,0.0124 
2012-06-24,18.4324,26.7932,1.4376e-04 
2012-06-25,16.0968,26.0518,2.8306 
2012-06-26,14.4139,21.2696,4.3366e-04 
2012-06-27,17.1664,25.2654,6.9006e-04 
2012-06-28,20.5459,33.0064,0.0832 
2012-06-29,23.8336,32.8496,0.3232 
2012-06-30,20.1273,29.6753,0.0141 
2012-07-01,20.3247,28.3807,0.0014 
2012-07-02,18.5535,28.8109,1.4853 
2012-07-03,23.1530,32.0074,19.6206 
2012-07-04,20.1425,30.9626,12.3467 
2012-07-05,24.7322,30.3498,1.8861 
2012-07-06,26.0766,31.2361,0.0366 
2012-07-07,26.4353,33.3495,0.0673 
2012-07-08,20.2597,29.1738,0.3137 
2012-07-09,18.1541,24.7800,0.0000 
2012-07-10,18.1854,24.1699,0.0348 
2012-07-11,18.6954,26.7840,5.9662e-05 
2012-07-12,20.6094,28.2138,0.0845 
2012-07-13,20.3019,28.8058,0.0012 
2012-07-14,20.0314,26.5127,5.8710e-05 
2012-07-15,22.5091,27.8671,1.5783 
2012-07-16,22.0330,28.6604,0.1906 
2012-07-17,24.7575,33.4209,5.2174e-04 
2012-07-18,24.7348,33.2043,0.0884 
2012-07-19,21.9661,27.8646,25.0088 
2012-07-20,17.8457,22.4784,0.3838 
2012-07-21,16.7212,25.2034,0.0043 
2012-07-22,20.5780,29.0622,0.0035 
2012-07-23,23.4828,31.3740,0.0225 
2012-07-24,23.6795,30.4780,0.0212 
2012-07-25,18.7567,27.1981,2.9794e-04 
2012-07-26,24.5423,31.5775,1.6315 
2012-07-27,20.7799,26.4467,4.1816 
2012-07-28,17.5450,24.4810,7.1565 
2012-07-29,19.0224,24.5318,0.1370 
2012-07-30,20.3882,26.9787,5.9938e-04 
2012-07-31,21.4770,29.1257,0.0346 
2012-08-01,19.2099,27.1090,0.0046 
2012-08-02,20.2621,28.4740,5.7185e-05 
2012-08-03,24.0966,31.0190,5.6066e-04 
2012-08-04,22.5382,29.8664,0.0664 
2012-08-05,21.4098,28.9024,4.9039 
2012-08-06,17.7692,24.6385,0.0287 
2012-08-07,18.8452,27.6184,5.4368e-08 
2012-08-08,22.9946,28.6979,0.1967 
2012-08-09,19.3138,26.6452,4.9449 
2012-08-10,17.3167,20.4955,20.4417 
2012-08-11,15.4016,19.6123,3.7733 
2012-08-12,16.6032,21.8351,1.6486 
2012-08-13,18.6281,24.4387,0.0978 
2012-08-14,18.1956,24.4782,5.9924 
2012-08-15,17.8036,23.4763,1.5557 
2012-08-16,19.3724,27.2356,0.1347 
2012-08-17,17.8244,26.1821,0.8091 
2012-08-18,15.9858,20.4163,0.0139 
2012-08-19,16.1397,22.2344,0.0025 
2012-08-20,16.9686,20.9850,1.4260 
2012-08-21,16.2716,21.8313,1.2776 
2012-08-22,15.4156,23.1828,0.1976 
2012-08-23,19.1095,25.4877,0.0217 
2012-08-24,21.2780,28.0962,3.9285e-04 
2012-08-25,19.6599,28.0350,1.2888e-04 
2012-08-26,18.2674,26.8355,2.3562e-04 
2012-08-27,19.4731,25.4757,25.9074 
2012-08-28,18.8000,22.5764,0.7489 
2012-08-29,16.4004,21.2357,6.6198e-06 
2012-08-30,16.0080,25.5033,0.0867 
2012-08-31,20.9981,29.8661,1.1070e-05 
2012-09-01,20.6200,28.4140,0.1766 
2012-09-02,20.1943,25.8558,0.3907 
2012-09-03,20.7009,27.8062,0.1111 
2012-09-04,21.5505,26.4904,10.0670 
2012-09-05,18.9694,26.1395,1.0991 
2012-09-06,18.9263,26.3048,0.1890 
2012-09-07,18.8356,26.6089,4.4582 
2012-09-08,15.5154,22.8146,29.4769 
2012-09-09,14.5726,17.6979,8.0822 
2012-09-10,13.2990,17.6885,0.1669 
2012-09-11,13.7939,21.6592,0.0281 
2012-09-12,15.8664,24.4096,0.0014 
2012-09-13,18.6334,25.7278,3.3668e-06 
2012-09-14,14.5531,24.8100,5.5269 
2012-09-15,14.2587,17.7490,0.2520 
2012-09-16,12.9034,20.8010,6.6731e-05 
2012-09-17,13.1618,22.0249,0.0022 
2012-09-18,13.8493,20.2923,9.3633 
2012-09-19,9.5596,13.9808,1.9235 
2012-09-20,9.4106,18.5049,0.0014 
2012-09-21,14.7047,19.0131,0.1977 
2012-09-22,10.8354,17.6844,30.9447 
2012-09-23,8.2741,11.4886,5.0848 
2012-09-24,7.0586,13.5679,5.7941 
2012-09-25,8.7799,19.7234,0.0837 
2012-09-26,14.6832,18.7085,9.4576 
2012-09-27,12.0766,17.1485,2.0690 
2012-09-28,12.2439,15.5627,0.0666 
2012-09-29,11.5926,16.2028,0.1129 
2012-09-30,10.9470,15.0267,1.4415 
2012-10-01,10.8416,16.1506,0.0570 
2012-10-02,11.5931,19.1451,8.1852 
2012-10-03,17.6363,19.8528,1.8036 
2012-10-04,14.6766,21.3953,3.9551e-04 
2012-10-05,14.0149,19.4832,1.0554 
2012-10-06,8.0589,11.6304,20.4689 
2012-10-07,6.2049,8.4377,4.9237 
2012-10-08,2.6121,9.1472,0.6136 
2012-10-09,3.1971,12.6719,0.0028 
2012-10-10,6.3437,10.6891,5.2707 
2012-10-11,3.4935,12.3458,1.0481 
2012-10-12,5.5160,10.8856,0.3007 
2012-10-13,1.5907,16.6318,0.0428 
2012-10-14,15.2171,21.1096,2.7595 
2012-10-15,9.4604,18.4965,4.3085 
2012-10-16,7.0091,12.0392,0.7835 
2012-10-17,8.3585,18.4140,0.0215 
2012-10-18,11.6788,16.8353,1.6307 
2012-10-19,7.4279,14.7444,0.0704 
2012-10-20,7.4988,10.9056,3.1190 
2012-10-21,7.7573,12.9199,1.0302 
2012-10-22,9.5141,20.0147,0.0022 
2012-10-23,14.5395,18.1293,5.0175 
2012-10-24,14.5205,22.3505,2.3965 
2012-10-25,16.5251,24.5567,0.0179 
2012-10-26,9.0797,22.2826,0.6873 
2012-10-27,6.6668,8.7220,25.5089 
2012-10-28,5.1554,7.3143,14.6242 
2012-10-29,4.0312,5.4990,24.9363 
2012-10-30,4.2064,11.9184,60.0673 
2012-10-31,4.8393,7.0540,22.3041 
2012-11-01,4.2178,5.1054,12.2131 
2012-11-02,2.4298,5.4992,0.9675 
2012-11-03,2.6689,4.1557,1.2672 
2012-11-04,0.7139,3.6643,0.4917 
2012-11-05,0.2571,2.7321,0.1520 
2012-11-06,-2.5022,6.5241,0.1064 
2012-11-07,-0.8491,6.1177,3.6883e-04 
2012-11-08,0.6771,5.0593,0.0030 
2012-11-09,1.8093,10.4831,0.0217 
2012-11-10,5.1906,14.4804,3.6272 
2012-11-11,10.9889,18.0405,4.3998e-05 
2012-11-12,4.1597,18.5856,14.0294 
2012-11-13,-0.6642,2.6118,3.5233 
2012-11-14,-0.3449,5.0081,0.0828 
2012-11-15,0.5041,6.4861,3.0087e-07 
2012-11-16,2.5506,7.1170,0.0092 
2012-11-17,2.7542,10.3103,0.0092 
2012-11-18,2.7185,10.5364,2.3879e-05 
2012-11-19,1.6871,10.1109,5.9398e-04 
2012-11-20,5.2705,10.4424,1.4090e-04 
2012-11-21,5.2767,12.7844,0.0044 
2012-11-22,6.6388,14.2747,0.0000 
2012-11-23,2.3592,12.0219,2.0510 
2012-11-24,-0.4328,1.7950,2.7740 
2012-11-25,-3.9115,1.5752,1.0134 
2012-11-26,-1.3219,2.8418,0.1164 
2012-11-27,-1.5055,1.1074,0.2973 
2012-11-28,-3.5640,1.6308,0.0604 
2012-11-29,-1.9462,6.1644,0.1071 
2012-11-30,0.3629,6.8941,0.0083 
2012-12-01,3.1303,12.1311,0.0049 
2012-12-02,9.4140,13.1042,14.0438 
2012-12-03,9.5621,15.8817,0.4727 
2012-12-04,8.0022,16.1634,10.2045 
2012-12-05,0.7737,7.6799,2.3291 
2012-12-06,-5.0104,4.9226,0.0000 
2012-12-07,3.8125,7.5765,2.5397 
2012-12-08,4.6206,10.2093,5.2192 
2012-12-09,1.2477,9.3537,2.4390 
2012-12-10,0.8881,13.8537,10.4255 
2012-12-11,-1.7559,0.6616,3.5519 
2012-12-12,-5.0097,3.4390,0.0571 
2012-12-13,-1.5823,5.5510,0.0522 
2012-12-14,0.2882,6.7853,0.0000 
2012-12-15,1.0875,7.8558,0.0218 
2012-12-16,5.7647,12.1799,1.3663 
2012-12-17,7.2433,11.7787,0.2255 
2012-12-18,1.4256,6.3387,16.2674 
2012-12-19,-0.2248,4.2914,1.2048 
2012-12-20,0.2148,7.5201,11.0931 
2012-12-21,-0.4882,8.9096,17.2244 
2012-12-22,-1.9232,-0.5057,6.6627 
2012-12-23,-6.6608,0.3994,0.0738 
2012-12-24,-4.4499,1.6986,0.7871 
2012-12-25,-1.1059,1.0002,1.0066 
2012-12-26,-4.7033,-0.1993,16.6230 
2012-12-27,-2.1046,-0.6148,5.3431 
2012-12-28,-3.5536,-1.6088,0.1557 
2012-12-29,-3.9627,-0.1756,4.1647 
2012-12-30,-4.0416,-1.5958,1.1467 
2012-12-31,-7.0788,0.9508,0.5210 
2013-01-01,-5.1276,7.0751e-04,1.2956 
2013-01-02,-6.5729,-4.6754,0.1955 
2013-01-03,-10.6858,-3.4830,0.1686 
2013-01-04,-5.3629,-2.0342,0.5755 
2013-01-05,-4.6460,0.2582,0.1521 
2013-01-06,-0.8162,1.2911,0.8456 
2013-01-07,-1.9582,1.3703,0.5746 
2013-01-08,-3.1637,4.0873,0.0036 
2013-01-09,0.3560,5.1664,0.8393 
2013-01-10,-1.9050,2.7711,8.8145e-04 
2013-01-11,0.3759,10.7629,10.9789 
2013-01-12,6.5149,14.4197,0.2483 
2013-01-13,11.4308,16.8177,1.9206 
2013-01-14,-3.5825,10.9328,6.5843 
2013-01-15,-5.0799,-0.2400,0.0308 
2013-01-16,-2.5349,2.7444,7.5329e-04 
2013-01-17,-2.5438,1.5613,0.1270 
2013-01-18,-8.0590,-0.5601,1.1175 
2013-01-19,-0.3334,8.3232,0.0083 
2013-01-20,-6.2842,8.1334,0.1583 
2013-01-21,-8.8029,-6.1835,1.0471 
2013-01-22,-13.8376,-9.1143,0.6878 
2013-01-23,-13.1480,-10.2180,0.9018 
2013-01-24,-10.7380,-7.0485,1.7303 
2013-01-25,-12.1452,-7.7358,1.6772 
2013-01-26,-8.5095,-4.5924,1.1722 
2013-01-27,-7.8780,-1.4888,0.3693 
2013-01-28,-2.5561,9.0569,11.7226 
2013-01-29,5.4539,9.8450,6.6548 
2013-01-30,9.8095,16.3518,7.1758 
2013-01-31,-5.8207,11.0109,7.9109 
2013-02-01,-9.8098,-5.8190,2.4754 
2013-02-02,-12.9473,-5.3373,3.6042 
2013-02-03,-8.7312,-5.3574,1.5825 
2013-02-04,-9.8157,-5.2365,1.9023 
2013-02-05,-7.6726,-2.1969,0.6304 
2013-02-06,-7.1741,-2.2796,1.0191 
2013-02-07,-6.3521,4.2255,0.0250 
2013-02-08,-4.5048,3.0457,9.6492 
2013-02-09,-9.3834,-2.3749,1.6010 
2013-02-10,-6.7691,6.8044,0.0033 
2013-02-11,1.2441,7.3020,1.1699 
2013-02-12,-2.3078,1.1101,0.4369 
2013-02-13,-4.8721,2.2319,0.0267 
2013-02-14,-4.6922,3.6508,0.1574 
2013-02-15,-1.8462,3.6250,0.6059 
2013-02-16,-7.0235,-2.7163,1.5452 
2013-02-17,-9.0732,-4.7298,2.9967 
2013-02-18,-10.9671,4.3712,0.1332 
2013-02-19,-4.2278,6.5381,9.1546 
2013-02-20,-8.8333,-4.9579,1.3112 
2013-02-21,-9.4500,-5.2997,0.8723 
2013-02-22,-9.4224,3.7269,1.5341 
2013-02-23,-0.3383,4.3943,0.1052 
2013-02-24,-5.9384,-0.8353,0.2279 
2013-02-25,-3.8199,3.3277,0.0957 
2013-02-26,-2.3269,3.6797,10.7388 
2013-02-27,2.0265,5.6346,11.5457 
2013-02-28,-0.7593,1.4798,2.9100 
2013-03-01,-3.9763,0.1084,0.9834 
2013-03-02,-7.9816,-3.0772,0.6307 
2013-03-03,-7.2819,-3.8225,1.3482 
2013-03-04,-6.1981,-1.8351,1.4590 
2013-03-05,-8.5720,4.1589,0.0124 
2013-03-06,-0.6670,3.9684,0.0534 
2013-03-07,-3.4933,2.2814,0.3982 
2013-03-08,-4.2394,2.8352,0.6400 
2013-03-09,-1.3816,5.7852,0.0056 
2013-03-10,2.8353,14.9646,0.3769 
2013-03-11,8.8267,13.2324,5.3387 
2013-03-12,1.2286,10.8389,13.6256 
2013-03-13,-3.2520,2.6429,2.3570 
2013-03-14,-6.3492,-0.8646,0.2358 
2013-03-15,-3.5209,3.4844,0.6784 
2013-03-16,-2.0302,1.0950,10.0610 
2013-03-17,-6.8265,-0.8866,0.2977 
2013-03-18,-4.4023,4.9510,5.2843 
2013-03-19,-4.3630,6.7377,4.1017 
2013-03-20,-4.3253,-2.2919,1.4459 
2013-03-21,-8.8068,-2.0063,1.7000 
2013-03-22,-5.0227,-0.8975,1.6905 
2013-03-23,-2.3805,1.8500,0.2164 
2013-03-24,-5.3819,2.1409,0.0021 
2013-03-25,-0.0826,1.7910,4.2092 
2013-03-26,-1.4233,3.2034,0.3251 
2013-03-27,-1.4586,2.5186,2.7139 
2013-03-28,0.0454,3.5084,2.1282 
2013-03-29,0.1029,6.0129,0.0592 
2013-03-30,3.2266,10.1520,0.0083 
2013-03-31,5.0196,10.2218,1.1863 
2013-04-01,-0.7913,10.3941,1.5234 
2013-04-02,-3.7437,0.9302,0.3939 
2013-04-03,-3.9371,0.9297,0.0644 
2013-04-04,-4.8819,9.7047,0.0178 
2013-04-05,0.3287,8.6695,0.0276 
2013-04-06,-3.1471,10.1267,1.4737e-04 
2013-04-07,10.0097,17.8746,0.0789 
2013-04-08,5.3210,20.8426,4.0856e-04 
2013-04-09,6.3418,22.6774,0.1759 
2013-04-10,9.9300,22.5240,9.7891 
2013-04-11,6.0945,16.3030,6.2836 
2013-04-12,6.9532,17.5549,8.6622 
2013-04-13,1.7198,6.3450,0.9693 
2013-04-14,1.1979,12.4949,0.2432 
2013-04-15,9.0441,19.7157,0.0200 
2013-04-16,11.5921,17.8442,2.9020 
2013-04-17,6.4117,16.6279,0.5461 
2013-04-18,13.8882,26.8659,7.4524e-04 
2013-04-19,7.6644,25.7035,7.3747 
2013-04-20,1.4150,7.0928,1.8621 
2013-04-21,-1.5522,8.8654,0.0277 
2013-04-22,4.0889,15.3957,0.0011 
2013-04-23,5.6046,20.1336,6.9806e-06 
2013-04-24,2.3939,19.2639,13.0496 
2013-04-25,0.9540,9.5162,2.0931 
2013-04-26,3.5170,13.1454,0.3842 
2013-04-27,7.7756,20.4170,1.6719e-05 
2013-04-28,11.5447,19.4260,4.5498 
2013-04-29,12.4625,16.4593,4.0882 
2013-04-30,10.9070,23.0018,0.4703 
2013-05-01,13.2198,24.2411,3.5713e-05 
2013-05-02,11.8569,23.2602,3.7547e-05 
2013-05-03,13.7777,22.6859,0.0000 
2013-05-04,11.4638,21.2873,0.0000 
2013-05-05,11.4267,21.1372,0.0000 
2013-05-06,9.9359,22.3141,0.0000 
2013-05-07,13.1693,22.3978,0.0039 
2013-05-08,15.1618,21.8318,3.1088 
2013-05-09,14.4436,22.4502,0.6965 
2013-05-10,14.7430,21.6918,5.3488 
2013-05-11,7.1154,15.5206,13.4211 
2013-05-12,4.1382,14.5232,2.3658 
2013-05-13,2.6120,7.0434,0.2621 
2013-05-14,3.3311,16.7533,0.0580 
2013-05-15,12.3979,25.5722,0.2030 
2013-05-16,14.6743,23.3075,0.0014 
2013-05-17,11.7331,22.1679,0.0040 
2013-05-18,14.4241,25.2379,0.0044 
2013-05-19,17.9219,25.4227,0.0030 
2013-05-20,17.6519,28.3646,0.0096 
2013-05-21,21.2026,28.7043,0.0426 
2013-05-22,20.3697,28.3465,0.1370 
2013-05-23,11.8426,26.4809,9.8138 
2013-05-24,3.9251,9.8032,1.6437 
2013-05-25,3.8013,12.0362,0.0041 
2013-05-26,4.7359,14.4432,5.8907e-06 
2013-05-27,9.3346,16.3872,0.0958 
2013-05-28,10.9144,24.9807,25.2754 
2013-05-29,19.6558,26.9993,3.1175 
2013-05-30,21.2074,28.6742,0.2816 
2013-05-31,20.8172,28.3662,0.9523 
2013-06-01,21.4922,27.4120,13.1932 
2013-06-02,19.1576,23.7168,29.3364 
2013-06-03,9.2116,18.9924,0.0353 
2013-06-04,11.1252,17.3597,0.0089 
2013-06-05,12.4737,22.5075,0.0839 
2013-06-06,15.8869,21.5658,27.8276 
2013-06-07,11.6689,16.9093,0.8704 
2013-06-08,10.8933,18.7388,0.0632 
2013-06-09,14.2408,24.5283,0.0091 
2013-06-10,17.4444,23.8023,11.0292 
2013-06-11,16.9894,21.1247,1.3177 
2013-06-12,17.3785,25.0629,0.4032 
2013-06-13,16.2800,22.3790,17.8781 
2013-06-14,12.2569,19.0630,0.9557 
2013-06-15,12.3387,22.8259,0.0180 
2013-06-16,18.3215,23.3629,0.3852 
2013-06-17,18.0685,25.6161,0.3768 
2013-06-18,16.5435,25.0329,3.3855 
2013-06-19,12.0148,20.5763,0.0033 
2013-06-20,15.4949,23.1006,0.0091 
2013-06-21,18.6568,27.1097,1.3209e-04 
2013-06-22,20.6466,30.0624,0.0012 
2013-06-23,21.9304,29.0877,0.2265 
2013-06-24,21.9238,29.0775,0.2385 
2013-06-25,22.0131,29.1442,0.8218 
2013-06-26,18.2927,27.5916,22.4440 
2013-06-27,19.8064,26.4622,14.0944 
2013-06-28,17.6239,23.6128,0.4671 
2013-06-29,17.0978,21.6200,15.9130 
2013-06-30,16.6901,21.9151,1.0028 
2013-07-01,17.9439,21.2838,0.3800 
2013-07-02,17.3075,25.2016,0.0402 
2013-07-03,19.0247,27.2315,1.0154 
2013-07-04,18.8529,23.7454,6.1473 
2013-07-05,19.3869,23.5141,2.4006 
2013-07-06,21.1225,27.1877,1.4135 
2013-07-07,20.2402,24.7171,0.7535 
2013-07-08,20.2037,29.1124,0.6908 
2013-07-09,19.1818,26.9361,16.9432 
2013-07-10,20.5564,28.3855,26.3183 
2013-07-11,17.2860,21.3748,12.5340 
2013-07-12,16.9114,24.0447,0.0179 
2013-07-13,18.1847,26.1986,1.7565e-04 
2013-07-14,19.9965,28.2467,0.0211 
2013-07-15,23.5754,29.5019,0.0111 
2013-07-16,24.0108,30.1842,0.2341 
2013-07-17,24.1871,30.6072,0.0408 
2013-07-18,25.4006,31.0392,0.0201 
2013-07-19,24.6185,31.3728,0.0862 
2013-07-20,21.7626,30.5236,31.1466 
2013-07-21,19.0082,25.2969,0.4051 
2013-07-22,19.2193,25.1128,1.3939 
2013-07-23,18.8183,26.2788,4.5566 
2013-07-24,14.4582,18.9956,6.8051 
2013-07-25,14.7469,21.1717,0.0022 
2013-07-26,16.8440,23.8522,0.0105 
2013-07-27,18.0626,23.4270,6.2874 
2013-07-28,14.5400,20.1402,1.9384 
2013-07-29,14.0392,19.8694,0.5865 
2013-07-30,15.7050,22.6224,0.0047 
2013-07-31,18.1129,24.5362,0.0473 
2013-08-01,17.4445,23.7774,2.8858 
2013-08-02,16.0797,22.2977,0.0904 
2013-08-03,17.6978,21.9943,1.2697 
2013-08-04,15.2982,20.4686,0.1255 
2013-08-05,14.3586,20.3876,0.0341 
2013-08-06,15.7942,24.9545,0.0036 
2013-08-07,19.6298,27.2251,4.6828 
2013-08-08,19.0142,26.8714,6.9056 
2013-08-09,18.4148,22.3958,4.5186 
2013-08-10,18.2607,22.2929,0.0444 
2013-08-11,17.5687,23.8743,0.0815 
2013-08-12,19.2042,25.3597,0.7718 
2013-08-13,16.0566,20.8736,13.2508 
2013-08-14,13.3588,16.9935,0.2446 
2013-08-15,14.6497,19.2968,8.6209e-06 
2013-08-16,15.7384,22.2143,0.0116 
2013-08-17,17.7194,23.8038,1.5695e-04 
2013-08-18,18.7012,24.7652,0.0138 
2013-08-19,17.7999,23.8697,0.0036 
2013-08-20,19.7010,26.5910,0.0125 
2013-08-21,20.9946,28.0359,0.0106 
2013-08-22,19.6030,27.1944,0.0086 
2013-08-23,19.1308,24.9481,0.0145 
2013-08-24,17.0296,24.1002,0.0106 
2013-08-25,18.3559,26.4431,0.0096 
2013-08-26,19.6361,28.9796,2.5625 
2013-08-27,22.3316,28.1025,5.6125 
2013-08-28,20.2971,27.3477,23.3602 
2013-08-29,19.6061,26.7168,0.1797 
2013-08-30,22.1322,27.8391,0.0188 
2013-08-31,22.5167,26.8918,0.0743 
2013-09-01,19.6733,25.6192,1.6127 
2013-09-02,20.6003,24.2488,1.0232 
2013-09-03,15.3382,20.4563,0.0098 
2013-09-04,14.4048,22.1983,0.0097 
2013-09-05,15.5275,21.1460,0.0020 
2013-09-06,11.9557,19.9603,0.0104 
2013-09-07,15.1651,24.4909,0.0013 
2013-09-08,18.1251,22.2948,0.0170 
2013-09-09,13.2381,26.4857,0.0691 
2013-09-10,23.0114,31.1835,0.0815 
2013-09-11,23.7978,30.7557,0.0031 
2013-09-12,18.1112,29.0333,10.4062 
2013-09-13,13.1848,18.4522,4.8994 
2013-09-14,9.2045,15.3481,0.1877 
2013-09-15,11.2893,16.8483,0.0474 
2013-09-16,12.5148,16.1948,0.6458 
2013-09-17,8.1549,17.8339,0.0037 
2013-09-18,9.8842,19.4705,0.0099 
2013-09-19,13.2743,24.7620,0.1265 
2013-09-20,17.0644,26.2409,3.3645 
2013-09-21,15.7824,20.3666,28.8262 
2013-09-22,11.7319,15.0196,1.3989 
2013-09-23,10.0436,14.0702,0.2640 
2013-09-24,9.4098,16.8995,0.0096 
2013-09-25,11.8911,19.3935,7.0527e-04 
2013-09-26,13.2896,19.8150,0.1828 
2013-09-27,12.8707,20.0774,0.0094 
2013-09-28,13.8268,21.8029,0.0089 
2013-09-29,13.3088,21.5185,4.4585e-06 
2013-09-30,15.9745,19.9057,0.3646 
2013-10-01,14.9017,22.5953,0.1362 
2013-10-02,15.9885,22.4313,6.0873e-05 
2013-10-03,17.0891,23.6888,1.1148 
2013-10-04,18.9750,24.8824,0.4942 
2013-10-05,18.4898,24.7606,3.2519 
2013-10-06,19.4651,24.4532,0.6763 
2013-10-07,9.6711,23.6020,21.6053 
2013-10-08,11.4368,16.7040,0.5329 
2013-10-09,9.7253,18.0036,0.0084 
2013-10-10,10.6034,17.5651,3.1340e-05 
2013-10-11,13.5220,19.8594,0.0637 
2013-10-12,12.8176,21.9514,0.0200 
2013-10-13,15.0641,20.6140,0.1919 
2013-10-14,11.6564,15.9697,0.0351 
2013-10-15,10.8231,19.8270,0.0087 
2013-10-16,15.2996,18.9256,21.5599 
2013-10-17,8.5739,15.0979,3.8008 
2013-10-18,7.7448,14.5511,2.1379 
2013-10-19,6.1275,12.7088,7.6318 
2013-10-20,3.8247,12.0612,4.7382 
2013-10-21,8.1808,14.7204,0.0142 
2013-10-22,4.6977,13.4658,4.6652 
2013-10-23,3.5246,6.4209,6.8669 
2013-10-24,1.4733,5.5496,7.7758 
2013-10-25,3.0887,6.1934,2.9624 
2013-10-26,0.4556,6.2979,0.3993 
2013-10-27,4.4488,7.3971,1.6021 
2013-10-28,4.4761,10.8767,0.0659 
2013-10-29,3.8973,11.0198,0.0000 
2013-10-30,6.8154,15.9383,0.0022 
2013-10-31,11.6474,17.4548,10.2888 
2013-11-01,10.5206,17.8103,10.1321 
2013-11-02,5.6386,10.3398,6.4846 
2013-11-03,2.2663,5.6761,1.2240 
2013-11-04,-2.6603,5.2146,7.0998e-04 
2013-11-05,4.4429,12.5812,0.0045 
2013-11-06,8.8127,16.5584,1.0043 
2013-11-07,3.9294,14.4857,14.0916 
2013-11-08,2.0951,4.4835,4.6141 
2013-11-09,0.2308,10.3669,0.1143 
2013-11-10,4.6667,9.8794,0.4664 
2013-11-11,1.6035,8.0455,2.9219 
2013-11-12,-1.3282,3.1270,10.3604 
2013-11-13,-3.3378,0.3302,0.8250 
2013-11-14,-2.5524,6.5160,4.9284e-04 
2013-11-15,2.1392,8.7026,0.0000 
2013-11-16,3.8394,13.5999,9.1138e-04 
2013-11-17,12.7624,17.2021,3.4691 
2013-11-18,3.4288,16.4896,9.4816 
2013-11-19,0.4230,2.8229,0.1400 
2013-11-20,-3.9788,6.2563,4.5403e-04 
2013-11-21,2.4503,7.1775,2.3264 
2013-11-22,3.4250,8.6961,4.7583 
2013-11-23,-3.8515,2.6754,1.5473 
2013-11-24,-6.3476,-4.3503,0.6555 
2013-11-25,-9.4590,-0.6218,0.0849 
2013-11-26,-0.6589,0.6501,2.9019 
2013-11-27,-3.3489,-0.3848,4.3080 
2013-11-28,-5.1286,-2.8968,0.6505 
2013-11-29,-5.6857,-0.5798,2.6364 
2013-11-30,-4.9988,2.4592,0.2167 
2013-12-01,-0.0501,4.6939,0.0061 
2013-12-02,0.8954,3.0078,0.0292 
2013-12-03,0.1085,6.3585,0.0622 
2013-12-04,3.4072,7.6643,0.0633 
2013-12-05,3.7227,15.0399,0.2183 
2013-12-06,-3.2006,2.8286,4.7330 
2013-12-07,-5.6325,-3.3735,2.4964 
2013-12-08,-8.2307,-2.8988,0.2848 
2013-12-09,-2.6915,2.3069,1.0931 
2013-12-10,-7.4492,-2.9350,0.5742 
2013-12-11,-8.7517,-5.6518,1.4053 
2013-12-12,-10.2622,-5.7600,1.1539 
2013-12-13,-10.1266,-3.1011,0.2839 
2013-12-14,-6.0984,0.8439,10.5437 
2013-12-15,-6.0091,1.1302,9.8032 
2013-12-16,-8.6924,-6.1374,2.1852 
2013-12-17,-9.1739,-1.4332,2.9328 
2013-12-18,-4.2204,-2.6823,1.7159 
2013-12-19,-3.8811,6.9597,0.6301 
2013-12-20,3.3899,8.0949,4.4516 
2013-12-21,4.5703,12.7367,25.2001 
2013-12-22,5.0007,14.2091,24.9340 
2013-12-23,-2.0511,8.9436,0.4825 
2013-12-24,-9.9863,-2.2621,1.7372 
2013-12-25,-11.1124,-4.6788,0.4580 
2013-12-26,-4.5545,-2.3557,1.4250 
2013-12-27,-5.7741,2.9483,0.6125 
2013-12-28,1.1781,7.0264,0.0120 
2013-12-29,2.2424,5.2783,1.3232 
2013-12-30,-8.4698,2.5486,1.7603 
2013-12-31,-8.9330,-7.6019,1.7946 
2014-01-01,-7.7173,-5.5319,5.4347 
2014-01-02,-7.7674,-5.8981,7.7557 
2014-01-03,-12.8568,-8.2559,2.6351 
2014-01-04,-13.1463,0.1678,0.0033 
2014-01-05,-3.5191,3.4554,1.2761 
2014-01-06,-20.0490,5.7794,11.9879 
2014-01-07,-24.1392,-17.8256,0.4683 
2014-01-08,-18.0166,-6.8901,0.2495 
2014-01-09,-12.6862,-2.3113,0.1858 
2014-01-10,-2.4705,5.5727,4.2146 
2014-01-11,1.8249,8.7174,13.1769 
2014-01-12,-1.3496,2.5956,1.4746 
2014-01-13,1.4841,6.1983,0.5009 
2014-01-14,-1.1933,6.2485,2.9016 
2014-01-15,-5.3479,1.1069,0.2972 
2014-01-16,-9.8087,-1.6503,1.2466 
2014-01-17,-1.8930,2.3763,1.0953 
2014-01-18,-11.4450,-0.3253,8.0289 
2014-01-19,-8.2568,-0.6958,0.8219 
2014-01-20,-6.2990,0.5312,1.0720 
2014-01-21,-15.2917,-6.9923,0.3065 
2014-01-22,-18.7864,-12.4984,0.3546 
2014-01-23,-13.3086,-10.9823,1.4707 
2014-01-24,-17.5944,-9.7967,0.1086 
2014-01-25,-9.3268,-2.8647,7.0812 
2014-01-26,-13.3290,-4.5026,3.1187 
2014-01-27,-13.8396,-0.0457,6.8823 
2014-01-28,-20.7225,-14.3577,0.2342 
2014-01-29,-20.3332,-10.4959,3.0278e-04 
2014-01-30,-14.1302,-3.0576,8.5627e-08 
2014-01-31,-3.2913,0.0744,0.2451 
2014-02-01,-2.2412,2.7392,2.8694 
2014-02-02,-4.1999,3.7435,5.2019 
2014-02-03,-8.9325,-4.5484,0.0297 
2014-02-04,-10.8752,-2.8354,0.0323 
2014-02-05,-5.6876,-3.6679,13.1349 
2014-02-06,-13.2319,-6.1426,1.9342 
2014-02-07,-17.0148,-7.2267,0.3372 
2014-02-08,-17.3388,-8.9105,0.0354 
2014-02-09,-11.2646,-5.5888,4.6949 
2014-02-10,-10.2402,-8.1937,0.7685 
2014-02-11,-13.1630,-9.1316,0.4775 
2014-02-12,-14.4048,-2.1606,0.0222 
2014-02-13,-9.5364,-2.3470,0.6556 
2014-02-14,-9.5023,-3.0333,2.8000 
2014-02-15,-10.0100,-4.4597,0.4064 
2014-02-16,-11.6346,-6.2878,1.8143 
2014-02-17,-14.4700,-2.3851,0.4255 
2014-02-18,-4.4611,3.3005,10.8400 
2014-02-19,1.5593,4.6679,0.2432 
2014-02-20,-2.8020,6.6494,12.3569 
2014-02-21,0.5903,6.9040,6.3313 
2014-02-22,0.4144,3.7543,0.0626 
2014-02-23,-3.2316,1.2870,0.5495 
2014-02-24,-9.0569,-4.1445,0.1575 
2014-02-25,-10.0919,-5.9737,0.4998 
2014-02-26,-13.1097,-6.1937,0.9042 
2014-02-27,-14.5581,-9.8190,1.2933 
2014-02-28,-18.7747,-5.4522,0.0219 
2014-03-01,-8.4924,4.8159,0.0129 
2014-03-02,-12.3868,0.8320,4.8624 
2014-03-03,-17.8459,-11.6741,0.0168 
2014-03-04,-16.8681,-5.7113,0.0033 
2014-03-05,-12.0826,-6.3216,0.0897 
2014-03-06,-10.8622,1.1201,0.0024 
2014-03-07,-5.1237,8.7668,8.6516e-04 
2014-03-08,-1.8604,7.2396,2.7350 
2014-03-09,-10.7028,1.1799,0.1655 
2014-03-10,0.8640,8.9860,0.0306 
2014-03-11,3.6230,8.7755,9.7689e-05 
2014-03-12,-5.6566,5.3285,29.0959 
2014-03-13,-16.7154,-6.6106,1.3750 
2014-03-14,-7.3178,9.2568,0.1285 
2014-03-15,0.0276,7.5011,2.5527 
2014-03-16,-11.3453,-0.5247,0.0343 
2014-03-17,-11.3556,2.6147,0.0053 
2014-03-18,-4.6546,8.1950,8.3466e-04 
2014-03-19,1.8254,6.5526,8.8294 
2014-03-20,-0.1678,5.9583,1.6821 
2014-03-21,-3.8067,5.2502,0.3213 
2014-03-22,0.4804,6.2752,0.7456 
2014-03-23,-10.1662,1.5588,0.2333 
2014-03-24,-10.5294,-2.9819,0.3515 
2014-03-25,-6.6630,0.5225,0.9043 
2014-03-26,-11.1122,-2.5586,1.3676 
2014-03-27,-8.4944,4.8760,0.2151 
2014-03-28,4.0689,9.9333,1.2092 
2014-03-29,-1.1077,4.6485,2.8181 
2014-03-30,-1.7431,2.6882,4.9764 
2014-03-31,-2.7274,8.5311,0.0013 
2014-04-01,3.5912,14.8205,0.0368 
2014-04-02,1.6551,8.4110,2.2493e-04 
2014-04-03,-0.7024,6.7303,8.6769 
2014-04-04,5.4027,16.9004,13.0440 
2014-04-05,-1.5493,10.6443,0.4990 
2014-04-06,1.5891,11.5900,0.0033 
2014-04-07,5.3996,10.3885,5.7961 
2014-04-08,3.2543,9.7813,13.7332 
2014-04-09,-0.2104,8.3516,0.0392 
2014-04-10,4.5783,19.2834,0.0000 
2014-04-11,10.1266,18.2413,12.1952 
2014-04-12,9.2952,19.9453,0.0040 
2014-04-13,16.5456,24.9478,0.0035 
2014-04-14,14.6943,24.2464,7.7394 
2014-04-15,-3.8781,13.1214,27.5897 
2014-04-16,-6.6319,4.7481,0.3572 
2014-04-17,-0.5553,14.8277,0.0000 
2014-04-18,5.7503,16.3768,1.7687e-05 
2014-04-19,0.5531,13.2249,8.5554e-05 
2014-04-20,5.0625,21.1792,9.4996e-05 
2014-04-21,10.7523,22.8185,2.1970e-05 
2014-04-22,10.5144,21.1677,2.0796 
2014-04-23,2.2277,9.9162,0.6497 
2014-04-24,0.4741,13.1111,4.4841e-04 
2014-04-25,6.7643,14.2719,7.2119 
2014-04-26,5.9196,11.9473,0.0827 
2014-04-27,-0.0189,12.3136,0.0083 
2014-04-28,6.9691,17.0372,1.5732 
2014-04-29,10.8550,15.3922,14.4712 
2014-04-30,10.1152,15.5658,17.1824 
2014-05-01,8.6729,15.4551,1.8665 
2014-05-02,6.8671,12.7738,0.1072 
2014-05-03,7.9086,12.9471,2.6216 
2014-05-04,7.3894,12.8469,0.2731 
2014-05-05,4.0861,12.1130,0.3426 
2014-05-06,4.8465,14.4208,0.0539 
2014-05-07,8.5644,21.2019,0.5160 
2014-05-08,15.3388,26.7889,0.6140 
2014-05-09,18.5952,25.9657,2.2774 
2014-05-10,16.8005,22.1556,7.4009 
2014-05-11,13.1733,24.0431,1.6552e-04 
2014-05-12,17.4383,27.5404,5.3548 
2014-05-13,20.2143,27.9510,9.7691 
2014-05-14,16.9813,26.7885,5.8217 
2014-05-15,12.7667,21.1801,23.9216 
2014-05-16,4.9112,12.3867,1.4083 
2014-05-17,6.2101,10.0777,2.6965 
2014-05-18,5.7021,14.7762,0.0320 
2014-05-19,11.0903,18.2530,2.1471e-04 
2014-05-20,13.5027,18.5652,0.3647 
2014-05-21,17.4371,21.7776,1.1916 
2014-05-22,15.9098,20.7730,1.1045 
2014-05-23,9.3509,17.2452,0.0287 
2014-05-24,10.3847,20.2022,0.0145 
2014-05-25,16.4258,23.9174,0.0011 
2014-05-26,19.1294,26.9531,0.0012 
2014-05-27,21.2636,26.5117,0.8288 
2014-05-28,18.0053,25.8843,0.1182 
2014-05-29,14.5289,21.4963,0.0095 
2014-05-30,14.1049,22.6310,2.3554e-04 
2014-05-31,16.6826,23.0772,2.0322e-06 
2014-06-01,14.3715,26.7413,0.0000 
2014-06-02,19.8383,27.3837,0.4285 
2014-06-03,18.7030,26.8920,5.7920 
2014-06-04,14.8874,23.9207,1.8880 
2014-06-05,11.3328,17.3038,2.2661 
2014-06-06,11.1742,21.0543,7.0952e-09 
2014-06-07,16.4807,25.0907,0.0000 
2014-06-08,15.1820,24.2847,19.0377 
2014-06-09,13.2259,20.2394,0.4860 
2014-06-10,15.3264,22.9482,0.0781 
2014-06-11,19.5720,27.1100,0.4449 
2014-06-12,17.8598,26.7722,0.2781 
2014-06-13,18.0419,22.5607,0.4992 
2014-06-14,12.2016,18.4587,0.0089 
2014-06-15,13.5880,25.1114,2.9912e-08 
2014-06-16,19.5937,26.5607,0.9237 
2014-06-17,21.9802,30.4986,0.4019 
2014-06-18,20.2743,29.2354,19.6131 
2014-06-19,18.3800,23.6317,16.6001 
2014-06-20,16.7643,23.4268,0.3089 
2014-06-21,16.1462,22.8483,1.4727 
2014-06-22,17.4280,25.0272,0.0332 
2014-06-23,19.1347,28.0800,2.5570 
2014-06-24,21.1113,28.7292,8.1986 
2014-06-25,18.4008,24.6836,39.8969 
2014-06-26,16.3198,22.6992,0.2247 
2014-06-27,17.7780,25.8877,0.0020 
2014-06-28,19.7994,28.8831,0.0021 
2014-06-29,21.7342,28.1370,5.6197 
2014-06-30,21.7507,28.3299,0.4880 
2014-07-01,22.1382,29.1240,0.0517 
2014-07-02,21.5056,28.3267,0.6393 
2014-07-03,18.7800,23.0956,2.1594 
2014-07-04,13.5173,19.0694,0.0244 
2014-07-05,15.9595,22.7266,0.0000 
2014-07-06,18.4038,25.1223,0.0195 
2014-07-07,20.4482,25.8647,0.9538 
2014-07-08,20.5428,24.9400,23.1975 
2014-07-09,17.7647,21.8930,1.0129 
2014-07-10,16.8866,22.7863,0.0183 
2014-07-11,17.7789,25.8984,0.0039 
2014-07-12,20.2127,27.8937,2.2508e-04 
2014-07-13,21.4759,27.0942,5.0033 
2014-07-14,21.2454,26.6186,1.7989 
2014-07-15,17.8911,24.0097,3.2828 
2014-07-16,15.4721,18.6114,0.5256 
2014-07-17,14.6495,20.2840,0.2829 
2014-07-18,16.1083,23.2618,0.0692 
2014-07-19,15.9025,22.4741,11.3702 
2014-07-20,16.7959,22.6934,1.9712 
2014-07-21,18.7797,26.2159,0.0253 
2014-07-22,21.3512,29.6510,0.0032 
2014-07-23,19.9707,28.8695,0.4589 
2014-07-24,16.0894,20.0508,0.0053 
2014-07-25,15.9078,23.3498,4.9237e-08 
2014-07-26,18.5727,26.5539,1.8759 
2014-07-27,17.1400,26.6843,9.5485 
2014-07-28,16.1462,17.5909,42.1001 
2014-07-29,12.0547,18.3950,0.0776 
2014-07-30,13.6544,20.4407,0.3096 
2014-07-31,14.3736,23.0423,1.0033 
2014-08-01,18.6864,25.4803,0.0239 
2014-08-02,17.3771,24.0184,4.0945 
2014-08-03,16.6507,23.4927,2.2636 
2014-08-04,19.4726,26.1313,0.0269 
2014-08-05,19.0476,25.1347,3.1844 
2014-08-06,16.8752,22.8572,1.1205 
2014-08-07,17.2424,23.4856,3.1679e-04 
2014-08-08,17.6282,24.1102,0.0000 
2014-08-09,17.7617,25.2216,2.9793e-05 
2014-08-10,18.4299,26.8002,3.5210e-05 
2014-08-11,19.3619,25.7358,6.2701 
2014-08-12,17.8777,22.6999,23.6057 
2014-08-13,15.5779,19.4875,10.4787 
2014-08-14,16.2609,19.0594,0.0039 
2014-08-15,14.1467,18.8332,2.6960e-05 
2014-08-16,13.9259,23.7165,0.0147 
2014-08-17,17.4974,23.1632,11.3753 
2014-08-18,16.9153,24.1936,6.7274e-04 
2014-08-19,17.6842,27.2793,0.0240 
2014-08-20,20.7921,26.4710,28.9037 
2014-08-21,20.9890,26.6946,1.3965 
2014-08-22,20.8234,25.5561,2.8175 
2014-08-23,19.5486,24.2597,0.0232 
2014-08-24,17.8800,25.3476,0.0079 
2014-08-25,18.0994,25.0379,7.1621e-05 
2014-08-26,18.7441,28.0735,0.1753 
2014-08-27,20.2571,27.1389,0.1172 
2014-08-28,14.7173,19.4843,7.2496e-05 
2014-08-29,14.4251,23.0381,0.0000 
2014-08-30,18.6390,29.2231,2.7403e-04 
2014-08-31,20.3684,27.5066,2.1232 
2014-09-01,21.5435,26.6270,0.3433 
2014-09-02,19.0179,23.8555,1.8954 
2014-09-03,18.3768,24.8632,0.2587 
2014-09-04,20.3974,27.0951,4.7553e-06 
2014-09-05,20.5345,29.5073,0.0090 
2014-09-06,16.1742,28.1741,17.0295 
2014-09-07,16.0070,20.4831,5.9002e-04 
2014-09-08,14.6467,23.7533,5.5576e-04 
2014-09-09,16.1469,22.5687,0.1420 
2014-09-10,17.7218,24.9480,5.7483 
2014-09-11,15.6575,24.5360,29.1372 
2014-09-12,11.9439,15.9696,1.3191 
2014-09-13,10.2763,14.1665,0.5881 
2014-09-14,9.8210,15.9273,0.0678 
2014-09-15,10.6617,18.0410,0.6285 
2014-09-16,11.9428,15.7630,8.0500 
2014-09-17,11.4199,16.3373,0.0189 
2014-09-18,13.1388,17.4085,0.0100 
2014-09-19,10.1808,19.3685,0.0081 
2014-09-20,15.6902,23.7626,0.0066 
2014-09-21,15.6901,21.9879,2.6877 
2014-09-22,10.1143,15.0080,3.7777 
2014-09-23,10.4099,17.8118,2.9232e-05 
2014-09-24,12.9594,21.4978,0.0000 
2014-09-25,12.4108,21.0721,8.1497e-05 
2014-09-26,16.3199,21.8235,7.2329e-05 
2014-09-27,16.4234,22.5311,0.0000 
2014-09-28,17.4811,21.9545,0.0000 
2014-09-29,16.6889,21.5479,9.7741e-07 
2014-09-30,15.3296,19.4326,11.2715 
2014-10-01,12.9209,20.0081,0.6349 
2014-10-02,14.1330,22.0926,9.5166e-04 
2014-10-03,16.0378,22.5013,8.7505 
2014-10-04,5.9565,15.0599,8.5334 
2014-10-05,4.1860,9.9396,1.0365 
2014-10-06,6.9177,16.3724,1.8088 
2014-10-07,10.3964,16.6018,5.0674 
2014-10-08,11.0451,13.2843,0.5597 
2014-10-09,9.2565,13.4403,7.3186e-04 
2014-10-10,8.3382,12.7568,0.0193 
2014-10-11,7.0882,11.1227,0.0174 
2014-10-12,5.1260,15.8959,0.0012 
2014-10-13,12.2039,22.4351,4.4159 
2014-10-14,18.7107,24.8318,0.4271 
2014-10-15,14.6778,22.4246,15.7706 
2014-10-16,10.9938,16.0593,4.3431 
2014-10-17,9.9526,16.7272,0.5479 
2014-10-18,7.5831,15.6083,7.7315 
2014-10-19,5.6484,9.0379,1.6885 
2014-10-20,6.5309,14.5030,1.2542 
2014-10-21,8.9292,10.9901,20.0835 
2014-10-22,7.7272,9.2741,2.6535 
2014-10-23,6.8357,11.6830,0.0018 
2014-10-24,7.6690,12.5698,2.6830e-06 
2014-10-25,9.1893,17.5904,0.0018 
2014-10-26,9.1854,15.9094,0.0026 
2014-10-27,7.5976,18.9645,2.6193e-06 
2014-10-28,15.7503,21.2324,1.4160 
2014-10-29,9.1753,15.4355,0.2105 
2014-10-30,6.6332,8.9599,2.8803 
2014-10-31,4.8248,8.1904,0.6927 
2014-11-01,2.9578,6.1351,4.2363 
2014-11-02,0.1880,4.9882,0.0579 
2014-11-03,0.9627,12.2996,2.8194e-04 
2014-11-04,8.9789,16.5381,0.0832 
2014-11-05,7.2500,13.6986,5.5988 
2014-11-06,6.3910,10.4501,3.9227 
2014-11-07,2.2786,7.0844,7.4471 
2014-11-08,-0.7870,6.7355,0.1745 
2014-11-09,2.4881,8.5627,0.7798 
2014-11-10,5.2704,15.1326,0.0020 
2014-11-11,12.2018,17.5938,0.0025 
2014-11-12,2.0056,16.0061,2.0108 
2014-11-13,-1.1339,1.7156,2.3219 
2014-11-14,-3.9148,-0.3431,1.1727 
2014-11-15,-3.9884,-0.0571,1.2748 
2014-11-16,-3.2455,1.3990,0.1577 
2014-11-17,-5.0328,0.5611,9.0200 
2014-11-18,-11.7272,-6.3980,0.8359 
2014-11-19,-11.7366,-0.8131,1.7798 
2014-11-20,-6.7738,0.3959,1.5768 
2014-11-21,-6.5052,-4.1668,4.9745 
2014-11-22,-7.6259,5.7937,7.5487 
2014-11-23,4.3745,9.4482,4.0738 
2014-11-24,6.8926,15.7356,4.9011 
2014-11-25,0.4607,6.4265,0.1078 
2014-11-26,-3.1349,0.0856,0.0467 
2014-11-27,-2.3962,0.5943,1.4446 
2014-11-28,-5.1111,-1.4234,0.7080 
2014-11-29,-4.3402,3.8972,0.7289 
2014-11-30,3.5946,13.5344,0.2311 
2014-12-01,-2.2317,13.9601,2.5920 
2014-12-02,-5.5093,2.5609,0.9375 
2014-12-03,-2.0264,3.4070,0.2476 
2014-12-04,-3.4671,1.1038,0.0297 
2014-12-05,-3.0428,4.5564,0.4267 
2014-12-06,1.7756,4.8777,16.8039 
2014-12-07,-2.5139,2.4344,0.0401 
2014-12-08,-1.3072,3.5603,1.2475e-04 
2014-12-09,1.0938,5.6168,0.1506 
2014-12-10,-1.9954,3.1610,2.2451 
2014-12-11,-2.3287,0.5121,0.5254 
2014-12-12,-0.9654,1.5894,0.0304 
2014-12-13,-1.2187,2.1524,0.0628 
2014-12-14,1.7274,5.9749,0.2661 
2014-12-15,5.6175,8.0794,0.1828 
2014-12-16,3.9828,9.3086,9.4152 
2014-12-17,-1.1340,7.2701,3.2475 
2014-12-18,-2.7654,-0.7217,0.5583 
2014-12-19,-2.7555,-1.2311,0.6075 
2014-12-20,-3.5880,-1.5230,0.0451 
2014-12-21,-4.6842,0.6658,0.0160 
2014-12-22,-3.8480,5.7476,0.0107 
2014-12-23,2.7482,8.1894,0.6559 
2014-12-24,7.7946,13.1557,2.4556 
2014-12-25,2.3788,12.9828,3.6868 
2014-12-26,0.1924,7.7736,0.0076 
2014-12-27,4.4986,11.6897,0.0713 
2014-12-28,0.5319,9.7696,8.2605 
2014-12-29,-2.8023,0.4340,0.0458 
2014-12-30,-5.2682,-3.1650,0.0348 
2014-12-31,-8.2459,-5.5071,0.6590 
2015-01-01,-8.7495,-7.0178,0.0629 
