Meteorological forcing data for the Large Basin Runoff Model.      
eri, 05,   <- lake basin, subbasin            
yyyy-mm-dd, Tmin(C), Tmax(C), Prec(mm)                             
2010-01-01,-9.0443,-3.9650,0.0594 
2010-01-02,-14.7383,-6.7712,0.0803 
2010-01-03,-17.3940,-6.3708,0.0366 
2010-01-04,-8.6820,-6.2812,1.9029 
2010-01-05,-8.8696,-4.7769,0.3164 
2010-01-06,-4.7476,-2.2626,0.1634 
2010-01-07,-7.3304,-3.0444,2.6091 
2010-01-08,-7.5475,-4.3536,1.4122 
2010-01-09,-15.2347,-7.7560,0.1033 
2010-01-10,-12.1671,-8.2919,0.0371 
2010-01-11,-12.8031,-5.2859,1.5068 
2010-01-12,-7.6261,-5.6031,0.1588 
2010-01-13,-9.4146,-3.1293,0.0025 
2010-01-14,-4.6211,0.6311,0.0014 
2010-01-15,-0.2273,2.0032,0.0699 
2010-01-16,-5.8751,-0.4996,0.0059 
2010-01-17,-1.9608,-0.1702,0.0476 
2010-01-18,-5.6870,-0.7544,0.0072 
2010-01-19,-3.7271,-0.6777,0.0354 
2010-01-20,-6.3351,-1.2840,0.0190 
2010-01-21,-4.6099,-0.3249,0.0024 
2010-01-22,-0.2331,1.0970,0.1620 
2010-01-23,-1.8962,2.5976,0.0323 
2010-01-24,2.9280,10.4294,8.4278 
2010-01-25,-0.9904,9.3365,1.3128 
2010-01-26,-5.7746,-0.0886,0.6423 
2010-01-27,-9.9345,-2.7810,0.0609 
2010-01-28,-10.0519,-2.8653,0.5585 
2010-01-29,-15.5723,-8.9958,0.0230 
2010-01-30,-11.3435,-7.3264,0.1260 
2010-01-31,-12.0755,-3.9131,0.0205 
2010-02-01,-8.6180,-3.8567,0.0923 
2010-02-02,-5.0043,-1.0214,0.3934 
2010-02-03,-3.0144,0.4280,0.4097 
2010-02-04,-5.9494,1.1213,0.0154 
2010-02-05,-2.1043,0.5396,0.3863 
2010-02-06,-7.2889,-1.2137,1.4879 
2010-02-07,-8.7847,-2.9595,0.0908 
2010-02-08,-6.5014,-2.8868,0.0417 
2010-02-09,-5.8565,-2.5395,9.8302 
2010-02-10,-4.4774,-2.3198,9.0570 
2010-02-11,-7.5596,-3.0353,0.0677 
2010-02-12,-8.6288,-3.3069,0.1620 
2010-02-13,-8.7364,-2.7975,0.3116 
2010-02-14,-6.4681,-2.7675,0.0217 
2010-02-15,-8.8372,-2.7003,0.0282 
2010-02-16,-6.1682,-2.3497,0.5165 
2010-02-17,-5.3661,0.4989,0.1685 
2010-02-18,-4.3037,0.4212,0.0421 
2010-02-19,-6.3364,0.5968,1.9941e-05 
2010-02-20,-4.7222,-0.3601,8.7298e-05 
2010-02-21,-1.6060,0.4020,0.0231 
2010-02-22,-1.1951,0.4832,15.3194 
2010-02-23,-3.9244,-0.8164,0.2249 
2010-02-24,-3.5897,-0.9226,1.8676 
2010-02-25,-6.3628,-1.9822,1.4344 
2010-02-26,-6.1540,-3.4817,7.0794 
2010-02-27,-3.5513,0.2986,3.1633 
2010-02-28,-3.2034,1.0588,0.1945 
2010-03-01,-3.7430,0.7699,0.0564 
2010-03-02,-5.7740,0.2791,0.0096 
2010-03-03,-7.7475,0.5331,0.0232 
2010-03-04,-7.1183,1.1763,1.4540e-04 
2010-03-05,-7.3154,1.4393,4.1144e-04 
2010-03-06,-2.2108,2.1361,2.1459e-04 
2010-03-07,-0.9965,4.5762,7.0059e-05 
2010-03-08,2.1830,6.5593,0.0240 
2010-03-09,2.7878,11.0545,2.6498e-05 
2010-03-10,5.5799,15.6085,0.9359 
2010-03-11,7.9318,15.2608,0.0563 
2010-03-12,10.7088,14.1502,7.9054 
2010-03-13,4.4807,9.9649,7.2279 
2010-03-14,2.4140,5.0448,6.5535 
2010-03-15,3.4837,11.3167,0.6338 
2010-03-16,2.3771,13.1545,1.1936e-04 
2010-03-17,7.2910,14.1311,0.0000 
2010-03-18,6.0288,16.3249,0.0000 
2010-03-19,6.0663,17.1067,8.0325e-06 
2010-03-20,3.7939,16.3946,0.0019 
2010-03-21,-1.3935,8.2080,0.6549 
2010-03-22,2.2386,6.0650,3.5287 
2010-03-23,3.4763,11.8879,0.2158 
2010-03-24,2.5936,12.3373,5.0327e-04 
2010-03-25,1.6805,11.7235,10.8658 
2010-03-26,-4.7280,1.0832,0.0274 
2010-03-27,-3.1035,6.9243,1.7255e-04 
2010-03-28,4.0041,9.2456,9.8746 
2010-03-29,2.1096,9.7285,2.3299 
2010-03-30,-1.3080,11.7128,0.0443 
2010-03-31,6.0162,20.6706,3.1345e-04 
2010-04-01,13.5303,25.6283,3.6049e-04 
2010-04-02,14.2610,26.9216,0.0000 
2010-04-03,12.4724,26.2150,0.0477 
2010-04-04,8.9981,21.3335,0.0025 
2010-04-05,11.2367,22.5236,0.3773 
2010-04-06,15.3311,26.7236,0.0415 
2010-04-07,15.7082,26.3531,22.0170 
2010-04-08,5.1056,16.1775,22.0946 
2010-04-09,-2.2239,7.7805,0.1381 
2010-04-10,2.3786,18.7972,0.0040 
2010-04-11,9.0321,18.6758,0.0282 
2010-04-12,6.7100,14.0940,0.1205 
2010-04-13,5.1295,11.2050,4.2049 
2010-04-14,6.0172,18.4497,0.0000 
2010-04-15,14.0336,27.3461,1.1879e-06 
2010-04-16,16.4444,26.2868,0.8335 
2010-04-17,3.4523,14.8205,0.0380 
2010-04-18,1.1630,12.1875,8.6009e-04 
2010-04-19,5.6705,15.2689,8.4722e-05 
2010-04-20,6.7647,15.2146,0.0000 
2010-04-21,9.1450,19.3125,0.0248 
2010-04-22,4.0808,17.1051,0.0122 
2010-04-23,4.3173,14.1671,0.0049 
2010-04-24,7.8293,16.1631,3.3869 
2010-04-25,9.3475,17.6316,32.1946 
2010-04-26,8.1323,14.9192,20.6107 
2010-04-27,1.3163,12.5060,0.0096 
2010-04-28,4.1047,13.7627,3.4638e-04 
2010-04-29,9.2247,18.9574,0.0083 
2010-04-30,14.6883,25.7115,2.0131e-07 
2010-05-01,18.0430,25.5553,10.2309 
2010-05-02,17.4092,22.2904,10.6059 
2010-05-03,14.6567,21.2193,9.8377 
2010-05-04,12.1915,22.1548,3.2283 
2010-05-05,16.0391,24.7130,0.8003 
2010-05-06,9.6972,19.2226,0.1884 
2010-05-07,10.0299,18.9922,11.7004 
2010-05-08,6.5594,16.6485,4.0292 
2010-05-09,-0.0152,10.7267,0.0967 
2010-05-10,3.7733,10.7610,0.0020 
2010-05-11,6.7509,13.9662,29.3197 
2010-05-12,7.8990,12.6039,0.2967 
2010-05-13,7.7809,23.8381,5.7042 
2010-05-14,12.9969,23.3920,3.4774 
2010-05-15,10.5218,17.9912,5.3282e-05 
2010-05-16,8.8186,17.4260,5.0525e-05 
2010-05-17,11.6751,14.9867,11.1417 
2010-05-18,10.0153,12.7375,12.7988 
2010-05-19,7.4027,18.7312,0.0086 
2010-05-20,15.6198,24.6456,0.0037 
2010-05-21,15.1928,23.7626,6.8537 
2010-05-22,15.9064,21.9886,13.6426 
2010-05-23,18.1298,25.6354,0.6119 
2010-05-24,17.3318,25.5818,7.8565e-05 
2010-05-25,18.3018,25.4229,5.3406e-04 
2010-05-26,19.4601,28.1941,5.8057e-04 
2010-05-27,20.9889,27.9036,1.2436 
2010-05-28,19.0237,27.0354,0.2699 
2010-05-29,19.3378,25.9652,6.8916e-05 
2010-05-30,19.1361,27.4877,0.0156 
2010-05-31,21.7282,29.4155,26.2852 
2010-06-01,18.0421,25.0074,2.6977 
2010-06-02,20.2677,27.2797,6.9526 
2010-06-03,17.8017,26.9489,0.3173 
2010-06-04,16.0676,27.3767,0.0020 
2010-06-05,18.3914,27.4905,1.1838 
2010-06-06,16.0604,20.1063,19.3227 
2010-06-07,10.6603,19.4663,0.0496 
2010-06-08,13.4731,19.3553,0.5827 
2010-06-09,14.3441,25.3168,8.5790 
2010-06-10,15.3392,23.8225,0.0019 
2010-06-11,16.5193,27.6746,0.9713 
2010-06-12,21.6131,29.6818,0.6362 
2010-06-13,19.4172,29.4153,1.5637 
2010-06-14,19.2775,26.6957,1.1326 
2010-06-15,18.5672,24.9418,0.0757 
2010-06-16,19.2978,24.4164,1.4759 
2010-06-17,15.7148,23.5246,0.0000 
2010-06-18,17.9241,29.6942,0.0064 
2010-06-19,24.4524,29.6024,5.9551 
2010-06-20,19.4195,26.2710,0.0038 
2010-06-21,19.1386,26.0410,0.0102 
2010-06-22,18.8666,28.9694,13.5349 
2010-06-23,23.7633,31.4691,1.4630 
2010-06-24,21.4617,31.0028,15.1620 
2010-06-25,15.7210,25.8165,5.8061e-06 
2010-06-26,20.9574,30.2298,0.0206 
2010-06-27,21.0393,31.0078,3.2945 
2010-06-28,19.6950,27.4836,0.0184 
2010-06-29,13.9371,23.7781,8.9818e-06 
2010-06-30,12.0189,20.7654,1.0615e-05 
2010-07-01,12.8820,22.5079,1.6311e-05 
2010-07-02,17.3085,24.4226,2.7787e-06 
2010-07-03,19.8750,28.4083,1.6763e-05 
2010-07-04,21.7803,32.1353,2.4194e-04 
2010-07-05,23.6493,31.8018,2.2315e-04 
2010-07-06,24.8178,32.5665,0.0000 
2010-07-07,25.6383,33.2112,0.0029 
2010-07-08,25.9369,32.7346,9.6969 
2010-07-09,21.0724,29.0771,4.8441 
2010-07-10,21.8420,27.9987,0.0113 
2010-07-11,22.9655,28.9929,0.7461 
2010-07-12,18.1819,28.3615,1.3890 
2010-07-13,20.8227,27.2148,5.0372 
2010-07-14,20.7190,27.2602,3.5243 
2010-07-15,22.4335,31.0402,0.0010 
2010-07-16,21.6103,30.2426,0.0068 
2010-07-17,22.5352,30.6049,0.0044 
2010-07-18,21.4853,31.0708,0.5970 
2010-07-19,21.0226,29.6261,0.8372 
2010-07-20,18.7413,28.4341,3.3195 
2010-07-21,20.5750,29.0605,0.0071 
2010-07-22,21.2446,28.7999,14.8433 
2010-07-23,23.3143,31.7491,12.6575 
2010-07-24,26.1534,31.1496,14.3810 
2010-07-25,20.6032,30.6914,14.8988 
2010-07-26,20.1894,26.0615,0.2119 
2010-07-27,22.0963,28.3562,4.6743e-04 
2010-07-28,22.2814,31.4442,6.4639 
2010-07-29,16.8028,25.5307,4.1677 
2010-07-30,20.0029,25.6972,9.1035e-04 
2010-07-31,20.9881,25.2469,0.2276 
2010-08-01,19.4154,26.1959,0.2187 
2010-08-02,22.4236,28.3076,0.0017 
2010-08-03,24.2794,29.8328,0.0931 
2010-08-04,24.0096,30.1423,0.3999 
2010-08-05,21.5534,29.8433,0.1122 
2010-08-06,18.4038,24.8930,6.2713e-04 
2010-08-07,18.3272,25.2648,8.9253e-06 
2010-08-08,21.1564,28.6059,0.0031 
2010-08-09,22.6367,30.9542,0.5559 
2010-08-10,21.6342,29.4080,3.0789 
2010-08-11,23.0970,29.3466,11.9376 
2010-08-12,21.8820,27.5956,4.0432 
2010-08-13,22.5851,27.4189,0.0025 
2010-08-14,23.3153,32.0523,0.3328 
2010-08-15,21.5755,31.1259,1.5289 
2010-08-16,18.1119,26.7707,0.0414 
2010-08-17,18.6177,26.2678,5.5278e-06 
2010-08-18,18.1005,25.5108,0.0363 
2010-08-19,21.7211,29.0683,0.0097 
2010-08-20,20.6863,28.5013,0.0333 
2010-08-21,21.6645,29.5646,10.8169 
2010-08-22,19.9686,25.0788,0.3042 
2010-08-23,16.6816,24.9255,0.0087 
2010-08-24,17.5112,24.4291,0.4066 
2010-08-25,20.0050,24.7508,0.0215 
2010-08-26,13.3755,22.5615,3.3224e-05 
2010-08-27,17.2158,23.9311,1.2322e-06 
2010-08-28,18.8469,25.6762,0.0000 
2010-08-29,22.7512,31.1393,0.0063 
2010-08-30,25.0121,30.4531,0.0247 
2010-08-31,23.8345,31.2716,0.1042 
2010-09-01,22.3108,31.5859,0.0725 
2010-09-02,22.0628,29.2582,3.8441 
2010-09-03,17.7189,26.4214,0.7196 
2010-09-04,13.1606,18.6310,0.3915 
2010-09-05,10.7083,20.8155,3.6273e-04 
2010-09-06,15.8927,26.8154,0.6120 
2010-09-07,20.0189,28.5079,0.0374 
2010-09-08,14.2387,24.4251,0.0000 
2010-09-09,9.6097,19.0096,8.7495e-04 
2010-09-10,11.4719,19.1732,0.0032 
2010-09-11,13.4966,20.5187,7.2050 
2010-09-12,12.5947,22.2862,0.6937 
2010-09-13,15.7651,25.4179,0.4381 
2010-09-14,15.0306,22.4027,0.0062 
2010-09-15,12.3963,20.8893,0.0094 
2010-09-16,16.2324,22.4804,5.9947 
2010-09-17,10.8177,19.0787,9.2529 
2010-09-18,14.1396,25.1361,0.0085 
2010-09-19,13.0942,19.7276,0.0224 
2010-09-20,12.6776,17.7309,8.8296e-04 
2010-09-21,15.8637,30.0096,0.0041 
2010-09-22,19.7168,29.0576,0.7329 
2010-09-23,17.7256,29.8707,0.0704 
2010-09-24,23.7705,28.5317,0.0032 
2010-09-25,12.9922,22.0871,1.5430e-04 
2010-09-26,7.2578,14.9242,0.0030 
2010-09-27,9.1102,16.1808,0.4646 
2010-09-28,12.0582,15.7177,18.0685 
2010-09-29,10.4583,18.9143,0.1815 
2010-09-30,15.2599,19.9042,0.0012 
2010-10-01,7.9252,17.6074,0.0027 
2010-10-02,8.5749,15.2903,5.5633 
2010-10-03,6.3920,10.8420,0.4223 
2010-10-04,4.8146,13.3945,0.0140 
2010-10-05,7.7029,16.0738,0.0467 
2010-10-06,7.6089,19.3981,2.8861e-04 
2010-10-07,9.5501,19.9057,7.4159e-08 
2010-10-08,11.2582,24.4158,0.0000 
2010-10-09,14.1522,22.3328,0.0000 
2010-10-10,13.5628,27.5537,2.5794e-07 
2010-10-11,18.5621,25.7533,0.0288 
2010-10-12,9.3918,18.4780,0.0183 
2010-10-13,11.0118,18.3531,5.5190e-04 
2010-10-14,6.7750,14.9114,11.8306 
2010-10-15,8.2656,13.8998,0.0064 
2010-10-16,7.3472,16.3811,9.6789e-07 
2010-10-17,8.4697,16.0861,0.0000 
2010-10-18,8.0914,13.9303,0.0222 
2010-10-19,6.2318,13.1768,0.0029 
2010-10-20,6.2451,17.4317,0.0207 
2010-10-21,4.6453,15.8154,1.5667 
2010-10-22,4.1206,13.6234,0.0366 
2010-10-23,8.5015,18.6567,0.0140 
2010-10-24,15.9218,24.1493,0.2550 
2010-10-25,16.1311,21.0409,0.1783 
2010-10-26,12.4411,21.9549,5.3555 
2010-10-27,10.6115,16.5519,0.0096 
2010-10-28,5.6702,15.5659,0.1577 
2010-10-29,4.5024,9.3243,0.1757 
2010-10-30,3.0933,12.5888,2.5000e-04 
2010-10-31,0.6182,11.2710,0.0112 
2010-11-01,1.3890,6.8547,0.0065 
2010-11-02,2.6647,7.0149,0.0050 
2010-11-03,1.8369,8.9431,0.3188 
2010-11-04,2.7732,8.6644,0.0425 
2010-11-05,1.7905,6.8121,0.0457 
2010-11-06,-5.6653,4.3575,0.0975 
2010-11-07,-1.2790,9.6012,0.0000 
2010-11-08,2.4169,13.6986,1.1759e-04 
2010-11-09,7.0971,12.9878,9.4819e-04 
2010-11-10,6.0144,11.9121,1.3594e-06 
2010-11-11,6.4753,14.1635,0.0085 
2010-11-12,7.9725,13.8302,0.0398 
2010-11-13,6.2355,18.6677,0.1497 
2010-11-14,2.9479,18.1557,2.1607 
2010-11-15,1.0905,9.2779,0.0017 
2010-11-16,5.5408,8.7398,3.9127 
2010-11-17,5.2362,9.8932,16.7829 
2010-11-18,1.8734,7.4891,0.2505 
2010-11-19,0.5084,7.2355,0.0019 
2010-11-20,1.5857,7.0222,2.2737e-05 
2010-11-21,3.1614,14.0045,0.0068 
2010-11-22,14.1435,17.0379,5.4197 
2010-11-23,0.1730,18.1756,11.4069 
2010-11-24,-3.5665,3.1300,0.0289 
2010-11-25,2.9559,12.5861,29.1682 
2010-11-26,-7.4586,6.7276,6.1644 
2010-11-27,-3.7150,0.7774,0.0374 
2010-11-28,-5.0107,1.9299,0.0022 
2010-11-29,-1.9067,7.0461,0.0017 
2010-11-30,5.4068,13.4171,18.1029 
2010-12-01,-5.1201,4.7092,1.1736 
2010-12-02,-6.6454,-1.7056,0.0613 
2010-12-03,-4.9110,-1.1354,0.0627 
2010-12-04,-3.6765,-0.5266,0.0190 
2010-12-05,-5.9587,-1.3177,0.0660 
2010-12-06,-5.8270,-1.9905,0.0092 
2010-12-07,-6.0378,-3.4197,0.0582 
2010-12-08,-8.0480,-2.9842,0.2701 
2010-12-09,-7.8523,-3.0800,0.0580 
2010-12-10,-4.3106,2.0839,2.6015 
2010-12-11,-2.3035,4.3231,0.0595 
2010-12-12,-1.6679,3.5036,24.8885 
2010-12-13,-11.8843,-2.9824,2.1245 
2010-12-14,-13.5964,-7.8192,0.0177 
2010-12-15,-12.6166,-7.2270,0.0759 
2010-12-16,-12.4009,-6.4964,0.0270 
2010-12-17,-7.3014,-3.6551,0.1126 
2010-12-18,-13.2380,-7.2819,0.0428 
2010-12-19,-11.8606,-6.0845,0.2911 
2010-12-20,-10.1959,-4.8967,0.0936 
2010-12-21,-7.0212,-2.0014,0.0367 
2010-12-22,-4.1697,-1.3650,0.6945 
2010-12-23,-5.6308,-1.3169,0.0125 
2010-12-24,-7.3411,-2.7464,0.0035 
2010-12-25,-5.3726,-2.7259,0.1290 
2010-12-26,-5.4999,-3.3176,0.3233 
2010-12-27,-10.3468,-4.3659,0.0760 
2010-12-28,-10.7911,-3.6352,0.0011 
2010-12-29,-8.4044,-1.7731,0.0015 
2010-12-30,-2.8276,3.4189,0.5349 
2010-12-31,3.5072,12.1254,4.0564 
2011-01-01,-1.6099,12.0838,15.0055 
2011-01-02,-10.9718,-2.8432,0.1468 
2011-01-03,-8.5781,-0.2681,0.0050 
2011-01-04,-2.9900,-0.4364,0.0713 
2011-01-05,-7.2076,-3.1979,0.3932 
2011-01-06,-6.0394,-1.9171,0.7133 
2011-01-07,-9.0041,-3.7494,0.5752 
2011-01-08,-11.1571,-6.9943,1.1259 
2011-01-09,-13.8543,-6.2164,0.0811 
2011-01-10,-7.6740,-5.3063,0.0783 
2011-01-11,-7.0451,-4.4314,7.9880 
2011-01-12,-6.1332,-4.2227,2.9341 
2011-01-13,-12.2851,-6.4053,1.3712 
2011-01-14,-11.2759,-6.0000,0.8108 
2011-01-15,-8.7137,-2.9423,1.0670 
2011-01-16,-12.9203,-3.7757,0.0951 
2011-01-17,-14.0565,-4.5112,0.0043 
2011-01-18,-3.9203,2.0822,3.5254 
2011-01-19,-6.7046,0.7385,0.5807 
2011-01-20,-9.9888,-5.7172,1.6968 
2011-01-21,-11.8351,-6.4429,1.0286 
2011-01-22,-19.2858,-10.1988,0.2755 
2011-01-23,-16.0104,-9.4830,0.0255 
2011-01-24,-15.0950,-3.7030,2.1563 
2011-01-25,-6.8434,-0.7145,0.0811 
2011-01-26,-5.3851,-1.3362,0.0392 
2011-01-27,-6.9470,-2.2289,2.3436 
2011-01-28,-7.0529,-2.1685,2.1276 
2011-01-29,-6.7756,-1.3067,1.0102 
2011-01-30,-6.2273,-2.7381,0.1479 
2011-01-31,-13.4762,-5.3655,0.0439 
2011-02-01,-11.2078,-6.6221,7.6887 
2011-02-02,-7.6900,-4.0045,15.2090 
2011-02-03,-12.4558,-7.3680,0.0935 
2011-02-04,-15.9552,-8.2649,0.1334 
2011-02-05,-9.8206,-4.8812,9.8156 
2011-02-06,-10.0950,-0.7520,0.7420 
2011-02-07,-2.8766,-0.6387,0.5786 
2011-02-08,-13.6645,-3.6516,0.0531 
2011-02-09,-14.8043,-10.8069,0.0084 
2011-02-10,-18.2564,-11.7856,0.0228 
2011-02-11,-18.4876,-6.8760,0.0553 
2011-02-12,-6.8323,-1.7579,0.4207 
2011-02-13,-3.1041,2.6619,0.1283 
2011-02-14,-0.7364,3.3094,0.0071 
2011-02-15,-6.9295,-1.7085,0.0023 
2011-02-16,-2.7192,2.7386,0.0330 
2011-02-17,2.8949,13.1942,1.8682e-04 
2011-02-18,3.7152,13.7512,5.0611e-04 
2011-02-19,-4.2978,3.5029,3.7121e-06 
2011-02-20,-5.1844,1.2638,10.0911 
2011-02-21,-6.4026,-0.1875,12.5100 
2011-02-22,-8.5770,-6.6933,0.4194 
2011-02-23,-8.7457,-4.1455,0.0404 
2011-02-24,-4.8730,1.2053,2.4373 
2011-02-25,-3.0501,-0.3090,8.7381 
2011-02-26,-6.5691,-0.7095,0.7142 
2011-02-27,-2.1305,1.4339,0.1813 
2011-02-28,-1.4522,1.5523,30.1101 
2011-03-01,-5.4984,3.1878,0.0012 
2011-03-02,-3.4815,2.9530,2.0895e-04 
2011-03-03,-8.2486,0.5043,0.0000 
2011-03-04,0.4991,9.7438,2.3140 
2011-03-05,0.7788,10.9775,27.7622 
2011-03-06,-4.2922,0.2163,3.9319 
2011-03-07,-11.4296,-1.6889,0.0111 
2011-03-08,-3.7180,3.5742,6.1138e-04 
2011-03-09,2.6876,8.9917,21.1036 
2011-03-10,1.9218,9.3722,1.1479 
2011-03-11,-0.9581,4.4963,5.6647 
2011-03-12,-0.8546,6.2304,0.0061 
2011-03-13,-1.3181,5.0462,0.0012 
2011-03-14,-3.7736,4.6329,0.0513 
2011-03-15,-2.2738,3.5399,3.4495 
2011-03-16,2.4622,10.7018,0.9598 
2011-03-17,5.3993,17.1454,1.5225e-07 
2011-03-18,9.0922,17.9047,0.0139 
2011-03-19,-0.1309,9.8537,8.1686e-05 
2011-03-20,-0.3263,12.1386,3.4360 
2011-03-21,11.5484,15.2373,13.5203 
2011-03-22,0.8249,11.6025,0.8868 
2011-03-23,0.2312,2.1986,5.8497 
2011-03-24,-3.8058,0.2936,0.0791 
2011-03-25,-7.8501,-0.6498,0.0000 
2011-03-26,-9.3711,-1.5481,0.0021 
2011-03-27,-7.6467,0.5289,0.0140 
2011-03-28,-6.9592,2.5321,0.0011 
2011-03-29,-3.2663,4.4805,3.3685e-05 
2011-03-30,-2.2935,3.8350,0.0089 
2011-03-31,-0.8942,5.4589,6.6622e-04 
2011-04-01,2.0229,8.0371,0.0190 
2011-04-02,1.2773,7.9776,1.7468 
2011-04-03,2.3341,7.5870,0.8535 
2011-04-04,8.0984,19.5604,4.6392 
2011-04-05,-0.5986,7.7876,0.0389 
2011-04-06,0.6809,9.6725,3.0962 
2011-04-07,0.7922,8.3562,0.4759 
2011-04-08,3.2524,8.1428,21.6817 
2011-04-09,2.5901,10.1019,0.0191 
2011-04-10,6.0378,24.6489,0.4720 
2011-04-11,12.5165,24.4354,3.3495 
2011-04-12,4.7425,13.1545,1.7937e-04 
2011-04-13,3.1762,16.3591,8.1873e-05 
2011-04-14,7.1735,16.0865,0.0093 
2011-04-15,3.4647,10.1158,0.0439 
2011-04-16,9.6830,16.2931,6.8458 
2011-04-17,2.5406,9.1841,1.0435 
2011-04-18,-0.1976,8.2911,5.8423 
2011-04-19,0.2916,4.1869,6.9862 
2011-04-20,4.4890,10.0130,18.5342 
2011-04-21,-1.1990,9.2842,0.1416 
2011-04-22,3.0258,7.9150,5.2094 
2011-04-23,8.1678,18.9027,20.7311 
2011-04-24,8.8854,16.3475,1.8573 
2011-04-25,7.8970,12.7933,17.7049 
2011-04-26,6.7117,20.6751,2.2763 
2011-04-27,15.2746,19.0265,6.5954 
2011-04-28,6.8116,15.8375,11.4123 
2011-04-29,3.5916,14.1948,0.2351 
2011-04-30,4.8115,13.9517,0.0046 
2011-05-01,13.0543,21.0342,8.0900 
2011-05-02,7.3049,20.4825,0.0557 
2011-05-03,5.7908,14.1791,2.5909 
2011-05-04,4.8703,12.9565,0.0360 
2011-05-05,6.4753,16.5165,0.0025 
2011-05-06,10.4383,16.8810,1.4314 
2011-05-07,10.6646,18.2479,1.3931 
2011-05-08,9.4474,16.7185,0.1719 
2011-05-09,8.5462,14.7122,0.0145 
2011-05-10,11.2043,18.6676,0.0691 
2011-05-11,12.4961,21.7853,0.0025 
2011-05-12,15.3203,28.3727,4.1345 
2011-05-13,16.9439,26.1417,4.8001 
2011-05-14,15.8424,19.9635,4.5607 
2011-05-15,7.7115,16.8517,8.4253 
2011-05-16,5.7191,8.0476,3.8743 
2011-05-17,5.4076,13.6662,0.7572 
2011-05-18,10.8079,16.2267,6.6052 
2011-05-19,11.3354,18.8446,0.5939 
2011-05-20,12.7513,21.5171,0.0270 
2011-05-21,15.9225,23.3316,0.5287 
2011-05-22,18.3655,28.4055,0.5876 
2011-05-23,18.0154,28.2572,2.9806 
2011-05-24,16.3116,23.1893,0.9629 
2011-05-25,12.2185,22.1662,26.7855 
2011-05-26,13.6516,20.3244,37.7338 
2011-05-27,8.0439,15.0417,0.9464 
2011-05-28,12.1616,19.9109,1.1125 
2011-05-29,16.7295,26.9553,17.4894 
2011-05-30,20.3066,29.0426,0.8842 
2011-05-31,22.5238,30.7229,3.2209e-06 
2011-06-01,20.9901,30.0454,0.0266 
2011-06-02,14.8884,22.7231,1.9156e-04 
2011-06-03,14.2365,21.2705,0.0029 
2011-06-04,17.4958,32.2197,0.0049 
2011-06-05,19.9674,31.0850,0.0048 
2011-06-06,19.3865,28.0491,0.0027 
2011-06-07,23.5325,34.0593,8.5842e-04 
2011-06-08,25.2772,33.3596,2.5375e-05 
2011-06-09,19.6774,32.3702,5.7597 
2011-06-10,14.4613,22.2551,5.1552 
2011-06-11,16.6417,23.3221,0.2030 
2011-06-12,11.6199,23.3175,4.6169e-04 
2011-06-13,13.7326,22.3750,5.5674e-04 
2011-06-14,12.7215,21.9660,9.5970e-04 
2011-06-15,14.7645,21.6552,1.2843 
2011-06-16,16.5532,23.6937,5.4689 
2011-06-17,17.6965,25.2322,0.2187 
2011-06-18,18.7726,25.0016,0.0224 
2011-06-19,18.2397,23.5414,0.5526 
2011-06-20,18.1970,25.9721,0.0321 
2011-06-21,19.6019,30.2404,1.3318 
2011-06-22,19.8634,27.0193,5.6563 
2011-06-23,19.4232,24.3099,1.0355 
2011-06-24,17.2743,21.5404,1.7494 
2011-06-25,13.6907,23.7754,0.0274 
2011-06-26,18.6576,23.5057,2.7972e-04 
2011-06-27,18.5997,25.0953,0.0208 
2011-06-28,19.4754,23.5657,0.0053 
2011-06-29,14.9087,24.3002,0.0000 
2011-06-30,19.2540,28.2536,1.4105e-04 
2011-07-01,18.7532,28.7489,0.0040 
2011-07-02,20.7777,34.2821,0.0042 
2011-07-03,21.5703,33.3910,0.7110 
2011-07-04,20.5357,27.5125,0.0918 
2011-07-05,21.7773,30.3130,0.0040 
2011-07-06,25.6403,31.1358,0.0775 
2011-07-07,19.5930,29.5588,0.0319 
2011-07-08,19.5199,27.2161,0.0098 
2011-07-09,21.9437,28.8218,1.7077e-06 
2011-07-10,22.5959,31.8042,0.0000 
2011-07-11,24.5256,34.0040,4.0319 
2011-07-12,21.4316,32.4283,0.0617 
2011-07-13,16.9797,27.7800,1.7557e-04 
2011-07-14,16.0298,23.5940,1.7223e-04 
2011-07-15,20.1847,25.9603,2.8008e-04 
2011-07-16,22.2494,29.6529,3.5414e-04 
2011-07-17,24.3277,31.6665,8.1624e-09 
2011-07-18,23.5487,35.0957,0.1322 
2011-07-19,23.0247,31.1858,2.4573 
2011-07-20,24.8641,34.7984,0.0029 
2011-07-21,27.3957,34.6444,0.0191 
2011-07-22,26.6711,34.6616,6.9060 
2011-07-23,24.1077,32.4491,14.2445 
2011-07-24,21.5743,30.5710,6.0675 
2011-07-25,24.3418,30.3923,1.7264e-04 
2011-07-26,22.2220,27.2182,2.6152e-04 
2011-07-27,20.8346,28.3283,0.2250 
2011-07-28,22.9263,31.9338,9.6189 
2011-07-29,23.1869,31.4717,23.1044 
2011-07-30,22.0978,28.6046,0.1282 
2011-07-31,25.6498,30.5565,0.0049 
2011-08-01,21.8968,29.7663,0.7070 
2011-08-02,24.4542,30.4746,0.2740 
2011-08-03,21.4413,30.4353,9.9423 
2011-08-04,19.1170,26.6184,0.0020 
2011-08-05,22.0620,26.2095,6.6916e-04 
2011-08-06,23.2670,27.5943,2.6549 
2011-08-07,21.9647,27.7839,0.3665 
2011-08-08,19.0367,25.6720,1.6070 
2011-08-09,17.7198,26.0819,10.1784 
2011-08-10,18.0567,24.9083,0.0927 
2011-08-11,16.2997,23.9788,0.0046 
2011-08-12,19.5416,25.7666,9.1134e-04 
2011-08-13,21.8554,27.8217,0.0862 
2011-08-14,16.7353,23.2434,8.0120 
2011-08-15,15.6952,24.3419,0.7306 
2011-08-16,18.8472,25.1651,0.0016 
2011-08-17,20.7476,26.1598,0.0210 
2011-08-18,22.1026,27.1137,0.2741 
2011-08-19,19.7543,26.7943,0.1110 
2011-08-20,22.1669,28.8862,0.5901 
2011-08-21,18.1314,24.2358,2.3207 
2011-08-22,13.4699,22.4994,0.0027 
2011-08-23,18.2362,26.5126,0.1373 
2011-08-24,19.1465,30.5523,19.0086 
2011-08-25,17.4937,29.5173,3.5074 
2011-08-26,18.1934,23.8522,0.0011 
2011-08-27,19.1269,26.1900,0.0054 
2011-08-28,14.6794,24.1727,0.0018 
2011-08-29,16.2154,22.6651,1.7270e-05 
2011-08-30,18.6925,23.4183,0.0013 
2011-08-31,20.7276,27.4718,0.4122 
2011-09-01,21.3613,29.3447,0.2340 
2011-09-02,24.9415,32.1279,0.0060 
2011-09-03,26.1386,32.1073,1.7329 
2011-09-04,20.1606,30.8022,13.1367 
2011-09-05,12.8156,20.8518,0.1708 
2011-09-06,10.7497,16.6422,0.0012 
2011-09-07,13.6917,16.5669,14.3807 
2011-09-08,14.7642,19.6813,20.0228 
2011-09-09,16.7829,21.4214,11.3329 
2011-09-10,16.1927,21.9826,1.4037 
2011-09-11,16.4047,23.9689,0.5728 
2011-09-12,16.6980,26.4291,0.3023 
2011-09-13,20.1483,26.2913,1.6863e-04 
2011-09-14,12.9412,22.3734,1.3892 
2011-09-15,6.3300,13.6539,2.9002 
2011-09-16,8.0593,13.0805,4.8634e-05 
2011-09-17,12.3761,16.5632,1.8917e-06 
2011-09-18,11.3338,20.4444,0.0065 
2011-09-19,15.7744,20.3098,18.0558 
2011-09-20,14.4541,19.0911,0.2160 
2011-09-21,15.9501,23.0196,0.1409 
2011-09-22,14.0470,22.3469,0.0133 
2011-09-23,11.8743,19.0904,16.9072 
2011-09-24,10.8852,17.4210,0.8781 
2011-09-25,15.0673,20.3389,0.8031 
2011-09-26,16.2075,18.9511,30.4691 
2011-09-27,12.5343,17.4230,2.1106 
2011-09-28,11.6073,15.5304,5.4790 
2011-09-29,10.8560,16.6082,5.0159 
2011-09-30,8.3659,15.3824,6.2688 
2011-10-01,5.6763,11.0447,1.6068 
2011-10-02,3.4140,13.4569,0.0095 
2011-10-03,6.4953,16.9952,0.0013 
2011-10-04,10.1552,19.2647,9.9295e-05 
2011-10-05,15.1228,21.4261,7.3768e-05 
2011-10-06,14.4796,21.8323,1.3127e-04 
2011-10-07,15.8864,23.3017,1.9285e-04 
2011-10-08,15.4327,24.8081,7.3395e-04 
2011-10-09,17.1612,23.9083,1.5991e-06 
2011-10-10,18.2701,22.1132,0.0000 
2011-10-11,16.5606,22.9926,0.0039 
2011-10-12,14.5983,21.4586,0.2985 
2011-10-13,12.8459,18.3726,0.1805 
2011-10-14,11.8336,17.2208,3.5096 
2011-10-15,9.5085,12.0515,0.4011 
2011-10-16,9.9849,14.2308,4.1695 
2011-10-17,6.8351,12.4246,9.1647e-05 
2011-10-18,6.6079,11.0285,1.4707 
2011-10-19,7.6294,12.5582,23.4797 
2011-10-20,4.7427,12.7340,28.2685 
2011-10-21,4.2170,9.7779,0.0729 
2011-10-22,4.2349,10.8811,0.0175 
2011-10-23,6.8210,14.5435,0.0000 
2011-10-24,10.3836,13.5220,4.8545 
2011-10-25,7.3857,16.9677,0.0830 
2011-10-26,11.7061,16.8422,4.5968 
2011-10-27,4.4009,11.1348,7.1015 
2011-10-28,3.1589,8.4048,0.0317 
2011-10-29,4.2982,8.9503,1.0602 
2011-10-30,2.9764,9.1814,2.7185 
2011-10-31,6.3821,10.5080,1.2233 
2011-11-01,5.6794,13.5497,0.0445 
2011-11-02,7.5691,17.0105,0.0039 
2011-11-03,8.7019,16.1605,0.0109 
2011-11-04,3.4893,9.0042,0.0015 
2011-11-05,1.8507,11.0604,1.1494e-04 
2011-11-06,4.4442,15.3888,1.6908e-04 
2011-11-07,9.9191,14.5498,0.9554 
2011-11-08,11.5643,18.7843,1.3696 
2011-11-09,10.6347,17.8598,5.9649 
2011-11-10,2.2594,8.6048,0.2630 
2011-11-11,-0.6841,4.5765,0.0103 
2011-11-12,2.3895,13.5701,3.8748e-06 
2011-11-13,10.6856,16.6615,1.8550e-04 
2011-11-14,9.2458,17.6870,33.5967 
2011-11-15,8.5316,12.9883,0.0493 
2011-11-16,3.7517,10.2999,0.0372 
2011-11-17,-1.3206,2.5410,0.0107 
2011-11-18,-3.6359,5.8483,0.0059 
2011-11-19,3.1648,10.3836,0.1397 
2011-11-20,7.3289,14.0568,0.2120 
2011-11-21,2.3186,7.0184,1.0173 
2011-11-22,2.5122,6.5123,31.1408 
2011-11-23,2.1752,7.2147,25.2817 
2011-11-24,1.1227,8.0504,5.8895e-04 
2011-11-25,4.9251,11.4330,0.0118 
2011-11-26,8.4942,15.0871,0.0419 
2011-11-27,6.8151,14.6498,16.9300 
2011-11-28,0.5647,5.8818,4.0390 
2011-11-29,3.9175,4.9219,60.3868 
2011-11-30,-2.3737,3.6265,4.4024 
2011-12-01,-4.1940,0.8759,0.0257 
2011-12-02,-2.2481,1.0168,0.7199 
2011-12-03,-0.8672,8.8019,0.0323 
2011-12-04,6.3783,10.0595,10.6652 
2011-12-05,1.2857,9.8012,15.6239 
2011-12-06,-0.1933,1.2534,5.1983 
2011-12-07,-5.5822,0.6321,0.1162 
2011-12-08,-5.6747,0.2382,0.0041 
2011-12-09,-2.2100,0.0556,0.5448 
2011-12-10,-9.9289,-2.9076,0.0306 
2011-12-11,-9.2683,-0.3349,3.5337e-06 
2011-12-12,-3.6768,1.6389,0.0000 
2011-12-13,0.7534,4.5985,0.1271 
2011-12-14,2.6434,11.7028,9.5898 
2011-12-15,5.7359,14.5170,14.6174 
2011-12-16,-1.4244,4.9381,0.0472 
2011-12-17,-4.1144,-0.2363,1.4716 
2011-12-18,-3.6622,1.4360,0.1382 
2011-12-19,1.4551,8.1290,0.1880 
2011-12-20,-0.0431,6.5918,0.1856 
2011-12-21,2.6682,9.6597,5.3759 
2011-12-22,3.3156,6.2431,0.0386 
2011-12-23,-4.0487,5.1001,0.7799 
2011-12-24,-2.8603,1.2404,0.0499 
2011-12-25,-1.2123,4.7278,0.0048 
2011-12-26,-2.6748,4.8348,1.2211e-04 
2011-12-27,0.2921,3.7178,10.5873 
2011-12-28,-6.1746,1.2457,0.4868 
2011-12-29,-5.4615,3.4414,0.6521 
2011-12-30,0.2365,7.9238,7.0611 
2011-12-31,1.6337,8.3002,0.8935 
2012-01-01,0.7172,6.9845,0.0835 
2012-01-02,-3.8425,0.1549,0.4794 
2012-01-03,-9.3143,-3.8644,0.0118 
2012-01-04,-8.3396,0.5815,8.3176e-04 
2012-01-05,-4.3777,2.2064,0.0013 
2012-01-06,1.6818,8.6513,2.0123e-06 
2012-01-07,0.4889,7.2095,0.0048 
2012-01-08,-1.5505,3.7287,0.0068 
2012-01-09,-1.0120,4.4842,1.9006e-04 
2012-01-10,0.2006,6.4753,0.0000 
2012-01-11,1.7902,5.7516,0.8317 
2012-01-12,2.1829,4.2348,8.0262 
2012-01-13,-6.4020,0.6439,4.5950 
2012-01-14,-9.8474,-3.5927,2.6087 
2012-01-15,-11.1770,-6.9287,0.0703 
2012-01-16,-9.2573,3.5969,0.3303 
2012-01-17,0.6569,10.3407,23.5489 
2012-01-18,-8.9916,-0.3756,0.0113 
2012-01-19,-7.6359,-3.4741,2.4272 
2012-01-20,-14.4898,-8.0135,1.2144 
2012-01-21,-11.9438,-6.2906,6.1296 
2012-01-22,-8.5997,1.6930,0.1050 
2012-01-23,2.3087,11.8205,13.5059 
2012-01-24,-3.6468,2.2096,0.2083 
2012-01-25,-3.7156,-0.0805,0.0795 
2012-01-26,-1.7000,1.1177,3.3851 
2012-01-27,-0.2033,3.1817,6.3602 
2012-01-28,-1.8120,1.5354,1.6309 
2012-01-29,-4.6453,-0.5008,0.4139 
2012-01-30,-8.0632,3.4538,0.0189 
2012-01-31,4.2542,10.7984,3.7931e-04 
2012-02-01,2.4128,11.3759,0.3078 
2012-02-02,-0.4107,5.8031,0.0028 
2012-02-03,2.3220,6.6428,3.5054e-06 
2012-02-04,-0.6146,6.2570,0.2418 
2012-02-05,-0.6076,5.2607,0.0900 
2012-02-06,-2.6588,6.5307,0.0080 
2012-02-07,-4.2249,5.2920,0.0814 
2012-02-08,-5.2873,0.8870,0.0183 
2012-02-09,-5.8699,2.0136,3.8049e-04 
2012-02-10,-5.7604,1.1141,0.7693 
2012-02-11,-12.5886,0.4509,7.1312 
2012-02-12,-10.0592,-2.1246,0.1455 
2012-02-13,-9.5735,-1.3161,0.0305 
2012-02-14,-2.6311,0.2763,3.4136 
2012-02-15,-4.2461,3.2412,0.0551 
2012-02-16,2.4691,5.9469,4.3448 
2012-02-17,-1.9988,4.5646,0.0141 
2012-02-18,-0.2195,4.1143,0.0080 
2012-02-19,-6.2254,0.1385,0.0049 
2012-02-20,-5.5297,0.7595,0.0868 
2012-02-21,-2.1268,7.1785,2.4003 
2012-02-22,0.4630,6.7504,0.5894 
2012-02-23,-1.4352,5.2704,0.3841 
2012-02-24,0.1689,4.4595,8.0567 
2012-02-25,-2.2728,0.2809,0.9703 
2012-02-26,-5.8723,4.2426,0.0193 
2012-02-27,0.0158,4.2353,0.0075 
2012-02-28,-3.4975,2.9975,0.0119 
2012-02-29,0.3410,13.0672,15.1369 
2012-03-01,0.6937,12.6652,0.1623 
2012-03-02,0.7985,10.8703,10.5895 
2012-03-03,-1.4862,13.0252,5.2713 
2012-03-04,-4.5733,0.0742,0.5305 
2012-03-05,-7.5139,-0.7224,2.8240 
2012-03-06,-4.8751,11.5114,0.0245 
2012-03-07,7.5220,17.3126,0.0000 
2012-03-08,5.1426,17.0539,6.1267 
2012-03-09,-1.4722,3.7864,0.1355 
2012-03-10,-5.9290,8.4907,3.4725e-04 
2012-03-11,1.9288,16.6502,7.5057e-05 
2012-03-12,9.3886,17.1247,6.9654 
2012-03-13,9.8064,17.0284,13.7303 
2012-03-14,10.4287,23.5390,0.0000 
2012-03-15,14.7969,25.0111,1.2533 
2012-03-16,17.1264,24.1890,9.9174 
2012-03-17,14.6127,21.8641,0.0033 
2012-03-18,14.5905,21.6628,1.8432 
2012-03-19,14.5864,22.7269,0.8805 
2012-03-20,17.0770,24.6937,0.0196 
2012-03-21,17.8192,26.1421,0.0063 
2012-03-22,15.8543,26.3845,0.0098 
2012-03-23,12.4389,23.0195,2.7922 
2012-03-24,9.4482,17.9185,5.9484 
2012-03-25,9.8684,20.0203,0.0018 
2012-03-26,0.7078,19.0527,0.0010 
2012-03-27,-1.5585,13.1677,0.0101 
2012-03-28,13.1402,16.3701,0.0224 
2012-03-29,0.4106,12.7082,0.0015 
2012-03-30,0.6351,7.8233,3.1655 
2012-03-31,-0.1890,7.5045,0.1669 
2012-04-01,3.4176,13.8013,0.0561 
2012-04-02,2.0409,13.5226,0.0250 
2012-04-03,4.1117,18.7786,6.1968 
2012-04-04,5.9131,17.2468,0.0031 
2012-04-05,1.1373,11.3615,0.0000 
2012-04-06,0.4903,11.7273,0.0000 
2012-04-07,4.6125,14.6388,1.6091e-04 
2012-04-08,7.4429,14.3482,0.4147 
2012-04-09,7.5131,14.4253,0.0091 
2012-04-10,1.5562,10.6797,0.1380 
2012-04-11,0.5079,10.1669,0.0545 
2012-04-12,3.0223,12.9049,0.0042 
2012-04-13,5.4359,14.8772,0.0066 
2012-04-14,8.4280,18.3478,7.4421 
2012-04-15,14.8869,24.3344,0.9775 
2012-04-16,14.9651,24.3098,0.6132 
2012-04-17,4.6310,13.7626,1.6938e-05 
2012-04-18,4.9261,14.2516,1.0412e-05 
2012-04-19,11.6147,21.3213,0.0858 
2012-04-20,14.1104,20.9205,1.2195 
2012-04-21,2.1707,12.6155,6.2461 
2012-04-22,1.4961,9.4511,8.2669e-04 
2012-04-23,2.8521,11.0775,0.0030 
2012-04-24,5.0388,14.1643,1.4650e-05 
2012-04-25,8.0714,16.8640,0.2815 
2012-04-26,9.4489,15.7732,1.3544 
2012-04-27,-0.4386,11.2984,1.4850e-04 
2012-04-28,3.2152,11.1020,2.9292 
2012-04-29,2.2257,12.0454,0.0020 
2012-04-30,7.2874,17.2992,7.9040 
2012-05-01,10.8122,18.4070,5.0963 
2012-05-02,11.1635,26.0859,1.3174 
2012-05-03,18.4030,29.3339,0.0016 
2012-05-04,19.6891,29.0504,5.7433 
2012-05-05,13.7241,20.3996,0.1540 
2012-05-06,10.1559,16.8090,0.0021 
2012-05-07,12.4212,19.5597,22.9927 
2012-05-08,13.0119,20.7907,2.7375 
2012-05-09,11.4024,19.7403,1.5470 
2012-05-10,6.0758,15.7314,1.0459 
2012-05-11,10.3159,21.0583,9.7036e-07 
2012-05-12,14.0245,23.2390,9.4180e-07 
2012-05-13,14.5045,22.8619,0.0507 
2012-05-14,14.0531,21.2844,4.1300e-05 
2012-05-15,17.6675,25.3044,0.0058 
2012-05-16,14.3725,24.9792,0.1017 
2012-05-17,10.6581,17.1485,7.0730e-06 
2012-05-18,11.8831,19.8054,0.0000 
2012-05-19,14.1048,25.1154,0.0000 
2012-05-20,20.4905,27.4585,6.9001e-05 
2012-05-21,19.4091,25.2653,0.0339 
2012-05-22,12.4605,23.2746,0.1981 
2012-05-23,13.6303,21.5193,0.0020 
2012-05-24,17.3354,27.3688,6.4734e-05 
2012-05-25,21.6331,29.4400,0.0030 
2012-05-26,17.9055,28.3936,0.9129 
2012-05-27,18.4794,29.4491,0.0036 
2012-05-28,22.8068,31.5725,0.0020 
2012-05-29,21.4827,30.4716,2.9021 
2012-05-30,15.8555,25.7242,3.1626e-04 
2012-05-31,11.4017,19.4245,0.0210 
2012-06-01,11.4950,16.9866,12.7958 
2012-06-02,7.5477,20.3336,0.1248 
2012-06-03,16.0587,23.5515,7.2290e-05 
2012-06-04,14.3124,22.5622,5.7219e-04 
2012-06-05,11.1993,19.5618,1.2935 
2012-06-06,13.9629,22.5047,2.5025e-04 
2012-06-07,14.8048,24.6057,0.0250 
2012-06-08,16.5023,28.0666,0.0045 
2012-06-09,20.1528,30.3358,1.9039e-04 
2012-06-10,22.5365,29.9922,0.0000 
2012-06-11,22.4618,29.2142,1.5385 
2012-06-12,20.6519,25.2625,0.0324 
2012-06-13,12.2044,21.4031,0.0000 
2012-06-14,15.3270,21.4956,0.0000 
2012-06-15,17.8110,26.6264,7.9892e-06 
2012-06-16,20.8484,30.0557,0.0018 
2012-06-17,21.4830,30.0468,4.6259 
2012-06-18,21.4297,30.7797,16.9881 
2012-06-19,22.0195,32.7554,2.6207 
2012-06-20,24.2135,32.5581,0.0000 
2012-06-21,23.6339,31.5640,0.2555 
2012-06-22,19.0697,25.3831,0.7362 
2012-06-23,18.9965,26.0332,5.9983e-05 
2012-06-24,21.3958,29.4987,0.0060 
2012-06-25,17.9115,28.8514,6.2014e-04 
2012-06-26,16.1179,25.7193,4.6448e-05 
2012-06-27,20.6128,30.0204,3.8261e-06 
2012-06-28,20.9961,36.2544,0.0251 
2012-06-29,25.1376,35.3878,0.0058 
2012-06-30,19.2384,31.2441,0.3476 
2012-07-01,22.3114,30.4428,1.0419 
2012-07-02,22.7293,30.0412,0.4801 
2012-07-03,25.9082,33.6484,0.4281 
2012-07-04,25.5847,34.4615,0.1268 
2012-07-05,29.0131,35.3170,1.6870 
2012-07-06,28.4908,32.9222,0.0273 
2012-07-07,29.2551,35.0525,0.0863 
2012-07-08,21.4216,28.0034,0.2537 
2012-07-09,18.7018,26.2546,0.4015 
2012-07-10,18.6852,24.7515,0.2319 
2012-07-11,18.3327,25.4274,0.0000 
2012-07-12,22.2146,28.3847,0.0000 
2012-07-13,23.2941,30.2018,0.0360 
2012-07-14,21.2766,29.8371,0.0205 
2012-07-15,21.2557,30.2637,0.0080 
2012-07-16,23.8953,33.0993,0.0184 
2012-07-17,25.8857,36.1016,0.0790 
2012-07-18,25.0558,30.9586,1.4449 
2012-07-19,22.6966,28.5244,2.8120 
2012-07-20,17.8493,23.9000,14.6848 
2012-07-21,18.2295,29.0155,3.8516e-06 
2012-07-22,23.9889,31.7088,6.5423e-05 
2012-07-23,23.9092,32.3707,0.3962 
2012-07-24,25.1594,32.1170,0.3863 
2012-07-25,19.6748,29.5874,0.0538 
2012-07-26,25.0246,30.5126,0.8076 
2012-07-27,20.7227,28.2993,7.4279 
2012-07-28,18.1161,26.2455,6.6768 
2012-07-29,19.0396,26.8607,0.0077 
2012-07-30,21.8713,29.1203,0.4849 
2012-07-31,22.3998,28.8403,1.9378 
2012-08-01,21.1016,28.0063,2.2573e-04 
2012-08-02,22.7491,31.4796,6.2060e-04 
2012-08-03,24.6285,31.7045,2.1036e-04 
2012-08-04,22.7932,31.2209,0.0393 
2012-08-05,20.1027,29.5195,4.7534 
2012-08-06,16.1574,26.1507,0.0026 
2012-08-07,21.2798,29.5538,4.7753e-04 
2012-08-08,22.7217,29.3692,0.1445 
2012-08-09,19.1047,27.7399,2.6912 
2012-08-10,16.6906,21.7251,16.1356 
2012-08-11,14.8527,20.6746,2.2536 
2012-08-12,15.2731,23.4170,0.0213 
2012-08-13,18.8871,24.1674,0.1032 
2012-08-14,17.0343,22.5036,4.5316 
2012-08-15,19.3340,24.8052,0.8685 
2012-08-16,19.3074,27.3103,0.3862 
2012-08-17,16.5585,24.0250,0.5402 
2012-08-18,12.5309,21.0636,0.0098 
2012-08-19,18.1696,22.2563,0.0015 
2012-08-20,16.5138,22.0160,0.0650 
2012-08-21,17.9900,22.8720,0.2513 
2012-08-22,17.7468,24.4258,0.0654 
2012-08-23,20.9889,26.9777,0.0113 
2012-08-24,22.0132,28.6992,0.0000 
2012-08-25,21.6571,30.0652,4.2769e-04 
2012-08-26,21.0292,29.6900,6.6365e-04 
2012-08-27,19.0566,28.7442,39.1249 
2012-08-28,16.3317,25.9292,0.0054 
2012-08-29,16.7994,25.6778,0.0053 
2012-08-30,18.7835,28.4605,0.0232 
2012-08-31,19.9915,30.9415,7.3241e-06 
2012-09-01,21.1601,29.6018,0.0212 
2012-09-02,20.7479,23.4845,2.6306 
2012-09-03,21.6260,26.3669,0.0659 
2012-09-04,22.0588,26.6435,0.8395 
2012-09-05,20.3928,28.6357,1.2668 
2012-09-06,16.7197,27.4348,0.5235 
2012-09-07,20.2545,25.8367,0.0392 
2012-09-08,14.4126,21.5171,6.8013 
2012-09-09,13.5979,19.3620,0.0091 
2012-09-10,13.4349,20.5985,7.2899e-04 
2012-09-11,15.2351,23.5503,0.0025 
2012-09-12,16.7882,26.3070,6.1376e-05 
2012-09-13,18.8424,26.7800,0.0036 
2012-09-14,12.6654,25.3689,2.9870 
2012-09-15,13.0690,20.9637,0.0177 
2012-09-16,15.2045,23.2981,0.0027 
2012-09-17,15.7949,24.1096,0.0034 
2012-09-18,14.2409,22.9307,3.8620 
2012-09-19,7.4904,16.8448,0.0892 
2012-09-20,11.8005,20.5738,1.1559 
2012-09-21,11.8336,19.3323,0.2257 
2012-09-22,9.2815,17.9331,11.2351 
2012-09-23,5.7921,11.7531,0.0899 
2012-09-24,5.3220,14.8876,3.8005e-04 
2012-09-25,8.9231,19.2408,0.0030 
2012-09-26,14.2235,21.4975,0.7876 
2012-09-27,12.2302,19.8334,0.0452 
2012-09-28,11.9209,18.2254,5.0475e-04 
2012-09-29,12.9094,19.4845,0.0038 
2012-09-30,9.9389,18.5985,1.4631e-04 
2012-10-01,10.9999,15.6799,0.0028 
2012-10-02,12.7895,17.9552,5.7394 
2012-10-03,13.9080,17.2212,2.9149 
2012-10-04,11.9065,22.1888,0.0032 
2012-10-05,8.0349,21.2393,2.0696 
2012-10-06,4.4384,9.0740,6.1769 
2012-10-07,3.5307,8.8891,0.2648 
2012-10-08,3.4122,9.4610,0.0608 
2012-10-09,3.8603,13.8513,0.0416 
2012-10-10,6.1620,12.9395,1.8551 
2012-10-11,1.4307,13.0176,0.0016 
2012-10-12,3.2256,12.0267,0.0193 
2012-10-13,3.3397,18.1687,3.3593 
2012-10-14,15.9557,20.3674,2.3959 
2012-10-15,9.0814,17.1207,2.0151 
2012-10-16,5.0057,12.8070,0.0044 
2012-10-17,11.8731,20.8277,0.6958 
2012-10-18,10.8437,20.0587,10.0601 
2012-10-19,8.0444,12.9049,2.8393 
2012-10-20,7.3334,10.5373,2.7790 
2012-10-21,5.6851,13.8612,0.0235 
2012-10-22,9.9474,21.4415,0.0286 
2012-10-23,16.2675,20.8296,2.7446 
2012-10-24,15.0024,22.2039,1.0987 
2012-10-25,15.4627,22.7780,0.0000 
2012-10-26,7.2380,22.2064,0.9215 
2012-10-27,6.3176,10.7338,0.0812 
2012-10-28,2.9574,8.9802,0.0102 
2012-10-29,4.8986,7.0280,0.0871 
2012-10-30,2.8248,6.8674,3.1217 
2012-10-31,2.6562,5.7808,0.7403 
2012-11-01,3.6533,8.4839,0.0345 
2012-11-02,-0.3627,6.2260,0.0241 
2012-11-03,-2.5416,6.5338,0.0029 
2012-11-04,-0.5672,5.2706,0.0000 
2012-11-05,-1.9058,4.7894,0.0018 
2012-11-06,0.1156,5.6433,0.0095 
2012-11-07,-0.5877,7.2931,0.0186 
2012-11-08,0.9934,8.2124,5.5031e-06 
2012-11-09,2.1513,12.5266,0.0594 
2012-11-10,7.1675,17.5343,1.6532 
2012-11-11,12.2568,17.9857,0.0040 
2012-11-12,0.6918,17.2785,14.3360 
2012-11-13,-3.3952,1.6929,0.0381 
2012-11-14,-1.0912,3.3549,2.8784e-04 
2012-11-15,0.5280,5.3526,6.2239e-05 
2012-11-16,2.6631,8.5882,0.0000 
2012-11-17,3.4764,9.2555,0.0000 
2012-11-18,4.6039,9.9022,0.0405 
2012-11-19,6.2970,10.3194,0.0167 
2012-11-20,7.3548,11.6176,0.0832 
2012-11-21,6.1643,14.2619,0.0528 
2012-11-22,6.2956,15.8510,0.0616 
2012-11-23,1.2646,14.5389,4.3094 
2012-11-24,-2.7920,1.5206,0.0205 
2012-11-25,-5.0153,4.6458,0.2833 
2012-11-26,-1.6747,2.8014,3.3720e-04 
2012-11-27,-5.5678,0.7280,1.5581e-04 
2012-11-28,-3.8742,4.3695,0.0020 
2012-11-29,-1.8661,7.7349,0.0022 
2012-11-30,0.7221,7.7605,0.0248 
2012-12-01,3.2771,15.0779,0.0036 
2012-12-02,12.5991,15.4905,2.1360 
2012-12-03,10.6549,17.5127,0.0118 
2012-12-04,7.9994,17.6345,5.2827 
2012-12-05,-2.1142,8.6678,0.0024 
2012-12-06,-2.9795,4.2238,2.4083e-04 
2012-12-07,2.6791,7.5545,0.5205 
2012-12-08,2.8687,7.8583,2.0171 
2012-12-09,-0.0122,4.7447,5.0463 
2012-12-10,1.2768,7.5762,0.9444 
2012-12-11,-4.0985,0.5345,0.1582 
2012-12-12,-4.8774,3.8021,0.0894 
2012-12-13,-2.0513,5.5985,0.0000 
2012-12-14,-1.5703,6.4790,0.0022 
2012-12-15,2.7733,6.0262,0.8207 
2012-12-16,6.2666,11.3701,1.3794 
2012-12-17,3.1615,8.8616,0.0389 
2012-12-18,0.5857,4.6719,2.2648 
2012-12-19,1.4439,5.3358,0.7941 
2012-12-20,2.9230,10.3097,10.0544 
2012-12-21,-1.0156,9.7721,3.0237 
2012-12-22,-3.9346,-0.4169,0.0111 
2012-12-23,-8.3910,0.3459,0.0039 
2012-12-24,-3.8756,0.4287,0.8328 
2012-12-25,-5.9339,-0.3409,0.1549 
2012-12-26,-2.6796,-1.1953,9.5081 
2012-12-27,-3.6626,-1.8393,2.0389 
2012-12-28,-6.8296,-3.3608,0.2839 
2012-12-29,-3.4269,-1.7099,3.5734 
2012-12-30,-7.1438,-2.1890,0.2439 
2012-12-31,-7.6117,0.0937,0.1883 
2013-01-01,-7.9664,-0.0479,0.0534 
2013-01-02,-11.8493,-7.1817,0.0234 
2013-01-03,-12.3919,-2.3106,0.0241 
2013-01-04,-9.3254,-2.6964,0.0433 
2013-01-05,-8.3958,-2.5269,0.0086 
2013-01-06,-2.3689,0.4178,0.3180 
2013-01-07,-5.3713,0.1015,0.0110 
2013-01-08,-5.1415,0.5069,2.9163e-04 
2013-01-09,-0.6731,3.1575,0.1555 
2013-01-10,-1.2957,2.2951,0.0798 
2013-01-11,1.7472,14.1071,16.8804 
2013-01-12,8.3345,13.2783,0.0028 
2013-01-13,3.0135,12.1666,41.7319 
2013-01-14,-5.9317,3.6785,1.2533 
2013-01-15,-7.0869,-2.7553,5.0516e-05 
2013-01-16,-5.4145,0.2730,1.3547e-05 
2013-01-17,-3.8215,-0.4366,3.3289e-04 
2013-01-18,-9.4518,0.8203,0.0062 
2013-01-19,1.1716,7.3091,0.0269 
2013-01-20,-7.4335,8.1613,0.1679 
2013-01-21,-11.2894,-6.5427,2.0053 
2013-01-22,-15.2230,-11.3638,0.8303 
2013-01-23,-15.9795,-9.3331,0.1386 
2013-01-24,-15.1587,-8.4360,0.3905 
2013-01-25,-10.5627,-5.7624,1.6442 
2013-01-26,-9.9988,-4.0395,1.1612 
2013-01-27,-7.2898,-2.7263,0.1157 
2013-01-28,-2.5687,9.3342,7.6370 
2013-01-29,4.2326,14.3289,4.0859 
2013-01-30,10.7774,16.6719,8.5278 
2013-01-31,-6.5815,10.2148,4.7422 
2013-02-01,-11.1037,-7.0752,0.4744 
2013-02-02,-13.6090,-4.2526,5.5895 
2013-02-03,-11.2653,-5.1564,0.4447 
2013-02-04,-13.2999,-6.1061,2.1837 
2013-02-05,-8.7278,-4.2644,0.3951 
2013-02-06,-9.9591,-2.8005,0.6140 
2013-02-07,-7.0060,-0.4844,0.0505 
2013-02-08,-3.8495,0.6019,3.1251 
2013-02-09,-10.1825,-4.2218,0.1345 
2013-02-10,-7.3124,6.7882,0.1389 
2013-02-11,0.9269,10.1701,2.3107 
2013-02-12,-3.9708,0.8489,0.0068 
2013-02-13,-5.8272,2.6106,0.0190 
2013-02-14,-2.2469,6.3875,0.1024 
2013-02-15,-3.3717,4.1302,0.0334 
2013-02-16,-8.2873,-2.9735,0.7243 
2013-02-17,-11.9669,-5.4175,0.1347 
2013-02-18,-8.7669,7.1320,0.0045 
2013-02-19,-6.4895,7.9359,3.7259 
2013-02-20,-8.6264,-5.2341,0.0667 
2013-02-21,-11.6072,-4.1594,0.1211 
2013-02-22,-7.0259,2.7410,6.9336 
2013-02-23,-4.1356,2.2139,0.0522 
2013-02-24,-7.6570,0.6961,0.0260 
2013-02-25,-2.7911,2.6787,0.0302 
2013-02-26,-3.1274,0.8666,15.9440 
2013-02-27,0.7666,3.7250,22.9462 
2013-02-28,-0.8236,1.2371,2.3131 
2013-03-01,-5.2421,-0.1449,0.0123 
2013-03-02,-7.8558,-2.4688,0.2440 
2013-03-03,-11.3964,-2.8015,0.1870 
2013-03-04,-10.6502,-1.8371,0.0443 
2013-03-05,-6.8498,-0.7337,0.0392 
2013-03-06,-2.3339,2.1059,0.0424 
2013-03-07,-1.6067,1.7668,0.0409 
2013-03-08,-5.4508,2.2143,0.0665 
2013-03-09,-0.4739,5.8688,0.0183 
2013-03-10,5.7901,14.7688,0.2960 
2013-03-11,8.3239,13.6068,7.7160 
2013-03-12,-0.0938,7.0312,0.2871 
2013-03-13,-3.0285,1.6938,0.4845 
2013-03-14,-6.5063,3.2916,0.0031 
2013-03-15,-4.0631,5.7384,0.5020 
2013-03-16,-2.7142,4.5681,4.9330 
2013-03-17,-6.7371,-0.4911,0.0343 
2013-03-18,-4.5018,4.8464,0.6478 
2013-03-19,-6.9263,4.6732,0.1416 
2013-03-20,-6.4550,-2.0764,0.0246 
2013-03-21,-10.0685,-0.2422,0.2516 
2013-03-22,-6.4848,2.5802,0.0194 
2013-03-23,-6.4311,3.9185,0.0019 
2013-03-24,-3.9279,3.7163,0.0062 
2013-03-25,-0.9895,2.0206,1.9095 
2013-03-26,-1.4218,5.1125,0.3869 
2013-03-27,-2.9629,6.6937,0.2621 
2013-03-28,-1.4076,9.2663,9.2801e-08 
2013-03-29,-0.6540,9.1761,2.4769e-04 
2013-03-30,1.5689,12.3973,2.9934e-04 
2013-03-31,5.5997,14.3223,0.4840 
2013-04-01,-1.0945,12.3577,0.2961 
2013-04-02,-5.7766,3.8644,0.0727 
2013-04-03,-4.2338,5.2668,6.2708e-05 
2013-04-04,-2.7035,11.4442,0.0000 
2013-04-05,0.2216,10.9610,0.0000 
2013-04-06,-0.4052,14.2343,2.2617e-04 
2013-04-07,14.3333,17.5444,0.0547 
2013-04-08,3.7931,19.9611,1.9965 
2013-04-09,5.6842,19.2154,0.4824 
2013-04-10,6.7737,12.8099,7.0170 
2013-04-11,3.3873,8.1029,29.9252 
2013-04-12,3.6846,6.3684,17.0831 
2013-04-13,-0.0314,5.3054,0.7324 
2013-04-14,1.9050,8.1252,0.1693 
2013-04-15,6.5908,19.9341,0.0065 
2013-04-16,8.4819,19.4322,9.4739 
2013-04-17,5.1678,9.5867,1.0650 
2013-04-18,7.6671,24.6415,10.2291 
2013-04-19,2.8386,24.3477,7.6776 
2013-04-20,-0.1891,4.4071,0.9573 
2013-04-21,-1.8007,5.1996,0.0053 
2013-04-22,2.3740,13.6331,8.2308e-06 
2013-04-23,8.0335,20.9470,0.1499 
2013-04-24,1.0342,17.3533,21.1393 
2013-04-25,0.1821,8.6254,1.4875 
2013-04-26,4.3958,13.4443,4.7091e-04 
2013-04-27,10.3930,17.8123,6.9804e-05 
2013-04-28,10.4686,15.7372,8.1556 
2013-04-29,11.4974,19.4828,0.3939 
2013-04-30,12.3431,24.2838,0.0139 
2013-05-01,14.8531,26.0284,9.7126e-05 
2013-05-02,15.6557,24.4744,7.7936e-05 
2013-05-03,17.8442,22.3169,0.0013 
2013-05-04,14.2724,21.2781,4.6044e-04 
2013-05-05,12.5165,17.1937,0.0000 
2013-05-06,11.2988,18.3134,6.9062e-07 
2013-05-07,13.3690,19.6239,8.7344e-04 
2013-05-08,14.3699,22.2137,9.4555e-04 
2013-05-09,17.5030,24.9347,0.0053 
2013-05-10,15.4126,24.3417,6.3560 
2013-05-11,5.1943,16.6042,0.2468 
2013-05-12,3.9194,8.7990,0.1071 
2013-05-13,0.0882,11.1191,0.0037 
2013-05-14,7.2953,25.2763,0.0149 
2013-05-15,17.9554,26.5540,0.1206 
2013-05-16,17.4436,26.6533,0.0073 
2013-05-17,11.8413,26.6257,0.0059 
2013-05-18,13.7905,19.8391,0.0501 
2013-05-19,14.6681,25.0986,0.0406 
2013-05-20,18.7739,31.0592,0.0103 
2013-05-21,21.4898,29.2991,0.1434 
2013-05-22,19.3627,26.7179,2.8635 
2013-05-23,6.5121,24.7977,7.7323 
2013-05-24,3.9424,12.1954,1.0618 
2013-05-25,5.4747,16.4762,1.2630e-05 
2013-05-26,8.1271,17.8815,5.6203e-05 
2013-05-27,10.8900,17.4621,11.2267 
2013-05-28,11.2386,24.4825,11.4090 
2013-05-29,19.3927,27.7933,0.0418 
2013-05-30,21.2607,28.8359,0.4766 
2013-05-31,21.3437,27.7405,2.2450 
2013-06-01,20.6494,26.8327,16.3575 
2013-06-02,17.8580,22.2863,1.2268 
2013-06-03,7.9605,18.6762,0.0058 
2013-06-04,10.5365,18.9103,0.0012 
2013-06-05,12.4172,18.5197,1.4355e-05 
2013-06-06,13.2701,20.1926,0.0585 
2013-06-07,11.7682,20.6444,0.0035 
2013-06-08,12.4296,21.6623,0.0187 
2013-06-09,16.5848,21.3257,0.7514 
2013-06-10,17.0090,21.9684,14.9789 
2013-06-11,17.4666,25.8763,0.3351 
2013-06-12,21.1993,25.6410,0.3722 
2013-06-13,16.4055,23.7136,33.6709 
2013-06-14,13.2799,21.1017,0.0024 
2013-06-15,15.4594,24.3588,0.1372 
2013-06-16,17.5505,25.0898,12.1879 
2013-06-17,18.6514,27.4594,0.0338 
2013-06-18,16.1740,26.4874,0.1461 
2013-06-19,10.4836,20.0911,5.0846e-05 
2013-06-20,15.4006,24.0792,8.1282e-04 
2013-06-21,18.5268,29.7711,5.3895e-05 
2013-06-22,21.5839,31.5910,13.5286 
2013-06-23,22.8467,29.8854,1.8282 
2013-06-24,21.6820,29.8254,0.1031 
2013-06-25,19.3911,29.7115,1.3653 
2013-06-26,18.7180,28.9370,22.3551 
2013-06-27,18.3986,26.2833,20.2158 
2013-06-28,18.6846,26.2081,7.3886 
2013-06-29,17.0596,20.9896,1.8477 
2013-06-30,14.5614,21.9614,1.9400 
2013-07-01,16.7851,23.3532,17.8159 
2013-07-02,17.3350,22.8143,1.0439 
2013-07-03,17.3796,26.8744,0.1254 
2013-07-04,18.5794,26.1164,0.4965 
2013-07-05,19.5911,25.9435,0.7455 
2013-07-06,20.7559,26.4325,13.5046 
2013-07-07,18.8311,26.7624,1.2873 
2013-07-08,21.4176,29.7492,1.4469 
2013-07-09,20.3334,28.1661,8.6174 
2013-07-10,21.2824,27.8325,8.7888 
2013-07-11,16.8965,23.9606,0.1679 
2013-07-12,14.7511,23.9435,5.0115e-04 
2013-07-13,19.3096,24.3702,7.4603e-04 
2013-07-14,20.8641,27.2782,0.0013 
2013-07-15,23.9851,30.5974,0.0362 
2013-07-16,25.6878,31.8922,0.0407 
2013-07-17,26.6701,32.1695,7.9389e-04 
2013-07-18,26.3460,32.4961,0.0028 
2013-07-19,24.4617,32.2560,0.0339 
2013-07-20,22.2319,31.4152,24.1210 
2013-07-21,19.8175,27.7686,0.0167 
2013-07-22,22.3351,26.7541,0.8315 
2013-07-23,19.6851,26.9166,3.4168 
2013-07-24,12.9320,24.0800,0.0138 
2013-07-25,15.3395,22.1418,2.5952e-04 
2013-07-26,18.7841,25.4901,1.5092e-04 
2013-07-27,16.4530,25.1622,7.4060 
2013-07-28,10.7161,17.5580,1.0041 
2013-07-29,12.4867,21.4485,0.0535 
2013-07-30,15.2335,23.7176,0.0014 
2013-07-31,20.2177,24.6861,0.0872 
2013-08-01,16.0036,23.5555,1.0929 
2013-08-02,15.9272,22.7653,0.7314 
2013-08-03,17.2283,23.5898,0.3342 
2013-08-04,13.7727,23.0538,6.1073e-04 
2013-08-05,17.7943,23.2897,0.0122 
2013-08-06,18.1806,25.8920,0.2115 
2013-08-07,20.2444,28.6539,8.5741 
2013-08-08,19.1081,27.9673,0.2073 
2013-08-09,17.4049,24.8202,0.0046 
2013-08-10,18.8180,24.1830,0.0063 
2013-08-11,18.6671,23.9139,0.0067 
2013-08-12,16.9927,24.7285,1.9306 
2013-08-13,14.3275,23.8440,5.3482 
2013-08-14,9.6787,19.3028,5.6256e-05 
2013-08-15,14.5270,21.2507,6.6111e-05 
2013-08-16,17.2216,22.8185,0.0011 
2013-08-17,18.0301,22.7632,8.4758e-05 
2013-08-18,19.0746,24.4642,5.3442e-04 
2013-08-19,20.0166,26.9627,0.0022 
2013-08-20,21.0644,28.4762,1.2715e-05 
2013-08-21,21.0427,28.7776,2.0698e-04 
2013-08-22,20.1535,27.3215,0.4640 
2013-08-23,17.8840,26.5565,0.2973 
2013-08-24,18.2886,24.0247,1.9670e-05 
2013-08-25,20.3468,29.7653,3.7397e-04 
2013-08-26,20.4699,31.2136,0.0062 
2013-08-27,22.1293,30.6275,8.6925 
2013-08-28,22.4252,30.0880,10.4898 
2013-08-29,18.9274,26.9151,0.0038 
2013-08-30,23.2183,28.9263,0.0049 
2013-08-31,20.3734,28.3943,8.5297 
2013-09-01,20.1797,26.9265,0.0337 
2013-09-02,20.2408,26.7855,0.8403 
2013-09-03,12.0379,22.0156,0.0023 
2013-09-04,14.9440,24.8759,3.3565e-05 
2013-09-05,13.9335,23.9452,0.0030 
2013-09-06,14.7075,21.8669,0.0030 
2013-09-07,17.1599,28.1703,0.1029 
2013-09-08,18.2217,26.8414,0.1041 
2013-09-09,16.7865,29.2739,12.2004 
2013-09-10,23.7396,30.8839,0.0834 
2013-09-11,24.4751,30.6428,0.7099 
2013-09-12,18.9288,29.1418,4.7521 
2013-09-13,10.2836,19.8755,0.7473 
2013-09-14,9.0219,17.5341,7.2249e-05 
2013-09-15,12.6094,18.2779,0.0334 
2013-09-16,9.3710,16.3767,1.5538 
2013-09-17,9.1920,17.3318,0.0264 
2013-09-18,14.2007,22.4894,0.0050 
2013-09-19,15.7637,27.2913,0.0104 
2013-09-20,20.3192,26.4183,3.6375 
2013-09-21,15.3406,20.6074,19.7887 
2013-09-22,7.4777,16.0299,6.3841e-04 
2013-09-23,8.6935,14.5216,3.9023e-05 
2013-09-24,11.2584,16.1336,0.0085 
2013-09-25,12.0626,18.2431,0.0285 
2013-09-26,13.0552,20.0641,0.0911 
2013-09-27,14.6830,19.5352,0.0361 
2013-09-28,15.0624,23.2945,0.0379 
2013-09-29,16.3061,22.1167,3.8760 
2013-09-30,14.5032,19.8199,1.3228 
2013-10-01,14.1138,23.0868,0.0316 
2013-10-02,15.8747,23.1551,0.0118 
2013-10-03,18.8029,23.8252,0.8312 
2013-10-04,19.6117,26.2115,2.5372 
2013-10-05,18.6929,25.1413,6.2494 
2013-10-06,14.6872,23.1501,8.8690 
2013-10-07,5.8392,14.2070,0.7513 
2013-10-08,10.4760,16.6799,6.0381e-04 
2013-10-09,13.1802,17.5567,0.0057 
2013-10-10,12.7850,17.9502,9.1920e-04 
2013-10-11,12.0738,19.0001,0.0067 
2013-10-12,15.0926,21.6212,0.0316 
2013-10-13,13.1348,20.4382,3.2422e-04 
2013-10-14,8.1675,15.5058,2.9883e-04 
2013-10-15,11.3009,20.3018,0.1316 
2013-10-16,12.5530,19.8303,2.6661 
2013-10-17,6.6026,12.9526,1.1059 
2013-10-18,4.7647,14.3928,0.2857 
2013-10-19,5.5248,12.5739,1.8833 
2013-10-20,3.3464,13.2027,0.0468 
2013-10-21,10.0778,12.8968,0.1140 
2013-10-22,1.7132,10.1862,0.0077 
2013-10-23,1.3643,6.8944,0.1082 
2013-10-24,-2.1745,6.1760,0.2015 
2013-10-25,-0.3565,7.1584,0.0266 
2013-10-26,2.4093,9.3236,0.0483 
2013-10-27,2.3081,9.8714,0.0077 
2013-10-28,4.1481,10.1014,0.0155 
2013-10-29,3.1705,10.4047,0.0016 
2013-10-30,7.9435,15.3812,0.0493 
2013-10-31,14.4837,17.0288,27.3123 
2013-11-01,6.8058,17.5832,11.9282 
2013-11-02,4.9349,7.9676,1.6569 
2013-11-03,-0.1539,5.7018,0.0865 
2013-11-04,1.4356,8.0731,0.0020 
2013-11-05,7.9681,14.3834,0.0082 
2013-11-06,9.9866,13.6468,2.1117 
2013-11-07,2.9625,13.2154,1.5038 
2013-11-08,0.3473,5.5713,0.4335 
2013-11-09,2.4221,12.8302,1.0873e-05 
2013-11-10,4.6153,12.3793,0.0030 
2013-11-11,1.2954,7.3520,4.9280 
2013-11-12,-4.8840,0.0738,1.8981 
2013-11-13,-8.1326,-0.0430,0.0030 
2013-11-14,-1.4655,6.2172,3.0224e-04 
2013-11-15,3.9022,8.3797,1.1067e-04 
2013-11-16,3.3784,13.4326,0.0265 
2013-11-17,13.3217,17.6823,4.2638 
2013-11-18,1.5802,15.3327,8.1593 
2013-11-19,-3.0662,2.9339,0.0013 
2013-11-20,-1.0870,6.0849,8.1754e-05 
2013-11-21,4.5807,9.0511,3.3579 
2013-11-22,1.4483,7.9791,8.0285 
2013-11-23,-4.8362,0.7349,0.2277 
2013-11-24,-9.7818,-4.5334,0.0034 
2013-11-25,-8.6940,-0.2975,0.0097 
2013-11-26,-1.2494,1.7440,0.1479 
2013-11-27,-7.4582,0.7309,0.1373 
2013-11-28,-7.8735,-1.7881,0.2686 
2013-11-29,-5.3768,0.0043,0.0294 
2013-11-30,-3.5835,6.4548,4.5891e-04 
2013-12-01,-0.1441,7.4474,0.0021 
2013-12-02,-3.1203,5.4037,0.0173 
2013-12-03,0.0287,5.8962,0.7287 
2013-12-04,5.2327,12.8016,0.1184 
2013-12-05,1.1531,16.4564,0.0019 
2013-12-06,-3.9204,0.2669,0.0263 
2013-12-07,-8.7986,-4.2134,0.0513 
2013-12-08,-9.2882,-2.4998,0.8152 
2013-12-09,-4.4670,-0.7050,1.4142 
2013-12-10,-11.7735,-5.1197,0.0226 
2013-12-11,-10.6589,-5.8520,0.9031 
2013-12-12,-14.9970,-7.8144,0.0997 
2013-12-13,-9.8574,-3.5079,2.7409e-05 
2013-12-14,-5.3243,-0.6563,11.9340 
2013-12-15,-8.3333,-0.9776,1.7213 
2013-12-16,-13.2540,-7.6805,0.0144 
2013-12-17,-10.1723,-4.8433,1.9177 
2013-12-18,-7.4624,-2.3293,0.0664 
2013-12-19,-6.7554,2.5490,0.1482 
2013-12-20,2.0357,8.2408,6.2776 
2013-12-21,0.4397,9.5671,13.7456 
2013-12-22,0.3407,6.6175,49.2436 
2013-12-23,-3.6078,2.4222,0.1040 
2013-12-24,-12.9653,-4.5889,0.1483 
2013-12-25,-10.0339,-4.3943,1.4794 
2013-12-26,-4.4397,-3.0142,1.6837 
2013-12-27,-5.1261,1.6589,0.1150 
2013-12-28,1.2873,6.8187,0.0058 
2013-12-29,0.3140,5.9580,0.1133 
2013-12-30,-11.5513,-1.2765,0.1753 
2013-12-31,-9.9439,-6.5696,0.9810 
2014-01-01,-10.0399,-8.4003,11.5686 
2014-01-02,-11.6769,-9.1928,8.1505 
2014-01-03,-21.0420,-10.9564,0.0435 
2014-01-04,-16.8835,-2.4157,0.0664 
2014-01-05,-2.7886,-0.9384,13.7046 
2014-01-06,-20.6233,-1.6796,8.4906 
2014-01-07,-25.1829,-19.2636,0.0014 
2014-01-08,-20.8303,-12.1523,0.0048 
2014-01-09,-14.6546,-9.1114,0.0729 
2014-01-10,-8.6455,2.0606,0.6633 
2014-01-11,0.7865,3.7675,12.5635 
2014-01-12,-2.5699,2.4353,0.0418 
2014-01-13,2.6246,7.8819,0.0051 
2014-01-14,-3.8256,5.0605,0.0352 
2014-01-15,-5.0859,2.1866,0.7456 
2014-01-16,-9.8105,-2.6197,3.1282 
2014-01-17,-5.9927,-0.4679,1.9620 
2014-01-18,-12.9859,-6.9335,0.1477 
2014-01-19,-12.5793,-4.6163,0.7931 
2014-01-20,-6.1473,0.9976,0.2378 
2014-01-21,-15.3578,-6.6814,1.1943 
2014-01-22,-18.1811,-13.5080,0.6007 
2014-01-23,-16.7490,-10.6553,0.7761 
2014-01-24,-22.5549,-12.2226,0.0255 
2014-01-25,-11.3833,-2.0756,6.7459 
2014-01-26,-16.4496,-2.9586,3.7136 
2014-01-27,-15.7798,-3.0975,1.5383 
2014-01-28,-22.8164,-16.3156,0.1105 
2014-01-29,-23.7987,-11.9339,5.6211e-07 
2014-01-30,-13.8027,-5.1190,0.0024 
2014-01-31,-4.6575,-1.7956,0.7664 
2014-02-01,-3.5705,1.6024,15.6597 
2014-02-02,-5.9330,1.6515,5.8617 
2014-02-03,-10.7470,-5.1271,0.0032 
2014-02-04,-10.3202,-6.6129,0.0182 
2014-02-05,-7.8815,-5.7122,14.2435 
2014-02-06,-13.7867,-8.6924,0.1455 
2014-02-07,-19.6623,-13.6504,0.0248 
2014-02-08,-20.5067,-11.2277,0.5108 
2014-02-09,-11.8490,-6.7024,3.9214 
2014-02-10,-12.7477,-7.1677,0.1527 
2014-02-11,-15.3717,-10.9935,0.0696 
2014-02-12,-15.0401,-9.9401,0.1316 
2014-02-13,-12.3028,-5.6457,0.0450 
2014-02-14,-10.0863,-4.5009,0.1803 
2014-02-15,-13.1987,-5.1406,0.0548 
2014-02-16,-10.2857,-5.7275,1.4487 
2014-02-17,-17.3377,-4.7986,0.4961 
2014-02-18,-5.1071,1.3185,11.2715 
2014-02-19,-0.4490,3.3936,0.0390 
2014-02-20,-2.4840,5.5984,20.7588 
2014-02-21,-1.1033,9.1155,5.9270 
2014-02-22,-3.6570,-0.0999,0.0146 
2014-02-23,-8.4587,-1.0802,0.0045 
2014-02-24,-11.6967,-6.0008,0.0299 
2014-02-25,-10.4867,-6.0172,0.1102 
2014-02-26,-14.1830,-7.3219,0.1703 
2014-02-27,-13.6765,-10.0133,0.2833 
2014-02-28,-19.8221,-6.2131,0.0058 
2014-03-01,-6.3866,-0.8404,0.4554 
2014-03-02,-13.0249,-4.4407,7.6182 
2014-03-03,-19.9420,-10.7492,0.0641 
2014-03-04,-16.0923,-9.3841,0.0117 
2014-03-05,-10.7037,-6.7479,0.3067 
2014-03-06,-12.0182,-4.8765,0.0223 
2014-03-07,-7.6356,1.7362,0.0204 
2014-03-08,-2.0354,2.8386,4.1172 
2014-03-09,-9.1314,-0.2360,4.1123e-04 
2014-03-10,0.2198,5.6175,0.0064 
2014-03-11,3.3660,6.8593,0.0472 
2014-03-12,-9.6293,4.3591,19.1158 
2014-03-13,-18.8177,-7.6314,0.0703 
2014-03-14,-7.7450,4.1559,0.0734 
2014-03-15,-2.0834,3.9695,0.0021 
2014-03-16,-12.2370,0.4803,0.0680 
2014-03-17,-14.9941,-3.5823,0.0065 
2014-03-18,-6.5079,6.5588,0.0084 
2014-03-19,3.4087,9.8509,0.3811 
2014-03-20,-1.2306,3.0226,0.0872 
2014-03-21,-1.5214,6.1629,0.1252 
2014-03-22,1.4105,12.0881,0.6242 
2014-03-23,-9.3788,3.6229,2.0273e-04 
2014-03-24,-9.1901,-1.2666,0.0146 
2014-03-25,-6.5453,-1.1900,0.3085 
2014-03-26,-9.1315,0.1054,0.0225 
2014-03-27,-4.5229,6.0123,2.0037 
2014-03-28,7.2230,12.4459,1.7037 
2014-03-29,-2.5882,7.6694,1.1218 
2014-03-30,-5.4227,8.0800,2.2791e-04 
2014-03-31,3.2783,12.3544,0.0000 
2014-04-01,9.1713,13.9720,0.3217 
2014-04-02,2.8179,10.6245,2.2158e-16 
2014-04-03,-0.1057,9.7366,24.6994 
2014-04-04,2.0744,15.2237,4.9197 
2014-04-05,-1.5458,7.7634,1.5059 
2014-04-06,2.7388,10.3107,0.0000 
2014-04-07,1.4268,8.7127,4.9066 
2014-04-08,3.9311,13.2313,10.7708 
2014-04-09,1.3938,11.8504,0.0058 
2014-04-10,7.2368,18.3926,0.0243 
2014-04-11,9.9666,16.6242,1.0337 
2014-04-12,11.0709,21.6447,0.0025 
2014-04-13,17.2200,24.6931,0.0041 
2014-04-14,12.1208,24.5776,1.0760 
2014-04-15,-5.4557,10.6563,10.5736 
2014-04-16,-4.4623,4.0854,0.0662 
2014-04-17,0.1431,16.3535,7.3219e-04 
2014-04-18,10.4163,17.0854,0.0030 
2014-04-19,1.2545,16.2421,5.5588e-04 
2014-04-20,4.0481,19.4822,1.5030e-04 
2014-04-21,11.3221,23.1977,5.7893e-04 
2014-04-22,10.5483,23.1485,0.0524 
2014-04-23,1.2869,12.0494,1.5152e-04 
2014-04-24,4.0978,11.2740,0.0651 
2014-04-25,7.3241,15.1330,4.6838 
2014-04-26,6.8068,14.4124,0.0053 
2014-04-27,1.7789,12.1807,0.0014 
2014-04-28,7.0623,9.4270,2.4263 
2014-04-29,8.1280,21.0694,11.0390 
2014-04-30,11.1249,19.5518,5.4381 
2014-05-01,7.2278,17.0670,0.0072 
2014-05-02,7.5418,14.0238,0.0346 
2014-05-03,7.9043,14.8006,1.0079 
2014-05-04,9.0922,13.7558,0.0284 
2014-05-05,6.2965,12.9578,0.0247 
2014-05-06,4.6932,12.8329,9.8723e-04 
2014-05-07,9.3782,15.0491,7.0192 
2014-05-08,13.0036,28.5430,5.4347e-04 
2014-05-09,19.8247,28.1847,2.7815 
2014-05-10,12.7053,23.0931,5.1303 
2014-05-11,15.0474,25.2831,0.0061 
2014-05-12,19.3381,26.5851,5.3831 
2014-05-13,20.4821,26.9994,5.8448 
2014-05-14,11.9629,25.1329,9.3635 
2014-05-15,9.8420,16.5326,11.6161 
2014-05-16,0.1237,10.8429,0.0089 
2014-05-17,5.0993,11.4289,0.4031 
2014-05-18,6.4053,16.2573,6.5037e-04 
2014-05-19,11.6610,18.6503,7.9652e-05 
2014-05-20,13.3014,24.9825,2.5263 
2014-05-21,16.9720,27.4800,3.6096 
2014-05-22,15.6269,26.8583,0.0046 
2014-05-23,10.3162,21.3076,5.3908e-04 
2014-05-24,13.4805,22.8346,8.6619e-04 
2014-05-25,18.9416,25.6903,0.0000 
2014-05-26,19.6994,28.5204,6.0894e-05 
2014-05-27,21.1712,28.2893,0.7048 
2014-05-28,19.3089,26.7695,4.6510 
2014-05-29,13.6313,19.9866,0.0337 
2014-05-30,14.8801,21.9330,7.8314e-04 
2014-05-31,17.3287,23.0123,0.0000 
2014-06-01,15.8085,26.4147,1.0834e-05 
2014-06-02,22.6309,29.1216,0.0485 
2014-06-03,20.5642,24.7894,0.0993 
2014-06-04,14.3343,24.1209,8.5826 
2014-06-05,11.6976,21.8473,0.1113 
2014-06-06,14.1710,24.0897,5.9492e-07 
2014-06-07,19.0432,25.0380,0.0058 
2014-06-08,14.8911,23.1816,5.4374 
2014-06-09,14.2434,22.8810,0.0092 
2014-06-10,18.0817,22.5183,0.1967 
2014-06-11,17.5901,23.8157,8.6696 
2014-06-12,17.6732,25.1165,0.0376 
2014-06-13,15.3124,25.4065,0.0692 
2014-06-14,12.6566,21.6570,4.8721e-04 
2014-06-15,15.1432,26.0355,0.0023 
2014-06-16,22.3273,29.0177,0.0420 
2014-06-17,24.0484,30.9888,0.3370 
2014-06-18,23.2667,30.6881,5.6288 
2014-06-19,18.8488,25.6698,22.0016 
2014-06-20,15.7098,22.2424,10.0681 
2014-06-21,15.3774,23.9086,1.5286 
2014-06-22,19.8047,24.9405,0.0869 
2014-06-23,20.1889,30.4035,8.9146 
2014-06-24,18.8584,29.9936,3.2637 
2014-06-25,18.5581,24.6448,2.6357 
2014-06-26,16.5165,23.7502,4.6477 
2014-06-27,19.5587,25.0850,2.7059e-04 
2014-06-28,20.2195,28.9053,0.4013 
2014-06-29,22.0306,27.8689,0.1321 
2014-06-30,22.1799,29.0274,0.0067 
2014-07-01,23.4516,28.7668,1.9084 
2014-07-02,18.6090,26.5473,0.0019 
2014-07-03,13.2966,21.4400,0.0566 
2014-07-04,14.2753,22.7145,0.0053 
2014-07-05,18.2142,23.3508,2.2845e-04 
2014-07-06,19.1745,27.5917,2.5898e-05 
2014-07-07,22.3702,27.4759,0.0503 
2014-07-08,19.6655,26.8948,5.4726 
2014-07-09,15.4894,22.7317,0.0975 
2014-07-10,15.7645,23.3373,0.0061 
2014-07-11,18.0254,24.9478,0.0010 
2014-07-12,21.3745,28.6947,0.0918 
2014-07-13,22.7939,27.9668,0.8740 
2014-07-14,18.5050,26.5190,0.4372 
2014-07-15,15.0457,18.8843,0.0243 
2014-07-16,11.4235,19.3008,0.0022 
2014-07-17,13.0503,22.5054,0.0015 
2014-07-18,18.8671,23.4575,6.1762e-04 
2014-07-19,17.8373,22.7281,0.1350 
2014-07-20,17.7058,25.4778,0.0043 
2014-07-21,20.4766,27.5345,0.0030 
2014-07-22,22.0221,31.9298,4.5624e-05 
2014-07-23,20.2551,31.1149,2.4855 
2014-07-24,13.6427,23.2076,0.0010 
2014-07-25,17.3087,25.3330,0.0027 
2014-07-26,18.5171,26.0948,0.0111 
2014-07-27,18.6672,25.3016,1.8124 
2014-07-28,16.1960,18.9731,0.6663 
2014-07-29,12.5384,21.0431,0.0118 
2014-07-30,14.8401,22.3400,0.5336 
2014-07-31,14.4253,24.7301,0.2358 
2014-08-01,19.2480,26.3280,0.2460 
2014-08-02,18.5346,25.4531,0.2678 
2014-08-03,19.5500,26.5795,0.0551 
2014-08-04,22.4147,27.5060,0.1338 
2014-08-05,19.4551,27.0532,0.5822 
2014-08-06,17.4449,23.7411,0.4432 
2014-08-07,18.8495,25.8155,0.0041 
2014-08-08,18.0181,24.9936,1.4525e-04 
2014-08-09,17.6778,23.2196,0.0000 
2014-08-10,18.3693,25.5303,8.8904e-06 
2014-08-11,18.9216,23.8263,68.8984 
2014-08-12,18.5629,21.6449,1.0397 
2014-08-13,13.9065,22.6455,0.3448 
2014-08-14,11.9813,22.3021,0.0014 
2014-08-15,11.3215,22.7982,0.0038 
2014-08-16,14.8282,27.4168,7.3826e-04 
2014-08-17,18.5222,26.9878,0.1084 
2014-08-18,17.7038,22.4258,0.0132 
2014-08-19,18.8189,29.0053,1.5673 
2014-08-20,19.1259,28.5262,2.8015 
2014-08-21,21.0312,27.9615,0.0553 
2014-08-22,19.8881,27.7867,0.1995 
2014-08-23,20.1195,24.6239,0.0089 
2014-08-24,19.5743,23.8906,0.0020 
2014-08-25,20.5761,28.2340,0.0318 
2014-08-26,22.2539,30.4545,0.0487 
2014-08-27,17.7956,29.6428,0.0078 
2014-08-28,15.9489,23.7038,0.0012 
2014-08-29,16.5772,25.6774,2.5127e-04 
2014-08-30,22.5414,28.5105,0.0697 
2014-08-31,19.8642,27.2879,0.3401 
2014-09-01,21.3876,26.4252,0.7446 
2014-09-02,19.5700,24.9637,4.0683 
2014-09-03,19.6940,25.5068,0.0144 
2014-09-04,19.9811,28.7549,0.0572 
2014-09-05,21.1840,30.5746,0.0936 
2014-09-06,16.2806,29.7015,14.3324 
2014-09-07,15.0214,21.2891,0.0045 
2014-09-08,17.8329,22.7747,0.0042 
2014-09-09,16.7354,25.8327,0.0368 
2014-09-10,19.2036,25.4076,45.9048 
2014-09-11,12.6264,23.2682,5.5099 
2014-09-12,8.9476,17.2042,0.1308 
2014-09-13,9.9957,14.8460,3.1078 
2014-09-14,10.3735,16.1401,6.0991e-05 
2014-09-15,12.2673,18.2085,2.4472 
2014-09-16,7.9261,16.8200,1.6853 
2014-09-17,11.0305,17.2714,0.0017 
2014-09-18,11.1951,17.8208,0.0062 
2014-09-19,11.8867,18.4774,0.0090 
2014-09-20,14.3748,23.7934,1.3135 
2014-09-21,14.4234,21.9531,7.5349 
2014-09-22,4.5672,15.5140,0.2819 
2014-09-23,11.3644,18.4056,8.9501e-06 
2014-09-24,14.5754,20.1367,0.0000 
2014-09-25,12.5392,20.5557,7.9659e-04 
2014-09-26,14.7809,21.0389,6.0172e-05 
2014-09-27,16.1750,20.9159,6.7582e-05 
2014-09-28,16.4805,21.9287,0.0000 
2014-09-29,16.9024,24.0888,0.0000 
2014-09-30,10.4624,23.1451,1.2879 
2014-10-01,10.2596,17.6841,0.0229 
2014-10-02,12.8822,25.7784,1.9455 
2014-10-03,14.1628,24.9518,12.9901 
2014-10-04,4.0740,13.4948,3.2348 
2014-10-05,3.4999,11.1930,0.2337 
2014-10-06,8.2709,15.1757,1.8370 
2014-10-07,8.2885,14.4358,1.0564 
2014-10-08,8.7077,14.0524,0.1014 
2014-10-09,8.4497,14.0639,3.8471e-04 
2014-10-10,4.3140,13.0026,0.0017 
2014-10-11,5.5839,12.6571,8.2102e-07 
2014-10-12,6.8691,15.0818,1.7767e-05 
2014-10-13,12.3625,22.3397,3.1438 
2014-10-14,17.6778,22.2090,11.4461 
2014-10-15,12.6661,17.7914,2.2627 
2014-10-16,12.0027,16.4653,3.1463 
2014-10-17,10.0252,16.7823,0.2868 
2014-10-18,7.1366,14.1981,0.3297 
2014-10-19,1.3731,9.1289,0.0883 
2014-10-20,8.2473,14.0453,0.9736 
2014-10-21,6.8089,13.7054,0.1291 
2014-10-22,4.2798,11.8872,0.0083 
2014-10-23,5.1488,12.1882,4.0693e-04 
2014-10-24,8.4984,15.3617,0.0000 
2014-10-25,9.3268,18.4558,5.5880e-06 
2014-10-26,6.3259,13.5185,2.7137e-04 
2014-10-27,9.0460,23.0993,0.3571 
2014-10-28,14.8567,22.3938,5.2014 
2014-10-29,6.4966,13.7147,0.0029 
2014-10-30,2.3156,8.7776,6.0186e-04 
2014-10-31,4.1229,8.4389,3.9534 
2014-11-01,2.2242,4.3829,2.0426 
2014-11-02,-3.8890,6.4038,0.0098 
2014-11-03,0.9741,13.5034,0.0109 
2014-11-04,11.6764,14.3110,1.3027 
2014-11-05,4.3746,12.8820,0.3916 
2014-11-06,6.1509,10.8752,2.4826 
2014-11-07,-1.2464,7.3766,1.2229 
2014-11-08,1.2505,8.0018,0.4296 
2014-11-09,1.7354,7.6430,0.0426 
2014-11-10,5.8448,14.5314,0.0090 
2014-11-11,10.9472,17.4357,0.3515 
2014-11-12,-0.1228,9.1116,0.1914 
2014-11-13,-3.5540,0.3971,0.3019 
2014-11-14,-8.1752,-0.2288,0.0906 
2014-11-15,-7.2025,-1.4160,0.3347 
2014-11-16,-3.2467,0.0402,0.8782 
2014-11-17,-6.9677,-0.7777,3.6175 
2014-11-18,-12.3973,-7.6301,0.0354 
2014-11-19,-13.9698,0.0457,0.8357 
2014-11-20,-7.8343,-2.0427,0.5038 
2014-11-21,-11.5473,-5.4312,0.1440 
2014-11-22,-9.8707,5.5141,3.8369 
2014-11-23,6.0278,11.4991,3.7632 
2014-11-24,2.5486,13.8051,22.5279 
2014-11-25,-2.7887,1.8555,0.0608 
2014-11-26,-5.4486,0.6237,0.0690 
2014-11-27,-3.5827,-0.1906,0.1049 
2014-11-28,-7.9825,-1.6331,0.2811 
2014-11-29,-2.6473,8.7223,0.3693 
2014-11-30,8.7920,15.1897,0.9347 
2014-12-01,-3.6681,11.6318,0.3915 
2014-12-02,-5.2571,1.3049,0.1114 
2014-12-03,-4.7270,2.7634,0.0240 
2014-12-04,-3.9015,0.1756,0.0021 
2014-12-05,-0.8362,3.9743,0.0729 
2014-12-06,0.4877,4.6724,0.8715 
2014-12-07,-4.3126,1.5989,1.0595e-04 
2014-12-08,-0.1297,5.3374,0.0110 
2014-12-09,0.7406,5.1850,2.9273 
2014-12-10,-1.8583,2.8344,0.0626 
2014-12-11,-7.9142,2.9549,0.0079 
2014-12-12,-3.7418,4.6401,7.9957e-04 
2014-12-13,-3.5837,8.0900,0.0091 
2014-12-14,3.9906,10.8761,0.0147 
2014-12-15,4.3004,10.2458,0.0195 
2014-12-16,5.4614,8.3143,8.9029 
2014-12-17,-1.2235,7.6501,0.1791 
2014-12-18,-6.0070,0.0870,0.0370 
2014-12-19,-5.0710,-0.3031,0.0433 
2014-12-20,-4.8522,-0.3966,0.0065 
2014-12-21,-3.8818,0.8986,0.0160 
2014-12-22,-2.2243,4.1136,0.0086 
2014-12-23,2.9975,11.3428,1.5503 
2014-12-24,5.3761,10.3175,15.3096 
2014-12-25,1.9601,4.7461,0.7647 
2014-12-26,0.0153,6.9394,0.0244 
2014-12-27,3.4024,10.2766,0.4648 
2014-12-28,-1.2696,8.7427,1.0693 
2014-12-29,-4.9447,-0.3350,6.3802e-06 
2014-12-30,-9.0398,-2.7826,0.0071 
2014-12-31,-10.8991,-6.2100,0.0901 
2015-01-01,-8.8354,-8.4201,1.6901e-05 
