Meteorological forcing data for the Large Basin Runoff Model.      
eri, 21,   <- lake basin, subbasin            
yyyy-mm-dd, Tmin(C), Tmax(C), Prec(mm)                             
2010-01-01,-7.8391,-4.1502,0.0952 
2010-01-02,-11.6191,-6.6381,0.9381 
2010-01-03,-14.0267,-6.9488,0.8784 
2010-01-04,-8.2189,-6.2195,0.9299 
2010-01-05,-8.1033,-4.6814,0.9995 
2010-01-06,-5.3803,-2.9300,0.1458 
2010-01-07,-5.1952,-3.7085,4.5678 
2010-01-08,-6.2337,-4.4242,7.3546 
2010-01-09,-11.0566,-6.1583,0.1532 
2010-01-10,-9.9132,-6.0594,0.0123 
2010-01-11,-9.1799,-6.0510,2.1895 
2010-01-12,-8.5988,-4.7278,0.5922 
2010-01-13,-7.8560,-2.5127,8.2716e-04 
2010-01-14,-2.7017,0.0981,1.0024e-04 
2010-01-15,0.1620,1.9831,0.0456 
2010-01-16,-4.0409,-0.0678,0.0026 
2010-01-17,-1.7373,0.7245,0.0018 
2010-01-18,-5.3963,0.1238,0.0026 
2010-01-19,-2.9690,-0.3120,0.0858 
2010-01-20,-5.0925,-0.8901,0.0740 
2010-01-21,-5.5320,-0.3214,5.1320e-04 
2010-01-22,-0.3892,0.7860,0.0558 
2010-01-23,-1.4026,1.9288,0.2916 
2010-01-24,2.2327,5.7935,11.3158 
2010-01-25,0.4491,6.1490,7.6433 
2010-01-26,-4.4476,0.1681,2.4737 
2010-01-27,-7.8995,-1.3576,0.2308 
2010-01-28,-10.5009,-3.3946,0.9960 
2010-01-29,-14.8246,-8.8605,0.0219 
2010-01-30,-12.2057,-8.6042,0.0309 
2010-01-31,-10.1115,-4.3362,0.0375 
2010-02-01,-9.4536,-4.3769,0.0391 
2010-02-02,-4.8730,-2.8297,1.0933 
2010-02-03,-3.9532,-0.5229,1.7829 
2010-02-04,-5.3671,-1.1716,0.0019 
2010-02-05,-3.0221,-0.5246,0.0362 
2010-02-06,-8.4253,-1.5862,0.1206 
2010-02-07,-10.3983,-3.2509,0.0746 
2010-02-08,-6.7734,-1.8191,0.0135 
2010-02-09,-7.7006,-2.6970,7.0340 
2010-02-10,-3.4232,-1.5135,12.1356 
2010-02-11,-6.2402,-3.7975,0.6849 
2010-02-12,-10.0274,-3.6271,0.0739 
2010-02-13,-6.9198,-3.6614,0.2155 
2010-02-14,-7.2046,-1.7860,0.2196 
2010-02-15,-6.3340,-2.5038,0.0788 
2010-02-16,-6.0205,-2.5394,0.4302 
2010-02-17,-5.4673,-0.3597,0.1435 
2010-02-18,-3.5335,-0.4352,0.0066 
2010-02-19,-6.3141,0.5210,0.0011 
2010-02-20,-5.8700,-0.1656,2.0517e-05 
2010-02-21,-1.8967,0.6877,0.0044 
2010-02-22,-2.0419,0.5713,17.9217 
2010-02-23,-2.5318,-0.1903,0.3249 
2010-02-24,-2.5082,-0.8331,1.6859 
2010-02-25,-5.3159,-1.1075,1.1646 
2010-02-26,-5.8771,-1.7594,5.4034 
2010-02-27,-1.5803,0.0684,3.6144 
2010-02-28,-2.9082,1.1307,0.2580 
2010-03-01,-3.4224,0.2104,0.0162 
2010-03-02,-5.7044,0.2131,0.0068 
2010-03-03,-6.4333,0.8631,0.0084 
2010-03-04,-5.7539,0.6973,0.0023 
2010-03-05,-6.3913,1.2829,8.8616e-04 
2010-03-06,-4.0540,1.8425,0.0013 
2010-03-07,-1.1427,3.6336,7.0811e-05 
2010-03-08,0.5057,7.8188,0.0012 
2010-03-09,4.3126,8.2736,0.0015 
2010-03-10,3.4045,9.4788,0.2497 
2010-03-11,5.5940,11.6946,0.0101 
2010-03-12,6.6289,12.2470,3.3213 
2010-03-13,4.1489,9.2708,11.5397 
2010-03-14,2.4086,4.7276,7.6239 
2010-03-15,3.2350,10.0746,0.2085 
2010-03-16,2.7503,12.5137,1.2470e-04 
2010-03-17,5.3188,13.4837,8.5763e-05 
2010-03-18,6.2255,15.3600,1.0136e-04 
2010-03-19,5.1902,15.7027,1.0220e-05 
2010-03-20,1.8109,14.9931,0.0024 
2010-03-21,-1.5313,8.2253,0.2127 
2010-03-22,1.5892,6.4326,3.3831 
2010-03-23,3.7062,9.3234,1.0085 
2010-03-24,2.0558,10.7279,5.7802e-04 
2010-03-25,-0.3057,8.4447,7.1227 
2010-03-26,-5.7465,1.1982,0.0093 
2010-03-27,-2.0933,4.1224,0.0174 
2010-03-28,3.0235,6.0941,10.4317 
2010-03-29,3.1597,8.8266,4.1609 
2010-03-30,-0.8174,9.5187,0.0081 
2010-03-31,5.1655,14.9951,0.0131 
2010-04-01,10.5106,21.6815,0.0101 
2010-04-02,12.4380,23.5272,0.0000 
2010-04-03,12.2158,21.1859,0.3758 
2010-04-04,7.8293,16.2986,0.0222 
2010-04-05,9.3896,21.8222,0.4365 
2010-04-06,13.6648,22.8435,3.8555 
2010-04-07,15.1449,21.8684,13.4842 
2010-04-08,7.2537,14.9954,29.7340 
2010-04-09,-1.1182,6.1980,0.0222 
2010-04-10,1.5446,15.2614,0.0031 
2010-04-11,7.9901,15.3572,0.0480 
2010-04-12,6.9981,12.8881,9.1740e-04 
2010-04-13,5.7013,11.6910,4.3954 
2010-04-14,6.7497,14.4739,0.0057 
2010-04-15,8.5396,25.6538,0.0044 
2010-04-16,16.6634,24.5026,0.1847 
2010-04-17,3.5815,14.4941,0.4314 
2010-04-18,3.1264,10.6831,0.0757 
2010-04-19,3.2324,13.5645,7.9339e-05 
2010-04-20,5.6936,13.4301,0.0000 
2010-04-21,8.7642,16.4901,0.0708 
2010-04-22,2.5753,14.9099,0.0158 
2010-04-23,3.2008,11.5429,0.0020 
2010-04-24,8.2116,14.2489,0.5816 
2010-04-25,9.7012,13.2170,15.1197 
2010-04-26,8.0827,13.9203,8.4528 
2010-04-27,1.9569,11.9062,0.0056 
2010-04-28,2.6476,12.4263,0.0058 
2010-04-29,8.4728,15.3087,0.0654 
2010-04-30,12.2758,23.2780,0.0933 
2010-05-01,16.7127,22.2643,3.9063 
2010-05-02,16.2945,19.7716,5.0381 
2010-05-03,14.7895,20.3110,6.5765 
2010-05-04,12.0553,20.5187,0.1069 
2010-05-05,14.4424,23.0324,5.9250 
2010-05-06,10.1132,17.6665,2.3306 
2010-05-07,8.4987,16.6255,7.2791 
2010-05-08,5.9790,14.5934,13.8808 
2010-05-09,0.3039,9.2933,0.6860 
2010-05-10,2.7412,10.8112,0.0123 
2010-05-11,7.1508,9.4984,25.1004 
2010-05-12,6.5693,11.0667,4.3048 
2010-05-13,7.0340,17.7906,10.9798 
2010-05-14,13.0815,18.7925,4.0488 
2010-05-15,8.8844,16.5729,0.0021 
2010-05-16,7.4033,16.6215,4.3100e-04 
2010-05-17,11.6476,16.2276,3.9271 
2010-05-18,10.0125,14.0760,12.2336 
2010-05-19,8.1222,20.1326,0.0035 
2010-05-20,16.0357,25.1955,0.0031 
2010-05-21,15.6754,23.4674,0.2066 
2010-05-22,15.2478,20.6170,10.6513 
2010-05-23,15.7596,22.4789,0.0341 
2010-05-24,14.7817,24.2590,0.0136 
2010-05-25,17.5337,25.1496,7.1970e-04 
2010-05-26,19.1359,27.0698,0.0071 
2010-05-27,22.6421,27.1915,0.2360 
2010-05-28,18.7917,25.7923,0.1097 
2010-05-29,18.6029,25.8431,0.0619 
2010-05-30,18.0203,25.3288,0.0116 
2010-05-31,19.6236,28.4201,2.1110 
2010-06-01,18.1302,24.8028,7.3946 
2010-06-02,19.2873,24.6123,8.0189 
2010-06-03,15.8788,24.4042,0.4021 
2010-06-04,14.7179,24.3311,0.0983 
2010-06-05,17.8099,25.2519,3.8066 
2010-06-06,15.7362,19.5794,50.5291 
2010-06-07,9.5857,17.3511,1.5946 
2010-06-08,11.9058,17.6008,0.0283 
2010-06-09,14.1312,25.1721,6.3232 
2010-06-10,15.3196,24.1681,0.2053 
2010-06-11,15.0317,22.5799,0.0180 
2010-06-12,20.3923,28.0873,0.2210 
2010-06-13,19.1658,26.9134,0.1901 
2010-06-14,18.0589,24.6173,0.1062 
2010-06-15,18.2797,23.5917,0.0860 
2010-06-16,19.3265,24.5635,0.8836 
2010-06-17,14.9671,23.4453,0.0852 
2010-06-18,18.0088,26.4072,0.0370 
2010-06-19,22.4412,27.2524,1.6545 
2010-06-20,18.2529,26.8313,0.0089 
2010-06-21,18.4328,24.4423,0.0053 
2010-06-22,18.7430,28.5915,2.3999 
2010-06-23,23.4534,29.9463,1.6927 
2010-06-24,21.9020,29.8635,6.0294 
2010-06-25,16.5747,24.7184,0.0172 
2010-06-26,20.1907,27.4499,0.0502 
2010-06-27,20.0086,27.7791,1.6190 
2010-06-28,20.9418,26.3084,0.9188 
2010-06-29,14.2976,24.6194,0.0586 
2010-06-30,11.8891,20.0172,8.6807e-06 
2010-07-01,13.4999,21.0223,2.4532e-05 
2010-07-02,15.0214,21.3427,0.0017 
2010-07-03,19.1051,25.6656,5.6119e-06 
2010-07-04,21.9236,29.4374,3.8560e-05 
2010-07-05,24.1029,30.9029,0.0257 
2010-07-06,24.9103,30.8842,0.0418 
2010-07-07,25.5647,31.7456,0.0094 
2010-07-08,25.4459,30.6584,0.7498 
2010-07-09,22.2339,28.6528,8.8340 
2010-07-10,21.1042,26.4016,0.0335 
2010-07-11,22.9817,27.2771,0.2007 
2010-07-12,18.8922,26.1926,5.6775 
2010-07-13,19.1416,25.5910,0.2452 
2010-07-14,19.4404,26.7636,0.0223 
2010-07-15,23.2851,29.4678,1.0332 
2010-07-16,21.4765,29.1733,13.2660 
2010-07-17,22.8944,29.3434,1.5522 
2010-07-18,21.5406,29.4969,0.3054 
2010-07-19,20.8911,28.1010,9.5066 
2010-07-20,19.5753,25.3618,5.0005 
2010-07-21,20.9501,26.5768,0.4624 
2010-07-22,21.8594,26.4933,1.7009 
2010-07-23,19.3986,31.6504,20.0813 
2010-07-24,24.9406,31.4352,11.7993 
2010-07-25,19.8797,29.1926,20.7529 
2010-07-26,19.0455,26.1354,0.1247 
2010-07-27,22.2689,26.1934,0.0474 
2010-07-28,22.4038,29.8145,4.8186 
2010-07-29,17.3827,23.2447,1.2280 
2010-07-30,18.9838,24.5088,0.0140 
2010-07-31,19.6271,24.2352,0.1378 
2010-08-01,19.4593,25.0738,0.1082 
2010-08-02,22.2683,25.7411,0.0037 
2010-08-03,24.0096,27.7158,0.1675 
2010-08-04,24.3756,28.3453,0.1477 
2010-08-05,22.6246,27.7100,1.0631 
2010-08-06,19.0391,24.8916,0.3389 
2010-08-07,16.8536,22.9889,0.0121 
2010-08-08,22.4833,27.0904,0.0189 
2010-08-09,21.9774,27.5261,0.5535 
2010-08-10,21.6543,28.0945,0.6983 
2010-08-11,21.3527,27.4003,0.0575 
2010-08-12,20.6346,27.3413,0.8341 
2010-08-13,22.0209,26.4730,0.0611 
2010-08-14,23.7459,30.4196,0.1685 
2010-08-15,22.4551,29.3332,0.3151 
2010-08-16,19.4165,26.6728,0.1338 
2010-08-17,20.0017,26.1790,1.0346e-05 
2010-08-18,19.5554,25.6997,0.0610 
2010-08-19,21.7650,27.0796,0.0138 
2010-08-20,18.9169,24.8759,0.0110 
2010-08-21,20.6322,28.3255,5.5864 
2010-08-22,19.7906,23.0187,6.2902 
2010-08-23,18.8578,23.6107,0.2143 
2010-08-24,18.0976,22.4077,0.5260 
2010-08-25,18.7450,22.8926,0.0864 
2010-08-26,14.4455,22.2896,0.0023 
2010-08-27,16.0088,21.6533,7.2753e-04 
2010-08-28,20.4451,24.1405,0.0014 
2010-08-29,21.9117,27.8536,0.0010 
2010-08-30,24.3202,29.3672,5.5603e-04 
2010-08-31,24.2126,29.0901,0.0018 
2010-09-01,23.3549,29.5151,0.0636 
2010-09-02,22.4528,26.7303,1.1367 
2010-09-03,18.5339,25.5200,5.9251 
2010-09-04,12.8617,19.4677,0.4532 
2010-09-05,11.4001,19.2068,0.1613 
2010-09-06,18.7904,25.0339,0.8666 
2010-09-07,20.8358,27.5359,0.0236 
2010-09-08,14.7035,24.8491,0.0245 
2010-09-09,11.0865,18.2399,0.0346 
2010-09-10,11.6700,19.1356,0.0056 
2010-09-11,15.0388,19.1806,4.8350 
2010-09-12,12.3063,21.1779,2.3694 
2010-09-13,16.3781,23.5910,0.4141 
2010-09-14,13.7647,21.6854,0.0096 
2010-09-15,11.8295,19.4237,0.0243 
2010-09-16,15.8494,22.5946,16.0066 
2010-09-17,10.4887,17.5677,3.5534 
2010-09-18,15.1129,22.5458,1.0032 
2010-09-19,11.3655,18.9030,0.1647 
2010-09-20,10.1441,17.1192,0.0075 
2010-09-21,15.4045,27.2978,0.0058 
2010-09-22,19.4972,26.6346,8.3085 
2010-09-23,15.6856,26.2727,0.0262 
2010-09-24,23.0944,26.1645,0.0379 
2010-09-25,12.8019,22.7799,0.0295 
2010-09-26,8.4936,14.6596,0.0978 
2010-09-27,10.8289,15.9492,0.6658 
2010-09-28,12.6264,14.6516,25.5494 
2010-09-29,12.3882,17.0857,0.4046 
2010-09-30,16.1618,19.1434,0.0420 
2010-10-01,9.8629,15.7604,0.0170 
2010-10-02,9.0289,12.9307,14.3652 
2010-10-03,6.1331,10.1301,7.0330 
2010-10-04,5.7388,12.4039,0.1909 
2010-10-05,8.2924,14.4443,0.5535 
2010-10-06,9.4099,17.3202,2.0498 
2010-10-07,10.3581,18.1051,0.0243 
2010-10-08,11.6446,21.7279,0.0017 
2010-10-09,14.0958,20.6916,5.8314e-04 
2010-10-10,13.3867,23.8339,0.0023 
2010-10-11,15.6126,22.0072,0.6025 
2010-10-12,8.0165,17.6063,1.0197 
2010-10-13,9.5091,14.2467,0.0326 
2010-10-14,8.8480,13.7180,14.3656 
2010-10-15,7.8924,12.8950,0.4015 
2010-10-16,7.1834,13.9756,0.0168 
2010-10-17,8.8442,14.2639,0.0106 
2010-10-18,8.4741,12.6273,0.0135 
2010-10-19,5.8349,12.3352,0.2789 
2010-10-20,8.5934,16.0128,0.2069 
2010-10-21,5.5656,15.0285,6.2679 
2010-10-22,2.6604,11.0922,0.1785 
2010-10-23,10.1425,17.5360,0.5235 
2010-10-24,13.9299,20.6107,0.9274 
2010-10-25,15.4671,19.0038,1.7892 
2010-10-26,12.9164,20.3335,6.4735 
2010-10-27,11.8854,15.9890,0.0860 
2010-10-28,7.0493,15.3100,0.2855 
2010-10-29,4.0404,9.1794,0.1255 
2010-10-30,6.0622,11.4659,4.6453e-04 
2010-10-31,2.5141,10.8814,0.1351 
2010-11-01,0.9496,6.1702,0.0104 
2010-11-02,2.2817,6.4493,0.0060 
2010-11-03,2.2845,7.5536,0.0328 
2010-11-04,4.0892,8.6079,0.2967 
2010-11-05,2.9706,6.6131,0.4144 
2010-11-06,-1.7290,4.7559,0.3607 
2010-11-07,2.0709,8.0300,5.3429e-04 
2010-11-08,4.3814,11.6003,2.5007e-05 
2010-11-09,5.5215,9.6443,5.8633e-04 
2010-11-10,5.9126,10.2784,0.0120 
2010-11-11,6.4399,10.5006,0.0311 
2010-11-12,7.4707,12.3903,0.0067 
2010-11-13,6.4433,12.6575,0.0449 
2010-11-14,5.4521,13.0572,2.4884 
2010-11-15,4.7196,8.2633,0.0026 
2010-11-16,6.3099,9.4566,3.4454 
2010-11-17,6.1020,9.8759,17.6250 
2010-11-18,2.4230,8.0081,0.2481 
2010-11-19,0.6874,6.9264,0.0350 
2010-11-20,2.2253,7.3792,6.9879e-04 
2010-11-21,1.3546,12.1042,0.1058 
2010-11-22,12.2010,14.4331,8.6226 
2010-11-23,0.7136,15.3381,11.4887 
2010-11-24,-2.8139,3.7983,0.0162 
2010-11-25,4.1082,11.0802,13.4056 
2010-11-26,-5.0075,9.8513,11.2037 
2010-11-27,-2.8848,1.5616,0.0309 
2010-11-28,-2.2464,2.1577,0.0091 
2010-11-29,2.4260,6.1236,0.0103 
2010-11-30,5.8148,11.4634,19.0983 
2010-12-01,-3.2459,7.9044,6.4966 
2010-12-02,-3.5560,-1.4985,0.1147 
2010-12-03,-4.5202,-0.4823,0.1090 
2010-12-04,-3.7543,-0.4839,0.0845 
2010-12-05,-5.2498,-1.8632,0.4687 
2010-12-06,-4.3064,-2.7075,0.9498 
2010-12-07,-5.8417,-3.7378,0.4034 
2010-12-08,-6.7622,-3.6297,0.0862 
2010-12-09,-8.7746,-3.1119,0.0818 
2010-12-10,-2.6953,2.4469,1.2185 
2010-12-11,-0.2543,3.5941,0.0615 
2010-12-12,0.0899,3.5753,20.1893 
2010-12-13,-9.0096,-0.5877,4.0914 
2010-12-14,-10.6657,-7.9313,1.3138 
2010-12-15,-10.3349,-5.4953,0.1045 
2010-12-16,-9.7003,-6.3414,0.0234 
2010-12-17,-7.1358,-3.2546,0.0491 
2010-12-18,-8.7657,-4.4178,0.0176 
2010-12-19,-8.5787,-4.5841,0.1681 
2010-12-20,-6.4244,-3.2070,0.1321 
2010-12-21,-4.2038,-2.7884,0.0080 
2010-12-22,-6.0426,-1.4539,0.4591 
2010-12-23,-4.0377,-1.4844,0.0601 
2010-12-24,-6.1834,-3.1057,0.0321 
2010-12-25,-5.3371,-3.7502,0.0482 
2010-12-26,-7.5460,-4.9888,0.0711 
2010-12-27,-6.5351,-4.2576,0.0486 
2010-12-28,-7.8852,-3.7484,0.0106 
2010-12-29,-6.4698,-2.2737,0.0029 
2010-12-30,-2.0377,2.8880,0.5631 
2010-12-31,2.9010,7.9186,2.6054 
2011-01-01,0.8361,8.8326,9.6225 
2011-01-02,-9.1273,-0.4318,0.1591 
2011-01-03,-7.6881,-1.1067,0.0631 
2011-01-04,-2.4092,0.0297,1.1205 
2011-01-05,-7.9233,-1.6732,0.3186 
2011-01-06,-5.4466,-2.1707,2.4073 
2011-01-07,-9.5140,-3.1202,1.4277 
2011-01-08,-9.6198,-6.2219,0.8031 
2011-01-09,-10.8988,-5.0922,0.2628 
2011-01-10,-7.7456,-4.7437,0.0737 
2011-01-11,-7.7027,-4.0104,7.6078 
2011-01-12,-6.0111,-4.1942,7.7930 
2011-01-13,-10.4572,-6.1932,0.4658 
2011-01-14,-9.6732,-6.5330,2.1972 
2011-01-15,-7.3477,-2.9903,3.2200 
2011-01-16,-13.0427,-3.7867,0.0450 
2011-01-17,-13.3450,-4.5434,0.0029 
2011-01-18,-3.7765,1.7665,3.4331 
2011-01-19,-6.2926,0.2196,0.5585 
2011-01-20,-9.9582,-6.3211,1.0250 
2011-01-21,-11.5783,-6.7522,1.3155 
2011-01-22,-17.8809,-11.6513,1.2701 
2011-01-23,-14.4803,-10.5130,0.7818 
2011-01-24,-15.8050,-5.7543,1.6319 
2011-01-25,-5.1972,-1.6497,0.9869 
2011-01-26,-4.8457,-1.7897,0.0195 
2011-01-27,-5.9803,-2.4100,1.9187 
2011-01-28,-6.6621,-2.2165,3.8040 
2011-01-29,-7.1836,-2.9316,5.2937 
2011-01-30,-7.0023,-3.3356,0.2240 
2011-01-31,-13.7469,-6.3998,0.0185 
2011-02-01,-10.6640,-6.8769,1.7843 
2011-02-02,-8.0378,-1.5178,16.3877 
2011-02-03,-13.1183,-6.4680,0.6855 
2011-02-04,-14.9466,-8.5868,5.0778e-04 
2011-02-05,-10.6301,-4.5946,15.4328 
2011-02-06,-10.5433,-2.3475,3.0682 
2011-02-07,-2.4097,-0.6903,1.5177 
2011-02-08,-12.1061,-2.6703,0.4300 
2011-02-09,-14.3433,-10.6143,0.0129 
2011-02-10,-18.3286,-11.0141,0.0291 
2011-02-11,-18.2718,-7.2359,0.1439 
2011-02-12,-7.0360,-2.3627,1.0746 
2011-02-13,-3.5428,2.4454,1.7370 
2011-02-14,-1.5187,3.2108,0.0299 
2011-02-15,-7.8833,-2.3167,1.4094e-04 
2011-02-16,-5.9375,2.4746,0.0310 
2011-02-17,2.4068,9.0300,0.0383 
2011-02-18,4.2211,10.1275,0.0040 
2011-02-19,-4.8672,3.2862,0.0075 
2011-02-20,-5.9933,-1.5513,4.1184 
2011-02-21,-7.5417,-2.3256,20.8386 
2011-02-22,-10.4016,-7.3302,0.0091 
2011-02-23,-10.0563,-4.1998,0.0220 
2011-02-24,-5.1182,1.1120,1.6367 
2011-02-25,-3.5444,-1.3262,7.4285 
2011-02-26,-6.2120,-1.3313,1.5487 
2011-02-27,-2.9962,0.9944,1.5840 
2011-02-28,-1.7776,1.6139,19.7721 
2011-03-01,-6.4542,1.3678,9.9623e-04 
2011-03-02,-5.7763,1.6292,0.0131 
2011-03-03,-10.8777,-2.9159,0.0192 
2011-03-04,-2.9573,5.8172,2.1400 
2011-03-05,0.8236,7.4608,27.8995 
2011-03-06,-4.6838,0.3071,4.9925 
2011-03-07,-10.6601,-2.2724,0.0017 
2011-03-08,-4.4993,2.0833,6.4708e-04 
2011-03-09,1.0372,6.0569,16.9742 
2011-03-10,2.3372,6.8390,6.4342 
2011-03-11,-0.4983,2.0946,13.5985 
2011-03-12,-2.3216,4.3425,0.3156 
2011-03-13,-0.8742,2.8914,0.4518 
2011-03-14,-5.1695,1.1229,0.0347 
2011-03-15,-2.5566,3.5089,0.8315 
2011-03-16,3.4359,9.3683,2.6179 
2011-03-17,4.2800,13.1533,0.1185 
2011-03-18,8.4704,14.9167,0.2032 
2011-03-19,-0.6792,9.2462,0.0079 
2011-03-20,-2.7835,5.7885,0.9396 
2011-03-21,5.9755,13.0484,15.4317 
2011-03-22,-0.1169,9.4039,0.6221 
2011-03-23,-1.7120,2.5135,11.2668 
2011-03-24,-5.0974,-1.9533,0.1273 
2011-03-25,-8.5174,-2.5972,0.0180 
2011-03-26,-9.2464,-2.5254,0.0164 
2011-03-27,-8.8038,-1.2432,0.0057 
2011-03-28,-8.3396,0.4675,0.0047 
2011-03-29,-4.3561,3.1516,1.3443e-04 
2011-03-30,-3.0988,2.3247,0.0162 
2011-03-31,-2.2582,4.1043,0.0697 
2011-04-01,0.6452,5.9145,0.0081 
2011-04-02,1.2799,7.2860,0.1719 
2011-04-03,0.8818,6.3006,2.8562 
2011-04-04,3.7506,15.2636,11.8554 
2011-04-05,-0.0665,8.6300,1.1136 
2011-04-06,1.4164,5.8060,18.7591 
2011-04-07,0.1621,6.9592,2.2718 
2011-04-08,3.4400,6.9069,7.2803 
2011-04-09,2.1167,8.2878,0.0142 
2011-04-10,5.1528,21.0176,0.0796 
2011-04-11,13.9122,20.1661,0.3326 
2011-04-12,4.1144,13.3972,0.0060 
2011-04-13,3.5954,14.4316,1.4613e-04 
2011-04-14,6.2956,13.1989,0.0108 
2011-04-15,1.9417,9.8434,0.1867 
2011-04-16,7.7121,13.1490,12.9604 
2011-04-17,2.2076,8.8760,0.4526 
2011-04-18,-0.9830,5.9533,3.9885 
2011-04-19,-0.3332,4.7167,1.5878 
2011-04-20,4.6122,8.7660,15.6059 
2011-04-21,-0.9189,8.0413,0.3308 
2011-04-22,2.1131,7.0051,2.9691 
2011-04-23,6.0692,17.9141,22.9219 
2011-04-24,7.1130,16.3767,1.0381 
2011-04-25,8.0516,10.7581,14.2427 
2011-04-26,7.3717,17.7623,4.0041 
2011-04-27,13.5293,18.1855,9.5109 
2011-04-28,8.2445,15.5114,6.6014 
2011-04-29,3.4990,11.4763,1.1184 
2011-04-30,4.6346,10.8392,0.1004 
2011-05-01,9.6405,16.8672,5.7376 
2011-05-02,7.4956,16.5548,0.1405 
2011-05-03,5.9296,12.0231,11.6907 
2011-05-04,3.3931,11.0909,0.3768 
2011-05-05,6.1260,15.4301,0.3347 
2011-05-06,9.0083,14.6450,4.0721 
2011-05-07,9.9643,15.7505,0.1240 
2011-05-08,8.8053,16.0322,0.0366 
2011-05-09,8.6210,15.1922,0.0147 
2011-05-10,10.5277,17.2125,1.1075 
2011-05-11,12.1700,21.1719,0.0839 
2011-05-12,14.3397,22.5722,4.5875 
2011-05-13,15.7095,23.9971,2.2680 
2011-05-14,15.2236,19.3258,1.3190 
2011-05-15,8.2483,16.3475,21.4757 
2011-05-16,5.9661,7.9176,16.4257 
2011-05-17,6.4303,13.1349,3.7354 
2011-05-18,11.6161,18.1606,5.5794 
2011-05-19,11.0218,17.2802,0.9225 
2011-05-20,11.4559,20.8416,0.0671 
2011-05-21,15.2480,21.9384,0.0496 
2011-05-22,15.2833,25.1121,3.7073 
2011-05-23,17.0972,24.2457,5.1037 
2011-05-24,16.0880,20.6565,1.6786 
2011-05-25,10.0211,18.2312,21.0362 
2011-05-26,13.6368,19.1622,35.9125 
2011-05-27,10.1929,15.5247,6.3773 
2011-05-28,12.1922,19.1619,0.2120 
2011-05-29,15.1965,24.1656,8.9436 
2011-05-30,19.6776,26.7904,1.2177 
2011-05-31,21.2005,28.5463,0.0080 
2011-06-01,21.6119,27.8217,0.0611 
2011-06-02,13.2671,21.5164,0.0591 
2011-06-03,12.3132,18.4819,9.5709e-04 
2011-06-04,16.1538,29.5996,0.0548 
2011-06-05,18.5677,26.8258,0.0594 
2011-06-06,17.5495,24.3782,0.2870 
2011-06-07,19.8026,31.3446,8.5724 
2011-06-08,23.5961,31.6202,0.0703 
2011-06-09,22.7297,30.2896,3.6351 
2011-06-10,12.3161,22.6511,3.0782 
2011-06-11,15.4671,22.6460,0.9254 
2011-06-12,12.1711,22.2016,0.4519 
2011-06-13,12.3666,20.6544,4.8131e-04 
2011-06-14,11.8761,20.1540,0.0023 
2011-06-15,15.9559,20.1703,0.0704 
2011-06-16,17.0786,22.6646,4.5147 
2011-06-17,16.8137,23.0354,0.5141 
2011-06-18,18.4899,25.0395,0.0018 
2011-06-19,17.3119,24.4994,0.0790 
2011-06-20,17.5995,23.6057,0.6887 
2011-06-21,18.9792,25.4386,9.7790 
2011-06-22,19.9343,25.3380,32.9846 
2011-06-23,19.4033,21.4774,5.1379 
2011-06-24,17.4516,21.1275,3.5197 
2011-06-25,14.7984,22.9857,0.1909 
2011-06-26,18.3379,22.9892,0.0311 
2011-06-27,17.9940,22.6250,0.0054 
2011-06-28,18.7886,22.9695,0.0400 
2011-06-29,14.8048,22.4418,0.0373 
2011-06-30,18.0358,24.6596,0.0000 
2011-07-01,19.9992,25.2408,0.0016 
2011-07-02,20.5201,30.0555,0.8332 
2011-07-03,20.6794,29.6072,19.0374 
2011-07-04,20.7741,25.9398,0.0213 
2011-07-05,20.6787,26.8276,0.0000 
2011-07-06,23.5677,28.3275,1.2062 
2011-07-07,19.3137,26.2321,0.1165 
2011-07-08,20.0174,27.0086,1.4190 
2011-07-09,19.4719,26.8430,0.0220 
2011-07-10,22.2616,28.7604,0.0018 
2011-07-11,23.9002,32.0820,5.4921 
2011-07-12,21.6808,31.4100,0.5579 
2011-07-13,17.5686,27.9192,0.0527 
2011-07-14,16.3229,23.9522,0.0616 
2011-07-15,20.1225,26.1091,0.0255 
2011-07-16,22.1971,27.3549,0.0016 
2011-07-17,23.3606,28.9385,1.7320e-04 
2011-07-18,24.1488,31.8838,0.6924 
2011-07-19,21.7963,30.3846,16.7715 
2011-07-20,23.3939,30.1840,0.0403 
2011-07-21,27.1368,33.5389,0.0099 
2011-07-22,24.2353,31.8881,0.6236 
2011-07-23,23.5731,30.1915,0.5540 
2011-07-24,21.6246,27.0412,1.5052 
2011-07-25,23.8748,26.7267,0.8273 
2011-07-26,22.2231,26.4303,0.0046 
2011-07-27,18.8179,24.7368,0.0508 
2011-07-28,23.2480,30.2664,39.3286 
2011-07-29,21.8876,30.1458,13.7081 
2011-07-30,22.2157,27.9267,0.0442 
2011-07-31,24.5486,29.6299,0.3594 
2011-08-01,22.6358,29.7872,3.0564 
2011-08-02,23.2464,28.6486,0.0628 
2011-08-03,21.5076,27.0328,6.2136 
2011-08-04,18.7576,25.3614,0.5110 
2011-08-05,21.3750,26.0861,8.1630e-04 
2011-08-06,22.4345,27.3165,0.2255 
2011-08-07,21.0265,27.2575,1.7060 
2011-08-08,19.7541,25.3817,2.3502 
2011-08-09,18.9411,25.2131,25.7276 
2011-08-10,18.2912,22.7511,0.8665 
2011-08-11,15.7939,24.1626,0.0333 
2011-08-12,20.5586,24.7047,0.0036 
2011-08-13,21.8842,25.2321,0.0357 
2011-08-14,18.0194,24.3748,9.1926 
2011-08-15,17.3043,23.9298,2.6198 
2011-08-16,17.8044,25.4279,0.0089 
2011-08-17,21.7171,25.2172,7.2260e-04 
2011-08-18,21.9315,25.8969,2.1063 
2011-08-19,20.4794,25.8352,0.4700 
2011-08-20,22.5100,26.3590,4.6093 
2011-08-21,18.3414,22.9317,4.8549 
2011-08-22,13.8542,21.1899,0.0492 
2011-08-23,18.8405,23.7025,0.2478 
2011-08-24,19.1101,27.9389,5.2587 
2011-08-25,17.7558,26.3283,16.7611 
2011-08-26,16.7506,22.4299,0.0050 
2011-08-27,19.3975,25.3664,0.0073 
2011-08-28,16.6913,22.8958,0.0015 
2011-08-29,16.3791,22.8060,0.0019 
2011-08-30,19.2290,22.8851,0.0050 
2011-08-31,20.6652,23.5336,0.0227 
2011-09-01,20.0573,27.7556,1.8588 
2011-09-02,22.9954,29.4205,0.0277 
2011-09-03,24.4986,29.5786,0.2284 
2011-09-04,21.0396,28.9045,12.7023 
2011-09-05,14.7712,20.6797,5.2234 
2011-09-06,11.3783,16.9772,0.3697 
2011-09-07,13.3292,16.9172,18.0132 
2011-09-08,16.0356,20.3536,14.9301 
2011-09-09,16.1038,21.7579,4.4811 
2011-09-10,17.6536,21.9871,19.3267 
2011-09-11,17.6909,22.7208,3.6074 
2011-09-12,18.0000,25.1581,0.3771 
2011-09-13,20.4713,25.1365,0.2436 
2011-09-14,13.3230,21.2950,0.7366 
2011-09-15,8.5696,13.7507,3.9257 
2011-09-16,8.8408,13.5422,0.0751 
2011-09-17,10.9579,16.0521,0.0000 
2011-09-18,13.8702,17.5670,0.0034 
2011-09-19,15.7309,18.7807,21.3547 
2011-09-20,14.1178,17.5210,4.8909 
2011-09-21,15.3514,20.2390,1.1326 
2011-09-22,15.9479,19.6696,0.1811 
2011-09-23,12.7934,18.7087,19.8684 
2011-09-24,10.4918,16.4850,0.3117 
2011-09-25,14.8763,19.7804,0.6432 
2011-09-26,17.0880,19.2259,18.8466 
2011-09-27,15.1841,17.9660,1.7638 
2011-09-28,15.4750,17.6999,1.5884 
2011-09-29,12.1625,15.9294,6.5722 
2011-09-30,8.0243,15.3606,9.2886 
2011-10-01,7.2370,10.7556,11.5686 
2011-10-02,4.3691,11.0493,1.8009 
2011-10-03,7.2938,13.9051,3.1081 
2011-10-04,10.1043,18.6559,0.0210 
2011-10-05,15.1241,19.9365,0.0025 
2011-10-06,13.7710,17.7156,0.1003 
2011-10-07,14.2883,20.2799,0.0661 
2011-10-08,16.1181,21.4238,0.1088 
2011-10-09,16.8357,21.6439,0.0995 
2011-10-10,17.0673,21.1907,0.0386 
2011-10-11,16.3210,20.0095,0.0071 
2011-10-12,14.3336,18.2072,10.9310 
2011-10-13,14.1649,16.7288,1.4000 
2011-10-14,11.7077,15.8714,8.7160 
2011-10-15,8.3527,11.4628,2.5650 
2011-10-16,9.9362,14.3355,0.8394 
2011-10-17,8.1843,12.8776,0.0451 
2011-10-18,7.5301,11.4734,0.2527 
2011-10-19,8.3451,13.8997,31.1648 
2011-10-20,7.2005,12.4703,18.1867 
2011-10-21,5.3766,9.4900,1.2012 
2011-10-22,5.2321,10.1338,0.0251 
2011-10-23,9.3586,13.5834,3.5726e-04 
2011-10-24,11.0212,13.4127,3.3718 
2011-10-25,7.3207,14.0273,0.5865 
2011-10-26,9.9685,14.2702,3.5894 
2011-10-27,3.3643,9.4166,4.8620 
2011-10-28,3.7583,7.7636,0.0668 
2011-10-29,6.8456,7.5889,0.4532 
2011-10-30,4.3851,8.8915,0.0381 
2011-10-31,8.5414,9.0407,0.8814 
2011-11-01,7.6474,11.5525,0.2631 
2011-11-02,9.4090,14.3952,7.1402e-04 
2011-11-03,8.7014,13.9640,1.4878e-04 
2011-11-04,2.9078,8.9117,8.4554e-04 
2011-11-05,3.8379,8.1275,3.0211e-06 
2011-11-06,7.4053,13.3008,4.3255e-09 
2011-11-07,10.4106,14.3011,0.1757 
2011-11-08,11.0910,16.2902,2.5405 
2011-11-09,12.9615,15.7309,5.6105 
2011-11-10,4.2445,11.6290,0.5058 
2011-11-11,0.0052,4.6819,0.0040 
2011-11-12,4.2372,12.5538,2.7623e-04 
2011-11-13,10.2785,14.6285,0.0013 
2011-11-14,8.3732,15.0196,21.2096 
2011-11-15,7.5479,10.9506,0.7669 
2011-11-16,4.4496,10.7790,1.2840e-04 
2011-11-17,0.3808,3.4959,0.0263 
2011-11-18,-1.8354,6.2247,0.0161 
2011-11-19,5.4838,9.3184,0.0179 
2011-11-20,6.3898,12.6003,0.0187 
2011-11-21,0.1339,5.3772,0.0049 
2011-11-22,0.7317,5.6882,10.4850 
2011-11-23,2.5021,6.6744,28.4165 
2011-11-24,2.0487,7.4381,0.0077 
2011-11-25,5.7928,10.1671,0.0000 
2011-11-26,8.1291,12.5256,0.0075 
2011-11-27,8.4182,12.3646,16.4577 
2011-11-28,1.7034,6.7765,1.9167 
2011-11-29,4.8548,5.9690,62.3427 
2011-11-30,-0.5306,4.8364,3.5514 
2011-12-01,-0.5143,3.0864,2.5433e-04 
2011-12-02,-0.0667,2.8318,0.5738 
2011-12-03,2.4127,7.8538,0.0259 
2011-12-04,5.8728,8.7530,10.7290 
2011-12-05,2.3724,8.9392,18.5659 
2011-12-06,-0.4286,1.8528,8.5659 
2011-12-07,-3.9078,0.9714,0.3095 
2011-12-08,-4.3660,0.7628,0.0200 
2011-12-09,-1.9227,0.4540,0.2727 
2011-12-10,-7.1028,-2.6336,6.1135e-04 
2011-12-11,-6.6452,0.4932,4.2666e-04 
2011-12-12,-0.6571,1.9171,4.4431e-04 
2011-12-13,0.5885,3.6905,0.0706 
2011-12-14,3.5112,8.6170,13.0155 
2011-12-15,6.8098,13.1280,16.8078 
2011-12-16,-0.8396,5.7236,0.1245 
2011-12-17,-4.1320,0.0449,1.0045 
2011-12-18,-2.3931,0.9699,0.2808 
2011-12-19,1.2131,7.2685,0.0278 
2011-12-20,-1.8273,6.2882,0.0750 
2011-12-21,2.0887,9.6213,6.2803 
2011-12-22,2.4416,6.8988,0.3546 
2011-12-23,-2.5294,4.4070,1.6686 
2011-12-24,-2.5570,0.7824,0.2551 
2011-12-25,-0.0638,4.5780,0.0474 
2011-12-26,-2.1499,3.4596,0.0176 
2011-12-27,0.2389,3.3859,9.4524 
2011-12-28,-5.7183,0.5006,1.4459 
2011-12-29,-5.4978,2.7595,1.5458 
2011-12-30,0.8553,5.7810,4.7763 
2011-12-31,2.5731,6.7014,4.3209 
2012-01-01,1.8034,6.2000,2.0353 
2012-01-02,-3.1616,1.0777,0.6784 
2012-01-03,-9.0130,-3.5290,1.5882 
2012-01-04,-8.3245,0.1879,0.0054 
2012-01-05,-3.3013,1.6559,0.0013 
2012-01-06,1.6869,7.5283,3.3559e-05 
2012-01-07,0.6617,6.1727,1.4586e-04 
2012-01-08,-1.9027,3.2643,0.0024 
2012-01-09,-0.0899,3.2381,8.0390e-05 
2012-01-10,0.1353,4.5741,5.6584e-04 
2012-01-11,1.8023,5.2814,0.0605 
2012-01-12,2.9749,4.6087,6.8885 
2012-01-13,-4.8371,2.6823,4.4865 
2012-01-14,-7.9756,-4.4214,1.1346 
2012-01-15,-11.7249,-5.4015,0.1472 
2012-01-16,-5.2262,2.9847,0.1988 
2012-01-17,1.7381,9.3010,25.4304 
2012-01-18,-7.9353,0.4460,0.4238 
2012-01-19,-7.8207,-3.1790,2.8818 
2012-01-20,-14.7395,-8.6388,0.2971 
2012-01-21,-10.2087,-5.2796,4.9955 
2012-01-22,-7.0457,2.7862,0.0507 
2012-01-23,3.1260,9.3381,9.4576 
2012-01-24,-2.6139,3.8633,0.1156 
2012-01-25,-4.4224,0.0456,0.0542 
2012-01-26,-1.7530,1.1390,1.8697 
2012-01-27,0.0419,2.3894,8.9130 
2012-01-28,-1.1781,1.4905,2.8091 
2012-01-29,-3.1227,-0.6898,3.3140 
2012-01-30,-6.3887,1.2095,0.1976 
2012-01-31,2.2491,8.8139,0.0624 
2012-02-01,2.7965,8.6991,0.2270 
2012-02-02,0.1062,3.6306,0.0514 
2012-02-03,0.1394,4.7111,0.0033 
2012-02-04,-0.5989,4.0441,0.0062 
2012-02-05,-0.7443,3.4842,0.0053 
2012-02-06,-2.5372,5.6710,3.1381e-04 
2012-02-07,-3.3471,4.8672,0.0450 
2012-02-08,-6.0692,-0.3420,0.0030 
2012-02-09,-5.1164,1.6616,8.8017e-05 
2012-02-10,-4.5922,0.5479,0.4958 
2012-02-11,-9.2154,-0.0935,7.1410 
2012-02-12,-9.5405,-2.5031,0.3605 
2012-02-13,-7.0868,-1.5768,0.0591 
2012-02-14,-2.5660,0.0410,1.5199 
2012-02-15,-1.8885,1.6498,0.0800 
2012-02-16,1.3427,5.7677,3.7540 
2012-02-17,-1.4842,4.3968,0.1492 
2012-02-18,-0.1026,2.4946,0.0580 
2012-02-19,-5.4783,-0.5325,0.0121 
2012-02-20,-6.6177,-1.1002,0.0029 
2012-02-21,-2.8864,5.5503,2.0231 
2012-02-22,0.5846,5.4732,1.7984 
2012-02-23,0.0021,3.5768,0.9472 
2012-02-24,-0.0034,3.6736,5.0371 
2012-02-25,-3.2311,0.0723,0.3293 
2012-02-26,-5.8687,1.1281,0.0553 
2012-02-27,0.4410,3.4393,6.8187e-04 
2012-02-28,-3.9390,0.3286,6.7667e-04 
2012-02-29,-0.7110,6.0308,12.0394 
2012-03-01,0.8739,6.3417,0.6005 
2012-03-02,0.8726,7.0646,9.2972 
2012-03-03,-0.6314,10.1921,6.0092 
2012-03-04,-5.2003,0.3310,0.0799 
2012-03-05,-8.8719,-2.2161,0.1789 
2012-03-06,-3.7846,6.7454,0.0051 
2012-03-07,5.8860,13.4521,1.3345e-05 
2012-03-08,5.8560,13.3873,5.4430 
2012-03-09,-0.7106,4.4067,0.2588 
2012-03-10,-6.7169,4.8363,2.1749e-04 
2012-03-11,2.2603,13.2048,0.0049 
2012-03-12,7.9521,12.6073,9.4930 
2012-03-13,10.1879,15.2120,5.3696 
2012-03-14,7.4532,17.4386,0.4069 
2012-03-15,12.3694,21.3425,1.2511 
2012-03-16,13.5902,18.8645,0.9037 
2012-03-17,7.8830,19.6491,0.0184 
2012-03-18,10.3547,19.1077,0.0711 
2012-03-19,11.5109,19.1964,0.0244 
2012-03-20,12.8918,19.9365,0.0217 
2012-03-21,12.1195,22.4026,0.0129 
2012-03-22,12.7196,22.7318,0.0047 
2012-03-23,12.7760,20.0942,0.0348 
2012-03-24,10.1118,16.5232,4.0524 
2012-03-25,9.3181,17.2644,0.0739 
2012-03-26,-1.1338,15.4917,0.0130 
2012-03-27,-3.1554,7.5847,5.3835e-04 
2012-03-28,7.9617,15.9912,0.0037 
2012-03-29,1.6835,12.1599,0.0030 
2012-03-30,-1.2192,5.6465,16.5105 
2012-03-31,-0.6554,6.0492,0.7642 
2012-04-01,3.3077,11.4571,0.0387 
2012-04-02,0.7753,10.8664,0.0025 
2012-04-03,3.6831,12.8323,1.9818 
2012-04-04,3.4517,12.7932,0.2374 
2012-04-05,-0.3467,7.4160,7.9569e-04 
2012-04-06,0.3845,9.9749,9.0491e-04 
2012-04-07,2.6498,11.8679,0.0000 
2012-04-08,7.4066,12.2621,0.0380 
2012-04-09,5.2868,12.8858,0.0957 
2012-04-10,2.3444,10.2077,0.0868 
2012-04-11,2.0441,8.6661,0.4719 
2012-04-12,2.2558,9.8979,0.0092 
2012-04-13,4.5235,12.2909,0.0024 
2012-04-14,7.5234,13.1796,2.3435 
2012-04-15,12.5520,21.3930,7.6439 
2012-04-16,15.4440,20.7253,0.0664 
2012-04-17,3.9827,14.6173,1.1124e-04 
2012-04-18,3.1941,11.3141,0.0102 
2012-04-19,7.0702,17.9604,0.0494 
2012-04-20,13.5009,19.4288,0.2247 
2012-04-21,1.8995,15.5095,5.2890 
2012-04-22,2.5960,8.4989,0.0415 
2012-04-23,3.4874,7.9092,0.0154 
2012-04-24,4.6352,12.5020,0.1071 
2012-04-25,4.8803,13.4964,0.0032 
2012-04-26,8.2500,12.2245,0.3703 
2012-04-27,1.4841,9.0006,0.0051 
2012-04-28,1.9131,8.5615,0.0311 
2012-04-29,3.1514,13.2060,0.0210 
2012-04-30,6.2352,12.4080,9.1907 
2012-05-01,10.3177,15.1658,6.6022 
2012-05-02,9.6397,25.0698,0.1155 
2012-05-03,17.4491,27.3751,0.0785 
2012-05-04,17.8273,26.6982,7.4246 
2012-05-05,12.4026,18.4121,0.0073 
2012-05-06,9.2596,16.9271,8.8661e-05 
2012-05-07,11.6620,18.9074,10.7480 
2012-05-08,13.7417,19.5325,5.3675 
2012-05-09,12.8239,18.5082,3.3605 
2012-05-10,6.7627,14.1867,1.3461 
2012-05-11,10.4318,20.2168,1.3832e-04 
2012-05-12,14.2240,21.2628,0.0039 
2012-05-13,12.5778,20.3299,0.3005 
2012-05-14,14.1311,20.1009,0.0305 
2012-05-15,15.0924,22.6469,0.0455 
2012-05-16,11.4603,21.8780,1.3038 
2012-05-17,8.6998,15.7444,0.0061 
2012-05-18,11.9096,18.9171,0.0399 
2012-05-19,14.9641,24.6892,0.0234 
2012-05-20,18.2559,26.5643,0.0749 
2012-05-21,19.3636,25.4939,0.7695 
2012-05-22,13.3589,23.0847,2.8827 
2012-05-23,12.6470,20.4243,0.0457 
2012-05-24,17.0739,25.4118,0.0033 
2012-05-25,20.3556,28.5648,0.0282 
2012-05-26,17.0253,27.3265,4.9729 
2012-05-27,17.3695,24.7983,2.8356 
2012-05-28,21.5286,29.2721,0.3569 
2012-05-29,22.1994,27.9789,12.9877 
2012-05-30,15.3980,24.8847,0.0359 
2012-05-31,9.9509,18.4379,0.0283 
2012-06-01,11.6922,16.9594,28.7830 
2012-06-02,8.1138,19.3117,0.7061 
2012-06-03,15.3163,21.5343,1.3497 
2012-06-04,11.5349,20.8141,0.4553 
2012-06-05,10.4449,17.0636,2.6559 
2012-06-06,13.7375,21.2311,0.0637 
2012-06-07,14.2800,23.2280,0.2217 
2012-06-08,18.0825,26.4877,0.0045 
2012-06-09,20.7516,28.5811,0.1371 
2012-06-10,22.7131,28.0861,0.0018 
2012-06-11,21.3916,27.0308,0.5439 
2012-06-12,20.5459,24.3297,0.3552 
2012-06-13,11.2747,21.9570,7.4464e-04 
2012-06-14,13.9691,21.3223,1.9738e-04 
2012-06-15,17.6125,24.9969,5.0255e-04 
2012-06-16,20.6173,25.6045,0.2342 
2012-06-17,19.9349,24.7874,10.6033 
2012-06-18,19.5533,27.4582,3.2823 
2012-06-19,21.9084,30.1682,0.3531 
2012-06-20,23.8992,30.1495,2.3967e-05 
2012-06-21,23.8465,29.7450,1.6534 
2012-06-22,19.5842,24.5311,4.6002 
2012-06-23,17.7016,23.6441,0.3131 
2012-06-24,20.8806,25.7139,0.0783 
2012-06-25,14.9463,25.3840,0.4309 
2012-06-26,14.5804,23.8507,2.2060e-05 
2012-06-27,19.4719,27.3753,6.5757e-05 
2012-06-28,21.5111,31.3101,0.0014 
2012-06-29,24.7692,31.5806,0.0264 
2012-06-30,21.4679,31.4583,0.0365 
2012-07-01,20.9485,29.3889,0.0579 
2012-07-02,21.9396,26.8876,0.0362 
2012-07-03,23.9825,31.1125,21.7512 
2012-07-04,23.4919,32.6984,7.4222 
2012-07-05,24.5931,32.4585,11.6735 
2012-07-06,26.4447,31.5047,0.0226 
2012-07-07,25.5906,32.7674,0.0585 
2012-07-08,19.9602,26.4501,0.0610 
2012-07-09,17.0458,24.0816,0.0057 
2012-07-10,18.0779,24.9748,0.3982 
2012-07-11,18.8118,25.8961,0.0274 
2012-07-12,22.2178,28.1083,4.4576e-08 
2012-07-13,23.6085,28.6360,3.4724e-05 
2012-07-14,22.6153,27.8983,0.0013 
2012-07-15,22.7410,29.2591,4.2551 
2012-07-16,22.6197,29.2313,0.4193 
2012-07-17,25.9848,33.5061,0.0088 
2012-07-18,23.5081,32.9248,1.1156 
2012-07-19,20.3706,27.6309,9.2075 
2012-07-20,17.3932,23.8244,2.7184 
2012-07-21,18.3957,25.1315,0.0266 
2012-07-22,22.9880,28.8715,0.0168 
2012-07-23,24.0403,31.8969,0.0786 
2012-07-24,23.1739,31.5363,0.0074 
2012-07-25,18.2938,26.0425,7.4334e-04 
2012-07-26,22.3396,29.9594,10.0422 
2012-07-27,19.6905,24.2404,9.4028 
2012-07-28,18.4319,25.2825,13.8160 
2012-07-29,18.7671,25.3036,0.0156 
2012-07-30,22.7546,26.4771,0.0041 
2012-07-31,24.2683,26.8477,0.3465 
2012-08-01,19.7253,26.2953,0.0260 
2012-08-02,22.5313,27.3555,0.0200 
2012-08-03,23.7926,29.1826,0.0034 
2012-08-04,24.4679,29.0585,0.0030 
2012-08-05,22.2381,27.1329,11.7355 
2012-08-06,17.1740,25.0185,6.4234e-05 
2012-08-07,21.8988,27.2540,0.0072 
2012-08-08,22.3708,27.0061,0.1383 
2012-08-09,19.3170,25.3823,7.6307 
2012-08-10,17.5707,21.4712,27.1437 
2012-08-11,16.1526,20.4692,2.9464 
2012-08-12,15.0649,23.1194,0.6618 
2012-08-13,20.2089,23.8454,0.7127 
2012-08-14,17.8929,22.3669,6.6090 
2012-08-15,18.7061,23.6034,0.1014 
2012-08-16,19.9841,26.2577,0.0340 
2012-08-17,17.4479,24.3008,1.4378 
2012-08-18,14.4516,20.9870,0.0047 
2012-08-19,19.3671,21.9323,0.0376 
2012-08-20,16.1001,21.6089,0.0506 
2012-08-21,16.9943,21.9959,0.4608 
2012-08-22,18.5527,22.9010,0.0684 
2012-08-23,21.1186,24.6181,0.0025 
2012-08-24,21.6618,26.4842,5.1310e-05 
2012-08-25,23.0041,27.2295,0.0000 
2012-08-26,22.2698,26.3505,4.1678e-06 
2012-08-27,20.7339,24.4470,15.2216 
2012-08-28,17.5310,23.9142,0.0440 
2012-08-29,15.0371,23.0493,0.0033 
2012-08-30,19.6944,24.3723,0.0034 
2012-08-31,21.3443,30.1589,1.8585e-04 
2012-09-01,19.6116,29.3522,0.3084 
2012-09-02,20.6051,24.3027,0.5255 
2012-09-03,21.0934,26.9105,0.2001 
2012-09-04,21.4567,24.6040,10.1837 
2012-09-05,20.0211,24.1201,0.0622 
2012-09-06,18.0686,24.9930,0.0566 
2012-09-07,20.5766,24.8652,0.0471 
2012-09-08,14.7169,22.2269,15.4037 
2012-09-09,13.2938,18.4157,0.1712 
2012-09-10,13.5852,19.6820,0.0079 
2012-09-11,17.8329,21.7402,0.0027 
2012-09-12,19.4265,23.8773,5.8381e-04 
2012-09-13,20.6565,25.6763,0.0043 
2012-09-14,13.3075,24.4641,7.1761 
2012-09-15,13.1714,18.6152,0.0438 
2012-09-16,15.9232,21.5950,0.0203 
2012-09-17,18.7197,21.8246,0.0027 
2012-09-18,14.5773,21.6279,19.1367 
2012-09-19,7.2892,15.3945,0.0919 
2012-09-20,15.2495,19.1467,3.6602 
2012-09-21,15.0839,18.5466,0.4781 
2012-09-22,9.9431,16.9829,7.1691 
2012-09-23,6.9250,12.2338,0.1665 
2012-09-24,7.6988,14.6609,0.0110 
2012-09-25,13.0786,19.0339,8.7848e-04 
2012-09-26,15.3291,20.1565,0.3513 
2012-09-27,10.7557,16.8322,0.0945 
2012-09-28,11.0950,17.1003,0.0464 
2012-09-29,11.4072,17.2380,0.1909 
2012-09-30,9.7790,15.6539,0.0894 
2012-10-01,10.0295,15.8483,0.0126 
2012-10-02,13.0353,18.1976,3.4486 
2012-10-03,15.8004,17.8945,0.4524 
2012-10-04,14.3846,21.0418,0.1252 
2012-10-05,9.4584,20.1547,1.3378 
2012-10-06,6.0056,9.5880,9.4976 
2012-10-07,3.9038,9.0105,0.4066 
2012-10-08,5.0033,9.2972,0.4819 
2012-10-09,8.5261,13.4311,0.0077 
2012-10-10,6.4680,13.4094,2.5279 
2012-10-11,4.6759,12.9158,2.9192e-04 
2012-10-12,4.3508,12.4718,0.1828 
2012-10-13,7.7514,15.9570,0.9414 
2012-10-14,14.8062,18.9727,10.0069 
2012-10-15,8.9549,16.4608,0.5492 
2012-10-16,4.9465,10.6445,0.0039 
2012-10-17,10.9327,18.6564,1.3134 
2012-10-18,11.8610,18.1066,2.9884 
2012-10-19,9.9997,13.2442,1.9385 
2012-10-20,7.9837,10.6220,9.0968 
2012-10-21,6.6874,12.6203,0.4896 
2012-10-22,11.1827,17.0276,0.0093 
2012-10-23,15.3414,17.9247,5.2563 
2012-10-24,13.5584,19.2741,0.4886 
2012-10-25,15.2631,20.6016,0.0124 
2012-10-26,8.1249,19.7646,4.7852 
2012-10-27,5.2397,8.7388,9.1636 
2012-10-28,3.7528,7.2330,1.3053 
2012-10-29,4.2555,5.3547,8.6000 
2012-10-30,4.4316,9.2152,18.7965 
2012-10-31,4.9721,8.6843,4.5025 
2012-11-01,3.8260,7.2095,1.4218 
2012-11-02,0.6638,6.0726,0.2545 
2012-11-03,0.0041,5.0402,0.6495 
2012-11-04,-0.3531,4.1343,0.2004 
2012-11-05,-1.6399,3.3430,0.0171 
2012-11-06,0.1104,4.1296,0.0087 
2012-11-07,1.4207,6.0010,0.0057 
2012-11-08,0.7386,5.9890,0.0702 
2012-11-09,3.7717,8.4762,0.5041 
2012-11-10,7.6856,13.0940,1.5460 
2012-11-11,11.0692,15.0122,0.0011 
2012-11-12,2.4862,14.5282,8.0834 
2012-11-13,-1.0386,1.9891,0.1680 
2012-11-14,-0.6403,3.2327,0.0029 
2012-11-15,1.9997,5.2453,0.0025 
2012-11-16,3.0049,7.7781,0.0478 
2012-11-17,4.5939,7.9475,6.0958e-05 
2012-11-18,5.7015,7.9456,0.0022 
2012-11-19,6.3707,8.2029,0.0244 
2012-11-20,7.1613,9.3757,0.0386 
2012-11-21,6.3491,10.8075,0.0628 
2012-11-22,7.4669,12.9662,0.0011 
2012-11-23,1.8239,12.4008,4.1156 
2012-11-24,-1.0978,1.8516,0.3627 
2012-11-25,-3.5223,2.4069,0.8949 
2012-11-26,-2.0638,2.0547,0.0149 
2012-11-27,-5.1820,-0.2376,0.0015 
2012-11-28,-1.9070,2.9566,5.0163e-04 
2012-11-29,-1.3095,5.6594,0.0023 
2012-11-30,2.5846,5.0727,0.1780 
2012-12-01,2.1958,10.9146,0.0100 
2012-12-02,10.4130,13.4152,7.4869 
2012-12-03,6.8700,14.0048,0.1388 
2012-12-04,8.9524,14.5008,5.5424 
2012-12-05,-1.5099,8.8171,0.0154 
2012-12-06,-1.2082,3.8269,7.2082e-05 
2012-12-07,3.8024,5.8749,0.3255 
2012-12-08,2.4676,6.4857,5.0866 
2012-12-09,-0.6037,4.1310,4.4970 
2012-12-10,0.9192,9.7120,2.6407 
2012-12-11,-4.4089,0.3293,0.0660 
2012-12-12,-2.1073,3.0096,0.0042 
2012-12-13,1.2274,4.1274,6.3488e-04 
2012-12-14,0.2634,5.4078,0.0279 
2012-12-15,2.7739,5.8247,0.1678 
2012-12-16,5.6976,10.6495,4.0310 
2012-12-17,3.8171,9.0787,0.0602 
2012-12-18,1.6965,4.7812,1.8297 
2012-12-19,1.8079,5.1101,0.4357 
2012-12-20,2.9562,7.9383,10.7793 
2012-12-21,-0.7950,8.1457,8.3310 
2012-12-22,-2.6985,-0.3895,0.4074 
2012-12-23,-4.9794,0.0476,2.4392e-04 
2012-12-24,-4.3491,0.2855,1.1920 
2012-12-25,-3.8244,0.5049,0.4911 
2012-12-26,-2.7365,-0.2387,8.0613 
2012-12-27,-3.6660,-1.2568,7.3542 
2012-12-28,-5.3317,-2.0136,0.3966 
2012-12-29,-3.4551,-1.5382,5.2095 
2012-12-30,-6.5784,-2.0395,0.2613 
2012-12-31,-5.5764,0.2182,0.0294 
2013-01-01,-7.1015,0.2058,0.0894 
2013-01-02,-10.7841,-6.1394,0.0049 
2013-01-03,-7.7416,-2.0920,0.0220 
2013-01-04,-6.2726,-1.9136,0.0280 
2013-01-05,-5.5621,-1.5522,0.0102 
2013-01-06,-1.5099,0.8697,0.6958 
2013-01-07,-3.2407,0.4285,0.0134 
2013-01-08,-3.0957,0.1148,4.0690e-06 
2013-01-09,0.2499,2.5362,0.0719 
2013-01-10,-1.7100,1.9632,0.0094 
2013-01-11,0.9402,11.0903,10.8293 
2013-01-12,6.3147,11.0549,0.0290 
2013-01-13,4.9145,11.9367,37.7425 
2013-01-14,-5.6575,4.4627,4.1260 
2013-01-15,-6.6286,-2.1742,0.0021 
2013-01-16,-3.8644,0.1307,4.2865e-05 
2013-01-17,-2.9849,-0.4972,0.0255 
2013-01-18,-9.8876,-0.1408,0.0555 
2013-01-19,0.4409,5.2687,0.0034 
2013-01-20,-6.9050,6.1193,0.0427 
2013-01-21,-11.4956,-6.7991,1.0371 
2013-01-22,-16.4008,-10.6128,0.0514 
2013-01-23,-16.4175,-10.0228,0.1512 
2013-01-24,-13.4119,-8.5689,0.4860 
2013-01-25,-10.9450,-6.9500,4.0512 
2013-01-26,-8.6735,-4.2101,2.4438 
2013-01-27,-7.0721,-2.6710,0.0287 
2013-01-28,-2.3290,5.1688,9.5887 
2013-01-29,1.9881,11.0870,15.6020 
2013-01-30,9.5586,13.0924,5.4959 
2013-01-31,-5.5545,9.1608,1.5964 
2013-02-01,-9.5094,-5.9493,0.5099 
2013-02-02,-12.9671,-5.8882,4.4690 
2013-02-03,-10.8959,-6.2753,0.8138 
2013-02-04,-12.9545,-6.7349,3.3218 
2013-02-05,-8.7943,-4.9165,0.3839 
2013-02-06,-10.4783,-4.3328,0.3016 
2013-02-07,-6.5725,-0.7399,0.1131 
2013-02-08,-4.5678,1.1525,6.8488 
2013-02-09,-9.4560,-4.9643,0.6650 
2013-02-10,-7.7119,4.2099,0.0051 
2013-02-11,1.1634,6.9850,2.8500 
2013-02-12,-3.0761,0.9708,0.1583 
2013-02-13,-6.1027,0.5632,0.0077 
2013-02-14,-2.6619,4.0993,1.0713 
2013-02-15,-3.8636,3.9145,0.2873 
2013-02-16,-8.1135,-3.4841,2.6623 
2013-02-17,-11.8922,-4.8796,1.1586 
2013-02-18,-8.4315,2.9865,0.0287 
2013-02-19,-4.4539,4.9757,7.2547 
2013-02-20,-9.1236,-4.5116,0.1923 
2013-02-21,-11.1108,-4.7466,0.2506 
2013-02-22,-8.2976,2.4220,6.9761 
2013-02-23,-3.0327,2.3290,0.6718 
2013-02-24,-6.1824,0.8747,0.4085 
2013-02-25,-3.3996,1.4540,0.0018 
2013-02-26,-3.0594,1.5458,6.8065 
2013-02-27,0.6435,2.4427,16.4567 
2013-02-28,-0.8767,1.3611,1.6966 
2013-03-01,-4.2201,-0.2324,0.0436 
2013-03-02,-8.3053,-2.9572,0.1608 
2013-03-03,-8.0840,-3.0401,0.1570 
2013-03-04,-9.8153,-1.1929,0.0292 
2013-03-05,-7.9843,-0.7436,7.4779e-04 
2013-03-06,-2.1430,3.7646,0.0078 
2013-03-07,-1.8495,2.7681,0.2182 
2013-03-08,-5.1377,4.1469,0.0191 
2013-03-09,-0.5296,3.1731,0.0041 
2013-03-10,1.6533,12.4581,0.1850 
2013-03-11,7.7057,11.4662,12.3311 
2013-03-12,0.2137,7.8936,2.9955 
2013-03-13,-2.7167,1.8200,0.9986 
2013-03-14,-7.1474,2.0251,0.1066 
2013-03-15,-3.6305,4.0548,1.1518 
2013-03-16,-3.7285,2.8644,5.2163 
2013-03-17,-6.3099,-1.7138,0.1586 
2013-03-18,-4.9794,3.4755,1.2343 
2013-03-19,-5.5205,3.5422,1.0225 
2013-03-20,-6.4698,-2.4336,0.0726 
2013-03-21,-10.2186,-0.2370,0.3154 
2013-03-22,-6.3293,1.9764,0.2110 
2013-03-23,-3.4871,3.1017,0.0133 
2013-03-24,-4.1412,2.4255,9.2693e-04 
2013-03-25,-1.1159,2.5379,0.9072 
2013-03-26,-0.5645,5.2347,0.2914 
2013-03-27,-1.7931,5.7405,1.3381 
2013-03-28,0.2324,7.9380,0.0625 
2013-03-29,-0.6665,8.3366,0.0065 
2013-03-30,2.4370,9.1239,0.0038 
2013-03-31,5.3394,12.2376,0.3694 
2013-04-01,-1.8198,11.9996,0.5879 
2013-04-02,-5.0359,3.0645,0.0584 
2013-04-03,-5.9318,2.9972,0.0145 
2013-04-04,-0.7442,7.8812,0.0038 
2013-04-05,0.0113,7.3858,0.0128 
2013-04-06,-2.3938,7.1258,0.0050 
2013-04-07,7.7242,17.1348,0.0070 
2013-04-08,2.5291,13.5826,2.3648 
2013-04-09,3.1731,13.8809,2.8868 
2013-04-10,6.6898,10.0793,14.1033 
2013-04-11,2.2975,6.4929,20.8957 
2013-04-12,3.1920,7.5112,25.7478 
2013-04-13,1.4120,5.3238,0.4403 
2013-04-14,1.1204,6.3669,0.1843 
2013-04-15,5.0837,17.5523,0.0052 
2013-04-16,9.3449,16.3220,8.7571 
2013-04-17,4.4344,11.0454,0.2819 
2013-04-18,9.0993,21.9426,8.2321 
2013-04-19,4.3021,20.5253,5.7279 
2013-04-20,-0.0435,5.3296,0.2911 
2013-04-21,-1.1587,4.3856,6.0277e-04 
2013-04-22,2.9359,12.5889,1.9214e-05 
2013-04-23,7.1338,17.8602,0.1993 
2013-04-24,1.6006,16.8727,19.8859 
2013-04-25,1.6015,8.2024,4.0193 
2013-04-26,4.5530,10.2768,1.4294e-04 
2013-04-27,6.7640,16.5202,0.0122 
2013-04-28,10.1951,14.6333,8.1966 
2013-04-29,10.9674,15.7516,2.9862 
2013-04-30,10.6173,20.6851,0.0133 
2013-05-01,13.1447,21.5966,3.5692e-05 
2013-05-02,12.9600,19.2399,0.0000 
2013-05-03,14.0920,20.1892,4.7104e-05 
2013-05-04,12.5660,18.9167,2.4341e-05 
2013-05-05,12.3859,19.4002,8.3085e-05 
2013-05-06,11.1108,20.0047,8.2730e-06 
2013-05-07,13.7053,21.3178,7.9342e-05 
2013-05-08,14.6060,21.8645,0.9529 
2013-05-09,16.4515,22.7673,1.0083 
2013-05-10,14.8288,21.2384,3.9590 
2013-05-11,5.0725,14.5715,0.3239 
2013-05-12,4.3305,10.8303,1.2766 
2013-05-13,-0.2616,9.4890,0.0023 
2013-05-14,7.9682,18.1869,0.0684 
2013-05-15,15.1085,24.4216,0.1832 
2013-05-16,16.2943,23.2476,9.9892e-04 
2013-05-17,10.3306,21.9391,0.0014 
2013-05-18,13.5021,20.4920,0.0077 
2013-05-19,14.8641,24.7824,0.0018 
2013-05-20,17.0638,27.0187,0.0019 
2013-05-21,19.5448,26.4598,0.0715 
2013-05-22,18.8711,25.6013,0.7183 
2013-05-23,6.3435,24.0341,7.5782 
2013-05-24,3.9967,9.6177,0.8465 
2013-05-25,4.2009,13.6132,0.0037 
2013-05-26,6.2621,15.9816,3.5355e-04 
2013-05-27,9.4930,14.7071,2.1749 
2013-05-28,10.5734,22.5101,22.1888 
2013-05-29,18.3363,25.7386,11.1524 
2013-05-30,19.4164,26.0887,1.3974 
2013-05-31,20.1972,26.3732,3.1292 
2013-06-01,19.7411,24.3487,3.6475 
2013-06-02,17.6983,21.0185,3.5023 
2013-06-03,7.6268,18.7131,0.0315 
2013-06-04,10.0180,17.6068,5.5099e-04 
2013-06-05,11.0597,18.5247,8.0199e-04 
2013-06-06,12.4193,17.9894,0.2849 
2013-06-07,12.0742,18.6485,0.3160 
2013-06-08,10.8638,18.2769,0.0071 
2013-06-09,15.5224,20.4979,0.1071 
2013-06-10,17.6578,18.9007,22.1934 
2013-06-11,16.6944,23.7393,3.5796 
2013-06-12,17.4258,23.7043,0.7230 
2013-06-13,15.8374,20.6714,37.3287 
2013-06-14,12.4627,19.3575,0.0171 
2013-06-15,12.7479,22.5196,0.0313 
2013-06-16,17.1004,25.4159,3.1528 
2013-06-17,18.3483,25.8823,3.0831 
2013-06-18,14.9699,19.2148,7.0844 
2013-06-19,11.4987,18.7969,0.0065 
2013-06-20,15.6479,20.8482,2.8050e-04 
2013-06-21,17.4943,25.0204,1.4768e-04 
2013-06-22,20.8998,28.8885,1.1772 
2013-06-23,20.7781,28.2571,0.5393 
2013-06-24,22.3510,27.6829,0.0056 
2013-06-25,21.2158,28.4265,1.7401 
2013-06-26,19.1483,26.3997,9.5698 
2013-06-27,19.4064,25.1599,10.4609 
2013-06-28,18.7201,23.8950,14.0986 
2013-06-29,16.7206,21.1308,7.9961 
2013-06-30,15.3085,22.1486,0.2303 
2013-07-01,17.8060,22.3604,14.0005 
2013-07-02,16.8159,22.7846,2.1438 
2013-07-03,18.5388,25.4958,0.3039 
2013-07-04,18.9477,23.4835,3.1051 
2013-07-05,19.6035,23.9960,13.8744 
2013-07-06,21.0891,25.0820,7.3102 
2013-07-07,19.6617,24.5802,11.3669 
2013-07-08,21.0585,27.1795,2.7864 
2013-07-09,20.2999,26.9361,16.1020 
2013-07-10,20.5695,27.4933,7.5450 
2013-07-11,17.7069,22.5612,0.4122 
2013-07-12,15.3369,24.5769,0.0273 
2013-07-13,18.0779,24.5755,9.1300e-06 
2013-07-14,21.0286,27.1280,0.0028 
2013-07-15,23.1517,28.4807,0.1623 
2013-07-16,24.5245,29.7440,3.5399 
2013-07-17,25.5008,30.9222,1.1407 
2013-07-18,25.4366,30.7172,1.6210 
2013-07-19,25.1484,31.3183,0.5041 
2013-07-20,22.4670,30.2397,32.9878 
2013-07-21,18.2995,24.5306,0.2675 
2013-07-22,20.8122,24.5597,0.6488 
2013-07-23,20.2280,24.2726,7.8268 
2013-07-24,13.4467,22.0314,0.0547 
2013-07-25,14.5550,20.7775,0.0326 
2013-07-26,19.0732,22.0521,0.0066 
2013-07-27,18.3152,21.9384,4.4689 
2013-07-28,12.9905,18.0644,2.6158 
2013-07-29,14.5294,20.1890,0.0703 
2013-07-30,16.6097,22.0898,0.0328 
2013-07-31,19.6012,23.5316,0.2900 
2013-08-01,17.6860,22.5146,12.7609 
2013-08-02,17.1789,22.6580,0.0729 
2013-08-03,16.2529,23.1916,0.2454 
2013-08-04,14.0397,22.7255,0.0421 
2013-08-05,14.3635,20.3661,0.0274 
2013-08-06,18.9639,23.9441,0.5194 
2013-08-07,21.0324,26.3637,0.2693 
2013-08-08,18.6741,25.9212,0.8303 
2013-08-09,16.9084,24.5685,2.1172e-04 
2013-08-10,17.2147,24.3053,0.0333 
2013-08-11,18.7855,22.5725,0.0481 
2013-08-12,18.3483,22.4258,7.0013 
2013-08-13,15.0481,19.0644,19.9156 
2013-08-14,11.5843,18.8028,0.1371 
2013-08-15,14.6703,20.4031,0.0027 
2013-08-16,17.8372,22.4509,0.0033 
2013-08-17,18.4845,23.1897,0.0442 
2013-08-18,19.0490,23.9034,0.0672 
2013-08-19,19.5704,24.4066,0.0305 
2013-08-20,20.5315,25.8850,0.0517 
2013-08-21,22.1167,27.1639,0.1494 
2013-08-22,20.1247,27.3778,1.1154 
2013-08-23,18.3238,26.5591,0.0564 
2013-08-24,18.4040,22.9241,0.0100 
2013-08-25,20.4694,26.5440,0.0399 
2013-08-26,21.6093,29.7649,1.1841 
2013-08-27,22.1405,29.1833,6.8550 
2013-08-28,21.2148,28.0722,10.0359 
2013-08-29,19.9230,26.8689,0.0774 
2013-08-30,22.2544,27.0729,0.0220 
2013-08-31,20.0151,26.6555,6.6868 
2013-09-01,19.8136,23.8843,1.0971 
2013-09-02,20.5589,22.7576,0.5290 
2013-09-03,13.3195,21.7437,0.1532 
2013-09-04,15.4012,24.8948,0.0222 
2013-09-05,13.5106,24.3400,0.0095 
2013-09-06,11.3380,19.1851,0.0461 
2013-09-07,18.7283,24.4662,0.2680 
2013-09-08,16.9874,24.1139,0.2112 
2013-09-09,16.7807,24.2906,0.4871 
2013-09-10,23.6678,30.3090,0.1925 
2013-09-11,24.2000,29.4906,0.8983 
2013-09-12,20.7623,28.6930,5.4018 
2013-09-13,12.4642,18.6240,1.7077 
2013-09-14,8.8725,17.0995,0.0407 
2013-09-15,15.3875,17.7847,0.1269 
2013-09-16,10.8904,15.3230,0.3127 
2013-09-17,9.0570,16.1085,0.1151 
2013-09-18,15.9045,19.5643,0.0649 
2013-09-19,17.4841,23.7227,0.0579 
2013-09-20,19.9235,24.7420,13.3852 
2013-09-21,16.4541,21.4252,37.6677 
2013-09-22,9.1141,15.7009,0.3195 
2013-09-23,8.0416,14.3994,0.0278 
2013-09-24,10.1951,16.4215,6.3237e-04 
2013-09-25,11.7651,18.4990,0.0193 
2013-09-26,13.4741,20.2361,0.0571 
2013-09-27,13.6023,18.8544,0.0477 
2013-09-28,15.5461,21.0682,0.0368 
2013-09-29,16.9082,20.5415,1.4082 
2013-09-30,16.0453,18.6416,1.4171 
2013-10-01,15.8363,22.0499,0.0457 
2013-10-02,16.4009,21.9849,2.4216e-04 
2013-10-03,17.6727,21.7994,0.0811 
2013-10-04,19.2957,24.7110,1.4961 
2013-10-05,18.9644,23.6696,0.9209 
2013-10-06,17.9433,22.3908,7.9194 
2013-10-07,8.6127,16.4776,20.1239 
2013-10-08,10.6379,15.4864,0.0655 
2013-10-09,14.8258,16.7105,0.0290 
2013-10-10,14.0787,17.1641,0.0010 
2013-10-11,11.5040,18.3610,0.0073 
2013-10-12,14.4248,19.3183,0.0601 
2013-10-13,15.3315,18.7810,0.9508 
2013-10-14,9.6323,15.5643,5.2861e-04 
2013-10-15,12.0229,18.4107,0.1491 
2013-10-16,14.2508,18.5733,3.3698 
2013-10-17,8.9323,13.7084,3.0468 
2013-10-18,8.1965,14.3356,0.0433 
2013-10-19,6.8547,13.5316,7.8963 
2013-10-20,5.8345,12.2801,0.1963 
2013-10-21,10.8701,12.8230,1.7720 
2013-10-22,3.1041,10.6167,0.6136 
2013-10-23,2.8410,7.4600,0.1277 
2013-10-24,0.7044,6.9736,0.0307 
2013-10-25,1.2365,7.5361,0.1549 
2013-10-26,4.6764,8.8163,0.9807 
2013-10-27,1.9229,8.9988,0.5276 
2013-10-28,3.5061,9.0409,0.0359 
2013-10-29,2.3484,8.4653,0.0014 
2013-10-30,7.8343,12.3715,0.1348 
2013-10-31,10.5720,15.0239,32.0205 
2013-11-01,7.8558,15.7124,12.8189 
2013-11-02,5.5060,8.5265,3.9293 
2013-11-03,-0.6001,4.9893,0.0968 
2013-11-04,3.2458,7.5649,0.0200 
2013-11-05,7.8141,13.2118,8.9047e-05 
2013-11-06,10.1069,12.7889,4.8888 
2013-11-07,2.3767,12.7664,2.5881 
2013-11-08,-0.4425,5.4854,0.5732 
2013-11-09,4.4829,11.4356,0.0158 
2013-11-10,4.2001,11.3855,0.0320 
2013-11-11,0.9467,6.2998,5.1975 
2013-11-12,-3.2482,0.0124,2.4003 
2013-11-13,-5.4431,0.9110,0.0275 
2013-11-14,0.3185,5.2859,1.5100e-05 
2013-11-15,4.4976,7.2399,1.3956e-06 
2013-11-16,4.8886,11.3694,0.0124 
2013-11-17,11.3719,14.9054,2.7230 
2013-11-18,2.1069,14.8702,4.1105 
2013-11-19,-1.2911,3.0248,0.0059 
2013-11-20,-0.0281,6.3852,3.3295e-04 
2013-11-21,5.1013,7.5615,2.1750 
2013-11-22,1.7771,7.1895,8.8376 
2013-11-23,-5.0315,1.2977,0.1049 
2013-11-24,-8.2798,-5.1743,1.7445 
2013-11-25,-5.9075,0.3302,0.0068 
2013-11-26,-0.8304,0.9327,0.3216 
2013-11-27,-5.3646,0.5618,0.3192 
2013-11-28,-7.8658,-2.2046,1.2221 
2013-11-29,-5.4688,-1.2190,1.3709 
2013-11-30,-1.3548,3.5531,7.3973e-04 
2013-12-01,1.1681,4.9576,0.0059 
2013-12-02,-1.6955,4.1158,0.0126 
2013-12-03,-1.2507,4.1293,0.3683 
2013-12-04,4.5249,9.3567,0.4119 
2013-12-05,2.4317,13.0825,0.6967 
2013-12-06,-4.0686,1.4797,0.0206 
2013-12-07,-8.9751,-3.8937,0.0405 
2013-12-08,-9.0020,-1.7895,0.1593 
2013-12-09,-2.9378,1.1800,0.9066 
2013-12-10,-9.4096,-3.3691,0.0807 
2013-12-11,-7.7969,-5.3086,0.5216 
2013-12-12,-14.6122,-7.8083,0.0881 
2013-12-13,-8.7270,-4.0017,0.3135 
2013-12-14,-6.8223,-1.0394,16.9922 
2013-12-15,-7.1705,-0.8684,7.4269 
2013-12-16,-11.9361,-6.7008,0.1784 
2013-12-17,-8.9684,-3.9446,4.1568 
2013-12-18,-6.1312,-2.3488,0.7053 
2013-12-19,-4.5727,2.4954,0.1089 
2013-12-20,1.6458,3.2884,6.4977 
2013-12-21,0.1946,4.7819,12.3530 
2013-12-22,0.1951,6.3830,34.4447 
2013-12-23,-4.5851,2.6050,0.2416 
2013-12-24,-9.9491,-3.3014,1.3529 
2013-12-25,-11.6729,-4.6378,1.6747 
2013-12-26,-4.5176,-2.5467,2.9279 
2013-12-27,-5.7356,-0.0405,1.2450 
2013-12-28,0.2569,3.8337,4.0070e-04 
2013-12-29,1.3303,3.9352,0.0188 
2013-12-30,-12.4699,-0.1955,0.2201 
2013-12-31,-9.6497,-7.6499,3.0196 
2014-01-01,-11.4071,-8.3987,8.3023 
2014-01-02,-12.9991,-8.9951,8.1069 
2014-01-03,-18.5032,-13.1495,0.4667 
2014-01-04,-15.1442,-2.6298,0.0067 
2014-01-05,-2.6856,-1.0334,7.3405 
2014-01-06,-16.4978,-1.1688,12.7636 
2014-01-07,-22.2890,-16.9046,0.2190 
2014-01-08,-20.1998,-12.0830,0.0496 
2014-01-09,-14.8052,-7.5706,0.0701 
2014-01-10,-7.0922,2.8439,2.9726 
2014-01-11,1.3258,4.1665,16.7113 
2014-01-12,-1.8455,1.0295,0.1783 
2014-01-13,1.2990,5.9665,0.0164 
2014-01-14,-3.6814,5.2119,0.1356 
2014-01-15,-4.9465,0.7271,0.1590 
2014-01-16,-8.8470,-2.6820,3.0791 
2014-01-17,-4.1819,-0.9237,3.5549 
2014-01-18,-11.1078,-3.8121,3.7813 
2014-01-19,-10.8621,-5.1964,0.0495 
2014-01-20,-8.1028,-0.7510,0.7340 
2014-01-21,-15.4679,-9.1637,0.5327 
2014-01-22,-18.3026,-13.4404,0.9718 
2014-01-23,-13.7656,-11.1753,2.6775 
2014-01-24,-19.4777,-12.8510,0.1092 
2014-01-25,-12.0343,-2.9528,8.2621 
2014-01-26,-16.6657,-5.9317,4.8100 
2014-01-27,-14.2531,-3.9981,3.2605 
2014-01-28,-22.2198,-14.9234,0.0246 
2014-01-29,-22.8430,-12.1519,0.0014 
2014-01-30,-14.1923,-5.5890,4.3096e-04 
2014-01-31,-5.1485,-1.5441,0.3483 
2014-02-01,-4.0367,1.3918,9.9443 
2014-02-02,-5.5594,1.2958,4.0569 
2014-02-03,-10.5303,-5.6147,0.0353 
2014-02-04,-9.9510,-6.7794,0.0278 
2014-02-05,-8.4998,-5.6692,17.5365 
2014-02-06,-14.2201,-8.7694,0.3255 
2014-02-07,-17.2750,-10.6088,0.0123 
2014-02-08,-19.9409,-11.3520,0.3487 
2014-02-09,-12.0825,-7.4190,5.6279 
2014-02-10,-11.7797,-8.0552,0.1963 
2014-02-11,-16.1205,-9.9943,0.1780 
2014-02-12,-15.6874,-9.9064,0.0096 
2014-02-13,-11.6719,-5.7735,0.0041 
2014-02-14,-9.7060,-2.7197,0.6577 
2014-02-15,-11.4849,-4.3516,0.1922 
2014-02-16,-11.6207,-6.9305,2.1705 
2014-02-17,-16.5827,-6.6531,0.1110 
2014-02-18,-5.7564,-0.9258,12.0510 
2014-02-19,-0.3946,3.5756,0.0597 
2014-02-20,-3.8909,3.2430,15.0676 
2014-02-21,-0.8851,7.5980,7.7031 
2014-02-22,-2.8305,-0.4678,0.0101 
2014-02-23,-7.0127,-1.4047,0.0011 
2014-02-24,-10.9594,-5.1067,0.0693 
2014-02-25,-11.5700,-6.3048,0.0621 
2014-02-26,-15.5345,-6.7883,0.2302 
2014-02-27,-14.6017,-10.7952,0.1292 
2014-02-28,-20.1614,-9.8345,0.0169 
2014-03-01,-10.1345,-0.9779,0.4470 
2014-03-02,-15.0648,-4.4718,9.4865 
2014-03-03,-20.7432,-12.7792,0.0070 
2014-03-04,-16.0088,-9.3555,0.0025 
2014-03-05,-10.5591,-6.5710,0.0132 
2014-03-06,-12.5457,-5.3979,0.0152 
2014-03-07,-6.5740,1.8707,8.1491e-04 
2014-03-08,-3.1553,1.9938,1.7667 
2014-03-09,-9.4328,-1.7962,0.0044 
2014-03-10,-1.4653,5.4077,0.0091 
2014-03-11,2.5284,8.0709,0.0348 
2014-03-12,-10.5107,5.4768,22.5330 
2014-03-13,-18.2192,-8.4664,0.0110 
2014-03-14,-8.8220,3.9757,0.0338 
2014-03-15,-1.3242,3.8693,0.0302 
2014-03-16,-13.4715,-1.0287,0.0119 
2014-03-17,-15.1285,-3.8108,0.0135 
2014-03-18,-6.0518,5.0483,0.0034 
2014-03-19,2.8338,7.0658,2.2779 
2014-03-20,-0.5387,5.5389,0.4342 
2014-03-21,-3.0116,2.5740,0.0150 
2014-03-22,0.7259,6.7841,0.7489 
2014-03-23,-10.2815,2.8242,0.0805 
2014-03-24,-9.8509,-2.2567,0.0890 
2014-03-25,-6.6048,-1.0773,0.6719 
2014-03-26,-10.8645,-2.6213,0.1543 
2014-03-27,-5.9085,3.2830,1.1724 
2014-03-28,2.9189,9.2756,1.6600 
2014-03-29,-3.0740,5.8902,0.3602 
2014-03-30,-3.7637,6.1718,0.0830 
2014-03-31,0.2955,6.3035,2.8791e-04 
2014-04-01,3.1544,12.3255,0.0225 
2014-04-02,0.9681,9.3710,0.0020 
2014-04-03,-2.1776,7.5665,4.7870 
2014-04-04,2.5719,12.8670,6.5612 
2014-04-05,-2.3371,6.6560,0.6325 
2014-04-06,2.4320,8.2647,0.0017 
2014-04-07,2.4924,7.0457,6.6659 
2014-04-08,3.5775,12.4205,8.5333 
2014-04-09,0.7612,10.9326,0.0177 
2014-04-10,5.5480,15.8478,0.1205 
2014-04-11,8.5399,13.4405,1.5712 
2014-04-12,7.4009,16.7477,0.0122 
2014-04-13,12.9107,20.4546,1.1476 
2014-04-14,11.4619,19.9660,1.4660 
2014-04-15,-4.0810,9.5931,8.9977 
2014-04-16,-4.5727,0.9598,0.0887 
2014-04-17,-0.7486,13.2445,1.1785e-04 
2014-04-18,7.5925,13.7757,0.0220 
2014-04-19,-0.3297,12.8554,7.7598e-04 
2014-04-20,4.3187,14.9795,0.0100 
2014-04-21,9.2706,19.7428,0.0119 
2014-04-22,10.4409,18.6948,2.5378 
2014-04-23,3.2565,9.0925,0.1598 
2014-04-24,1.4572,8.7452,0.0015 
2014-04-25,6.9480,11.2516,4.5327 
2014-04-26,6.5751,11.6199,0.0212 
2014-04-27,0.1789,9.1179,1.2240e-04 
2014-04-28,6.2700,10.6215,0.5195 
2014-04-29,8.6488,15.2564,16.0526 
2014-04-30,9.7679,13.0074,13.1130 
2014-05-01,7.6982,11.3298,0.2361 
2014-05-02,6.9020,13.4483,0.2274 
2014-05-03,8.1922,14.1492,2.4588 
2014-05-04,7.9012,13.1626,0.3524 
2014-05-05,4.9774,11.4441,0.0398 
2014-05-06,4.1837,13.6082,0.0026 
2014-05-07,8.3747,15.0933,7.0479 
2014-05-08,11.7026,23.2176,1.1772 
2014-05-09,17.1443,22.2682,0.5726 
2014-05-10,13.2885,19.2302,1.7987 
2014-05-11,13.8039,20.3010,0.2095 
2014-05-12,17.1043,22.1535,11.3970 
2014-05-13,18.0982,24.7268,5.7850 
2014-05-14,13.2188,23.6935,7.1602 
2014-05-15,11.1620,16.3017,23.1627 
2014-05-16,1.1119,11.5498,0.2642 
2014-05-17,5.0785,11.1219,2.4165 
2014-05-18,7.6947,15.1167,0.1973 
2014-05-19,10.4395,17.6785,0.0417 
2014-05-20,13.0675,18.7189,2.0643 
2014-05-21,16.4883,24.5091,6.7951 
2014-05-22,13.4591,23.5737,0.4332 
2014-05-23,9.6908,20.0783,0.0043 
2014-05-24,12.4875,21.6187,0.0010 
2014-05-25,17.2730,23.1914,3.4832e-04 
2014-05-26,18.0333,25.5010,3.6730e-05 
2014-05-27,21.0553,26.2899,2.1910 
2014-05-28,16.4528,21.7042,18.6104 
2014-05-29,12.0294,19.7557,0.3121 
2014-05-30,14.0300,22.7911,0.0016 
2014-05-31,15.7328,22.5153,2.7095e-04 
2014-06-01,15.3407,24.0541,2.4167e-05 
2014-06-02,20.5592,27.1335,1.0998 
2014-06-03,18.5795,25.1912,6.8899 
2014-06-04,15.3089,23.4203,4.5447 
2014-06-05,10.7300,19.4373,0.0863 
2014-06-06,12.4653,20.6387,4.6441e-04 
2014-06-07,17.7943,22.5721,4.0889e-04 
2014-06-08,14.4757,21.4727,3.0975 
2014-06-09,13.8411,22.4332,0.0017 
2014-06-10,17.4234,21.9060,0.0252 
2014-06-11,17.4114,24.0037,3.2999 
2014-06-12,18.3333,23.2039,4.5652 
2014-06-13,17.1364,23.0204,0.0654 
2014-06-14,10.1206,19.9028,4.0969e-04 
2014-06-15,14.8119,21.6679,7.0917e-05 
2014-06-16,20.0567,26.6759,0.0198 
2014-06-17,22.1726,28.6225,0.5677 
2014-06-18,19.7388,28.6886,13.0811 
2014-06-19,18.1112,21.9714,15.8769 
2014-06-20,15.8983,21.0210,1.0072 
2014-06-21,16.5593,22.9888,3.4129 
2014-06-22,18.7722,23.4308,0.4534 
2014-06-23,19.5120,27.0753,0.3220 
2014-06-24,21.4326,26.3046,5.6371 
2014-06-25,17.7261,23.6345,3.4557 
2014-06-26,14.4601,23.6720,0.0296 
2014-06-27,18.5807,23.9298,0.0026 
2014-06-28,20.6872,27.2332,0.0031 
2014-06-29,21.7848,26.6051,5.2634 
2014-06-30,22.3473,27.4333,1.0522 
2014-07-01,23.2210,27.4085,2.7395 
2014-07-02,20.0120,26.9620,0.0328 
2014-07-03,15.8294,22.8249,0.1721 
2014-07-04,13.4012,20.9757,0.0136 
2014-07-05,18.1818,23.2146,6.3465e-04 
2014-07-06,19.7161,26.4749,0.0018 
2014-07-07,23.2033,27.0837,13.4659 
2014-07-08,20.0174,24.4278,18.1851 
2014-07-09,15.4387,22.5466,0.1059 
2014-07-10,17.4843,21.9854,0.1805 
2014-07-11,17.1085,22.8727,0.2531 
2014-07-12,19.7385,26.0775,0.0262 
2014-07-13,22.4770,28.0614,6.3029 
2014-07-14,20.0906,26.8297,0.3958 
2014-07-15,16.3329,21.1885,0.7577 
2014-07-16,13.3221,19.2585,0.0439 
2014-07-17,15.0335,22.2945,0.0676 
2014-07-18,18.8341,22.6407,0.0416 
2014-07-19,17.4721,21.6528,2.1009 
2014-07-20,18.2128,22.8099,1.2539 
2014-07-21,19.6826,25.0086,0.0100 
2014-07-22,21.3727,27.7527,3.0126e-04 
2014-07-23,19.4439,26.9526,11.7908 
2014-07-24,15.2625,21.2337,0.0030 
2014-07-25,17.5118,22.1553,0.0020 
2014-07-26,19.2885,24.2850,0.0846 
2014-07-27,19.8537,24.0713,19.7031 
2014-07-28,15.9429,19.9051,9.0223 
2014-07-29,12.0418,19.3395,0.7540 
2014-07-30,16.0451,20.3253,3.9666 
2014-07-31,15.1474,22.3576,4.3423 
2014-08-01,19.2815,24.6596,0.2682 
2014-08-02,18.3559,24.8129,1.6781 
2014-08-03,19.6174,24.3106,0.8569 
2014-08-04,20.7046,25.8376,2.0261 
2014-08-05,19.8351,24.5098,5.4900 
2014-08-06,16.3278,23.5865,0.3133 
2014-08-07,18.6469,24.4882,0.0036 
2014-08-08,17.3779,24.0137,5.8650e-06 
2014-08-09,17.8901,23.1285,0.0000 
2014-08-10,18.6635,24.8439,1.0984e-07 
2014-08-11,19.8154,23.6297,35.2537 
2014-08-12,19.2100,21.2444,14.8873 
2014-08-13,14.3346,21.3102,1.1244 
2014-08-14,13.3281,20.7665,0.0516 
2014-08-15,11.0839,22.0492,0.0316 
2014-08-16,16.7673,25.4353,0.0280 
2014-08-17,16.6792,23.4204,3.2485 
2014-08-18,15.8737,21.8505,0.1295 
2014-08-19,18.4040,24.4171,3.3902 
2014-08-20,18.9446,25.7209,10.8448 
2014-08-21,20.1213,24.9122,1.4274 
2014-08-22,20.0923,24.8390,1.8829 
2014-08-23,19.0824,24.1573,0.0352 
2014-08-24,19.1554,23.0023,0.0046 
2014-08-25,20.8486,25.1224,0.0024 
2014-08-26,21.7499,27.9112,3.5590 
2014-08-27,16.8594,27.3813,0.9041 
2014-08-28,14.9001,20.6453,0.0479 
2014-08-29,15.5133,21.7890,0.0238 
2014-08-30,21.3926,27.6328,0.0012 
2014-08-31,20.1203,26.4153,0.4208 
2014-09-01,21.7001,26.0510,2.8137 
2014-09-02,20.3070,23.8556,24.6417 
2014-09-03,20.1693,23.7428,0.9019 
2014-09-04,21.4781,26.4586,0.0353 
2014-09-05,22.3495,28.4339,1.2139 
2014-09-06,16.4361,27.7515,17.8985 
2014-09-07,15.8199,20.7581,0.0883 
2014-09-08,18.6869,21.7408,0.0437 
2014-09-09,19.6048,23.0633,0.0461 
2014-09-10,20.3469,23.5282,46.8763 
2014-09-11,13.1735,22.0941,11.8362 
2014-09-12,10.3387,15.3133,0.7073 
2014-09-13,11.0598,14.6505,5.6961 
2014-09-14,9.4583,14.5978,0.0090 
2014-09-15,14.2514,17.5527,0.9685 
2014-09-16,10.0549,16.5146,1.1077 
2014-09-17,11.8220,16.9942,0.0076 
2014-09-18,12.6644,16.8990,0.0014 
2014-09-19,8.9885,16.3648,0.0039 
2014-09-20,16.3553,22.9767,0.3384 
2014-09-21,13.4888,21.5075,6.3558 
2014-09-22,7.9004,14.0206,0.6255 
2014-09-23,12.4424,17.3150,3.8978e-04 
2014-09-24,15.6550,19.4805,6.6289e-06 
2014-09-25,15.7086,19.2835,0.0022 
2014-09-26,15.5493,20.6199,3.8538e-06 
2014-09-27,16.4609,20.9307,2.8942e-04 
2014-09-28,17.2574,21.4177,4.1728e-04 
2014-09-29,16.7421,21.7064,0.0080 
2014-09-30,12.7889,19.5667,13.1942 
2014-10-01,12.0748,17.4135,0.0255 
2014-10-02,16.1318,21.0559,0.4044 
2014-10-03,15.2178,21.4717,8.5538 
2014-10-04,5.9560,14.5927,8.1590 
2014-10-05,5.9542,11.0802,0.3322 
2014-10-06,9.8531,16.5807,5.0503 
2014-10-07,11.3774,14.6563,5.1696 
2014-10-08,9.6242,13.6942,0.0824 
2014-10-09,8.0526,13.2985,0.0068 
2014-10-10,6.9814,12.4073,0.0043 
2014-10-11,6.5917,12.0850,0.0066 
2014-10-12,7.9390,13.9883,6.2182e-05 
2014-10-13,13.5926,20.1511,7.0606 
2014-10-14,18.1100,20.0948,3.9604 
2014-10-15,14.0469,17.7548,9.7096 
2014-10-16,11.8067,15.9903,0.7184 
2014-10-17,11.1773,16.2857,1.1710 
2014-10-18,7.4995,14.6968,1.9223 
2014-10-19,3.2426,8.1782,0.2011 
2014-10-20,8.1728,12.7438,0.4905 
2014-10-21,7.8786,12.4717,0.6485 
2014-10-22,3.9659,11.2863,0.0729 
2014-10-23,5.0519,12.3684,0.0252 
2014-10-24,8.2913,13.5849,0.0044 
2014-10-25,10.1961,17.9414,0.0053 
2014-10-26,6.9603,13.8873,2.3300e-05 
2014-10-27,9.4072,18.6842,0.0226 
2014-10-28,15.0753,18.8807,2.5748 
2014-10-29,8.0550,14.3125,0.0265 
2014-10-30,3.6914,8.8200,0.0712 
2014-10-31,6.0843,8.0519,4.1849 
2014-11-01,1.8746,5.8340,2.9831 
2014-11-02,-2.1048,5.8720,0.0391 
2014-11-03,3.7604,11.5908,0.0353 
2014-11-04,10.8644,13.2127,1.0486 
2014-11-05,6.1818,11.7178,0.9541 
2014-11-06,7.6900,10.3480,5.0096 
2014-11-07,0.3875,7.5524,2.4838 
2014-11-08,3.3426,6.7186,1.3052 
2014-11-09,1.9565,7.2511,0.1218 
2014-11-10,6.4272,12.8403,0.0225 
2014-11-11,10.9500,15.9163,0.0188 
2014-11-12,-0.7695,11.4512,0.0509 
2014-11-13,-2.8795,1.2537,0.2097 
2014-11-14,-6.2976,0.1980,0.0366 
2014-11-15,-5.2800,-1.0688,0.0167 
2014-11-16,-2.3633,0.1181,0.3771 
2014-11-17,-4.7734,-0.1536,6.0066 
2014-11-18,-9.2726,-5.3771,0.2615 
2014-11-19,-9.4730,0.0947,2.6803 
2014-11-20,-4.9557,-0.0040,0.8645 
2014-11-21,-10.7581,-5.2125,0.1803 
2014-11-22,-5.4417,4.3209,2.2312 
2014-11-23,4.7067,8.7286,4.0861 
2014-11-24,3.9096,11.7249,20.5806 
2014-11-25,-1.4426,3.2196,0.0436 
2014-11-26,-3.1917,1.1163,0.0141 
2014-11-27,-2.3657,0.3117,0.1415 
2014-11-28,-8.4476,-1.6107,0.2209 
2014-11-29,-2.8280,4.9553,0.4678 
2014-11-30,5.3973,12.6707,0.9270 
2014-12-01,-3.7998,12.0003,0.4859 
2014-12-02,-6.2032,1.0571,0.0603 
2014-12-03,-2.7831,2.1314,0.0182 
2014-12-04,-4.6942,0.4733,9.8445e-05 
2014-12-05,-1.2881,3.1009,0.0388 
2014-12-06,0.8695,3.9141,0.2035 
2014-12-07,-4.9697,1.2748,2.8468e-04 
2014-12-08,-0.1244,4.2787,9.0506e-05 
2014-12-09,2.0219,4.3308,1.2032 
2014-12-10,-1.7694,2.7068,0.1134 
2014-12-11,-4.2766,2.2570,0.0111 
2014-12-12,-3.2221,3.4783,0.0160 
2014-12-13,-3.4996,5.3546,0.0643 
2014-12-14,2.9714,8.5732,0.1154 
2014-12-15,5.0880,8.0531,0.1122 
2014-12-16,4.7724,7.6368,5.6424 
2014-12-17,-1.3856,7.1906,1.3164 
2014-12-18,-3.9861,0.2841,0.0381 
2014-12-19,-4.8359,-0.6765,0.0183 
2014-12-20,-4.3757,-1.4169,0.0015 
2014-12-21,-2.8883,-0.3513,0.0017 
2014-12-22,-0.8559,3.0468,0.0014 
2014-12-23,2.8286,8.5632,0.6989 
2014-12-24,6.9044,10.9300,9.2325 
2014-12-25,2.2208,8.5295,5.9055 
2014-12-26,1.1284,5.3299,0.0402 
2014-12-27,3.2340,8.4257,0.1000 
2014-12-28,-0.8039,7.7130,1.3109 
2014-12-29,-4.7851,-0.1447,0.0015 
2014-12-30,-8.1838,-3.4731,7.7832e-04 
2014-12-31,-10.7956,-6.8019,0.0546 
2015-01-01,-8.0957,-7.2027,0.0227 
