Meteorological forcing data for the Large Basin Runoff Model.      
eri, 09,   <- lake basin, subbasin            
yyyy-mm-dd, Tmin(C), Tmax(C), Prec(mm)                             
2010-01-01,-8.4093,-5.3149,0.1286 
2010-01-02,-12.4896,-6.3346,0.2375 
2010-01-03,-16.8499,-8.0252,0.4513 
2010-01-04,-7.8873,-6.8900,1.7759 
2010-01-05,-8.5591,-5.7084,0.8470 
2010-01-06,-5.8781,-3.4528,1.0527 
2010-01-07,-7.3567,-3.6005,4.2015 
2010-01-08,-8.8450,-4.8163,3.5224 
2010-01-09,-11.2654,-5.4635,0.4821 
2010-01-10,-13.5845,-6.9958,0.4934 
2010-01-11,-10.3548,-6.3727,2.0891 
2010-01-12,-6.9709,-4.4981,0.7136 
2010-01-13,-9.8125,-3.5489,0.0152 
2010-01-14,-4.7380,0.4639,0.0060 
2010-01-15,-0.1721,2.0463,0.0631 
2010-01-16,-0.5234,1.8603,0.0160 
2010-01-17,-1.5795,1.7052,0.2022 
2010-01-18,-5.3089,0.1348,0.1399 
2010-01-19,-3.3141,-0.7674,0.0950 
2010-01-20,-3.6383,-1.4973,0.0322 
2010-01-21,-7.0495,3.5058,0.0034 
2010-01-22,0.2759,2.5558,1.3573 
2010-01-23,-1.2121,5.7321,0.0166 
2010-01-24,3.3933,9.6464,10.5222 
2010-01-25,-0.1153,9.0308,5.2064 
2010-01-26,-5.8401,0.3778,2.6349 
2010-01-27,-10.0177,-3.7034,0.1573 
2010-01-28,-10.0251,-1.7770,1.0205 
2010-01-29,-15.0073,-9.6035,0.0568 
2010-01-30,-11.9363,-7.9090,0.0077 
2010-01-31,-11.8953,-4.8006,2.9619e-04 
2010-02-01,-9.3655,-3.7239,0.0013 
2010-02-02,-5.6949,0.1719,0.3385 
2010-02-03,-2.7678,-0.3094,1.1381 
2010-02-04,-4.8441,1.6980,0.0635 
2010-02-05,-2.6682,1.3883,0.7820 
2010-02-06,-6.4119,-0.5457,5.1192 
2010-02-07,-7.9022,-5.0691,0.2119 
2010-02-08,-7.5369,-5.2047,0.0624 
2010-02-09,-6.5417,-0.7208,11.0408 
2010-02-10,-8.9705,-0.3656,5.6729 
2010-02-11,-7.0167,-4.2706,0.5163 
2010-02-12,-7.7465,-4.9071,0.4764 
2010-02-13,-8.3999,-4.9385,0.4355 
2010-02-14,-7.0308,-4.0493,0.7326 
2010-02-15,-9.9376,-4.2191,0.4836 
2010-02-16,-6.8738,-3.0036,2.8433 
2010-02-17,-5.8428,-1.2661,0.4920 
2010-02-18,-2.6889,-1.0659,0.2201 
2010-02-19,-7.6626,-1.6562,4.1006e-07 
2010-02-20,-5.0151,-0.5678,3.6271e-05 
2010-02-21,-1.8715,1.8896,0.0243 
2010-02-22,0.1823,2.5997,7.1463 
2010-02-23,-2.9963,-0.2804,0.5842 
2010-02-24,-3.3784,-0.8264,1.4991 
2010-02-25,-5.7761,-2.0722,4.7650 
2010-02-26,-6.6160,-4.3470,4.7501 
2010-02-27,-4.3219,-0.3558,5.5041 
2010-02-28,-1.7939,-0.1754,0.7121 
2010-03-01,-2.0850,-0.1735,0.1532 
2010-03-02,-5.4270,-0.8551,0.2009 
2010-03-03,-5.7488,-0.6257,0.1589 
2010-03-04,-4.9433,-0.5550,0.0023 
2010-03-05,-5.7900,-0.6255,0.0492 
2010-03-06,-4.2826,-0.3792,0.0177 
2010-03-07,-0.9654,1.7112,0.0029 
2010-03-08,1.1697,3.8097,0.0115 
2010-03-09,2.8896,10.9134,1.3501e-05 
2010-03-10,4.5069,14.5853,0.8579 
2010-03-11,8.4736,16.7281,0.0528 
2010-03-12,10.3912,17.1404,0.8885 
2010-03-13,4.5574,14.2742,8.1353 
2010-03-14,2.4866,5.7885,7.1804 
2010-03-15,1.8607,6.2809,0.6992 
2010-03-16,0.7896,10.2565,0.0313 
2010-03-17,5.5921,11.9396,2.2502e-04 
2010-03-18,6.5791,15.5023,9.7117e-05 
2010-03-19,5.3601,16.8018,1.9423e-05 
2010-03-20,5.6120,16.0189,0.0019 
2010-03-21,-0.5740,7.4347,0.0882 
2010-03-22,2.8133,7.0831,10.8195 
2010-03-23,1.9362,9.4357,2.6592 
2010-03-24,2.4390,10.8182,0.0058 
2010-03-25,-0.4493,10.2722,13.7564 
2010-03-26,-3.6911,-1.0614,2.2344 
2010-03-27,-6.4892,10.8518,0.0013 
2010-03-28,5.8064,11.0472,10.5182 
2010-03-29,2.2564,11.1006,3.9876 
2010-03-30,-0.2510,8.8686,0.0210 
2010-03-31,6.4558,19.2081,6.2648e-05 
2010-04-01,12.4383,24.8053,7.3397e-05 
2010-04-02,14.3034,27.1731,0.0000 
2010-04-03,13.8525,25.8580,0.0719 
2010-04-04,9.8171,20.8372,0.0062 
2010-04-05,14.1725,22.9467,0.6937 
2010-04-06,15.4990,25.7768,0.2733 
2010-04-07,19.7348,25.2556,0.2264 
2010-04-08,6.6567,22.0641,16.0934 
2010-04-09,-1.5662,6.1106,0.0917 
2010-04-10,2.2307,17.1636,0.0056 
2010-04-11,8.8815,16.8485,0.0373 
2010-04-12,5.7974,14.4111,0.0142 
2010-04-13,6.2081,11.9741,4.5025 
2010-04-14,5.7773,20.6137,0.0000 
2010-04-15,13.8581,26.7464,0.0000 
2010-04-16,17.9118,25.6837,0.1554 
2010-04-17,3.1835,16.4872,0.1620 
2010-04-18,2.0385,9.4465,0.1040 
2010-04-19,5.1271,12.4532,1.5846e-04 
2010-04-20,6.9859,13.7217,0.0000 
2010-04-21,9.4613,17.7981,0.0000 
2010-04-22,4.2827,17.7719,0.0113 
2010-04-23,6.6033,16.3510,0.0303 
2010-04-24,9.6792,22.4562,6.4456 
2010-04-25,14.2726,20.3340,16.3670 
2010-04-26,7.0060,13.9024,19.3532 
2010-04-27,2.6781,10.3798,0.0245 
2010-04-28,2.9045,11.9726,0.0022 
2010-04-29,6.9888,18.2425,6.9732e-04 
2010-04-30,13.8089,25.8720,2.7302e-04 
2010-05-01,18.7183,26.0354,0.5397 
2010-05-02,18.3274,23.7771,3.3882 
2010-05-03,16.6171,21.2568,1.2837 
2010-05-04,12.4771,21.1789,3.2496 
2010-05-05,15.3595,26.3083,0.2441 
2010-05-06,10.5938,18.0995,4.2027 
2010-05-07,10.0914,26.7376,0.8215 
2010-05-08,6.9800,21.1909,7.7697 
2010-05-09,1.5967,9.5674,0.9232 
2010-05-10,5.5688,11.6082,0.0566 
2010-05-11,6.8671,15.2842,22.6257 
2010-05-12,8.6843,16.8907,3.1766 
2010-05-13,6.2773,24.8060,1.2914 
2010-05-14,16.2999,24.8252,11.7002 
2010-05-15,11.5414,17.5849,0.0887 
2010-05-16,9.8719,16.5196,0.0521 
2010-05-17,12.2655,14.1969,10.7923 
2010-05-18,11.6477,17.3230,6.4388 
2010-05-19,8.0426,16.1794,0.1659 
2010-05-20,14.4996,23.7051,0.0411 
2010-05-21,15.2029,23.8530,0.5102 
2010-05-22,16.3463,22.7877,0.2831 
2010-05-23,17.3718,26.2747,0.0795 
2010-05-24,18.1669,26.4050,0.0011 
2010-05-25,17.7719,27.1236,0.0019 
2010-05-26,22.0238,27.0550,4.8738e-04 
2010-05-27,21.9966,27.8191,0.2949 
2010-05-28,18.8082,25.7537,0.6691 
2010-05-29,17.7825,24.4933,0.0221 
2010-05-30,19.0810,28.4222,0.0000 
2010-05-31,22.3221,28.6556,8.2588 
2010-06-01,18.7512,23.8271,23.7166 
2010-06-02,19.4892,27.4704,1.0393 
2010-06-03,19.3049,26.2540,0.0802 
2010-06-04,16.8221,27.8411,7.6592 
2010-06-05,18.4069,27.8905,27.1930 
2010-06-06,16.4915,23.4962,11.8291 
2010-06-07,11.7571,17.9092,1.3068 
2010-06-08,13.4328,21.2050,0.1731 
2010-06-09,14.2550,24.5554,16.1659 
2010-06-10,15.8316,23.8934,0.3382 
2010-06-11,17.9992,27.5373,1.8951 
2010-06-12,23.0260,28.4016,6.6009 
2010-06-13,21.4416,28.3060,16.9865 
2010-06-14,20.7630,25.2653,2.5671 
2010-06-15,18.7014,24.4405,1.7209 
2010-06-16,21.3990,24.8373,0.4690 
2010-06-17,16.1464,24.3324,0.0061 
2010-06-18,17.1720,27.7258,1.6010e-04 
2010-06-19,22.9680,29.7585,0.0213 
2010-06-20,19.8302,27.2240,0.0085 
2010-06-21,20.7569,27.2135,0.0606 
2010-06-22,19.4820,28.9805,9.6864 
2010-06-23,24.0554,31.0893,12.6397 
2010-06-24,21.3176,30.3214,8.8218 
2010-06-25,18.1142,24.4681,0.0040 
2010-06-26,22.0886,28.9409,0.2196 
2010-06-27,22.4528,30.4051,2.8752 
2010-06-28,20.1386,28.4958,18.6229 
2010-06-29,16.0725,24.4116,0.3246 
2010-06-30,15.2540,19.3190,2.5327e-05 
2010-07-01,15.7122,19.4895,4.0823e-04 
2010-07-02,16.0304,23.0111,0.0164 
2010-07-03,18.4643,26.8162,0.0398 
2010-07-04,22.4422,31.1303,4.4940e-05 
2010-07-05,24.4168,31.0536,3.2126e-04 
2010-07-06,25.7682,32.3409,3.1690e-04 
2010-07-07,27.4087,32.7805,9.0976e-06 
2010-07-08,27.2972,32.4471,1.8356 
2010-07-09,20.1703,30.2057,19.9930 
2010-07-10,21.1204,26.6632,0.2158 
2010-07-11,23.1415,28.1000,0.4500 
2010-07-12,18.1142,26.2945,1.5133 
2010-07-13,20.2184,26.7562,0.4798 
2010-07-14,21.4927,27.3416,0.0740 
2010-07-15,22.4984,30.2325,0.0013 
2010-07-16,20.4911,29.5968,0.5211 
2010-07-17,23.6089,31.5979,0.1107 
2010-07-18,21.8867,30.6594,0.7760 
2010-07-19,21.6676,27.7438,3.4460 
2010-07-20,19.1151,27.8489,0.1066 
2010-07-21,21.8940,28.7104,1.2753 
2010-07-22,22.2525,30.1388,1.2209 
2010-07-23,24.4521,32.6253,6.7882 
2010-07-24,26.8154,32.3647,8.1482 
2010-07-25,22.0811,31.0494,10.3890 
2010-07-26,20.1540,25.9568,0.6776 
2010-07-27,21.6088,28.8022,0.0198 
2010-07-28,21.7943,31.1337,0.0701 
2010-07-29,20.3886,24.7881,3.6552 
2010-07-30,19.5208,24.8828,1.8306e-06 
2010-07-31,20.8315,26.1502,0.0633 
2010-08-01,19.2894,26.8512,0.0069 
2010-08-02,20.9968,29.0857,0.0486 
2010-08-03,25.0574,30.0043,1.6289 
2010-08-04,22.3392,30.8874,2.4903 
2010-08-05,22.3370,30.4830,14.0045 
2010-08-06,18.4967,25.7987,0.1162 
2010-08-07,19.5243,25.1312,6.7346e-04 
2010-08-08,21.0519,28.0243,0.0157 
2010-08-09,23.0313,30.5823,0.0065 
2010-08-10,25.5402,29.7934,0.1816 
2010-08-11,24.1963,30.8296,1.9596 
2010-08-12,21.8186,29.1172,2.0838 
2010-08-13,21.9115,30.2641,0.3254 
2010-08-14,23.7229,32.3673,4.8603 
2010-08-15,21.6434,31.4975,5.3015 
2010-08-16,18.8950,29.1208,1.2456 
2010-08-17,20.5477,25.8195,0.0266 
2010-08-18,20.6570,25.1805,0.0134 
2010-08-19,21.0166,28.2085,0.0262 
2010-08-20,22.0551,29.7650,0.0502 
2010-08-21,20.9864,29.4452,13.4675 
2010-08-22,20.3831,22.7023,6.2514 
2010-08-23,19.3420,22.0042,1.1922 
2010-08-24,16.6904,23.3787,0.4180 
2010-08-25,18.7128,23.1024,0.2057 
2010-08-26,16.9120,22.8012,0.1218 
2010-08-27,15.7909,23.0491,0.0012 
2010-08-28,18.6178,25.9134,0.1256 
2010-08-29,21.2823,30.1430,0.0530 
2010-08-30,25.9972,30.8225,0.0023 
2010-08-31,25.5630,30.5070,0.0277 
2010-09-01,22.3361,30.3042,0.0176 
2010-09-02,23.9835,30.0923,0.0217 
2010-09-03,17.9369,28.3258,2.2431 
2010-09-04,14.3167,20.3202,0.5253 
2010-09-05,10.7445,19.7133,0.0012 
2010-09-06,14.0501,26.0000,0.0543 
2010-09-07,19.5548,29.8344,0.2032 
2010-09-08,15.0417,22.8401,0.2559 
2010-09-09,11.8190,19.1079,6.0197e-05 
2010-09-10,13.2415,19.1145,0.0092 
2010-09-11,11.5442,22.2177,6.2366 
2010-09-12,12.5592,21.7639,0.9344 
2010-09-13,16.3264,25.8795,0.9895 
2010-09-14,14.7314,24.0978,0.0021 
2010-09-15,13.9464,23.0434,0.0093 
2010-09-16,18.0160,23.7068,14.7894 
2010-09-17,12.7750,21.3849,9.1800 
2010-09-18,14.2068,25.5081,0.2588 
2010-09-19,15.6109,25.1965,0.7965 
2010-09-20,12.9068,20.1268,0.0258 
2010-09-21,15.5630,29.0304,0.0017 
2010-09-22,20.4786,27.8418,0.8845 
2010-09-23,18.8901,29.9432,0.6466 
2010-09-24,24.3067,28.7141,0.0126 
2010-09-25,13.9054,25.1260,0.0010 
2010-09-26,10.4265,15.4686,0.0913 
2010-09-27,11.2897,16.9176,5.5744 
2010-09-28,12.7938,14.5524,24.2930 
2010-09-29,10.7342,18.5533,0.2198 
2010-09-30,14.8134,18.2485,0.0014 
2010-10-01,10.4209,17.0479,0.0499 
2010-10-02,8.5775,13.3055,8.5830 
2010-10-03,8.8849,10.5632,20.0206 
2010-10-04,7.4216,11.0380,12.5393 
2010-10-05,8.9014,12.0136,4.8366 
2010-10-06,9.7240,16.6847,1.9821 
2010-10-07,9.9671,17.9720,0.0199 
2010-10-08,11.0030,20.9844,3.3439e-05 
2010-10-09,15.0293,20.3940,0.0000 
2010-10-10,14.5134,26.4111,0.0024 
2010-10-11,19.3837,24.7537,0.0404 
2010-10-12,11.5961,22.9699,7.3592e-04 
2010-10-13,8.3523,17.8985,0.0187 
2010-10-14,9.6855,17.2388,11.4963 
2010-10-15,9.3215,13.0484,0.4109 
2010-10-16,7.9205,14.9813,0.0097 
2010-10-17,9.5925,14.7345,0.0000 
2010-10-18,7.9437,13.3221,0.4442 
2010-10-19,6.6551,12.1214,0.1445 
2010-10-20,6.4857,16.4165,0.0618 
2010-10-21,6.4503,15.6858,0.3753 
2010-10-22,3.1319,12.3587,0.0358 
2010-10-23,8.3324,18.9649,0.0845 
2010-10-24,15.6993,23.1420,0.0549 
2010-10-25,16.1320,20.9360,0.9410 
2010-10-26,11.8540,22.7575,11.1981 
2010-10-27,8.7216,16.5488,0.3537 
2010-10-28,5.0227,15.3162,0.0236 
2010-10-29,4.5508,8.1021,0.4778 
2010-10-30,3.1467,11.6005,0.0133 
2010-10-31,4.2028,10.8812,0.0431 
2010-11-01,2.4605,6.6560,0.0301 
2010-11-02,0.7414,7.4195,1.7964e-04 
2010-11-03,2.2994,10.1715,0.0030 
2010-11-04,4.7930,8.1846,1.0581 
2010-11-05,2.6103,6.3770,7.8837 
2010-11-06,-0.6471,3.7112,0.5791 
2010-11-07,-2.0736,8.2111,4.2430e-05 
2010-11-08,1.1042,11.7294,0.0032 
2010-11-09,6.6316,13.9764,3.8258e-05 
2010-11-10,6.0405,13.7789,7.2872e-04 
2010-11-11,6.2682,15.7993,0.0156 
2010-11-12,8.7408,15.9930,0.0239 
2010-11-13,11.6274,19.1782,0.0314 
2010-11-14,6.0288,15.9400,0.5880 
2010-11-15,1.3418,10.0489,0.0018 
2010-11-16,3.2461,9.5210,8.1017 
2010-11-17,5.1778,11.0823,8.6931 
2010-11-18,1.3344,6.3317,0.3852 
2010-11-19,0.2557,7.2693,0.0169 
2010-11-20,1.7653,6.6062,2.3311e-05 
2010-11-21,1.9576,14.9548,0.0118 
2010-11-22,14.0438,17.7072,7.0801 
2010-11-23,1.5093,18.4770,5.5709 
2010-11-24,-2.2447,3.8169,0.0253 
2010-11-25,2.5235,15.7141,26.3316 
2010-11-26,-7.5412,13.8326,14.6972 
2010-11-27,-4.2283,-0.3426,0.0307 
2010-11-28,-5.5695,2.9656,0.0115 
2010-11-29,-1.7926,7.5170,0.0373 
2010-11-30,4.9903,13.8599,32.1915 
2010-12-01,-4.9424,8.7912,9.4187 
2010-12-02,-5.6130,-1.7443,0.1413 
2010-12-03,-5.9790,-1.8813,0.2048 
2010-12-04,-3.9406,-1.0826,0.3334 
2010-12-05,-5.5214,-1.5021,0.6140 
2010-12-06,-6.4496,-2.6306,0.4884 
2010-12-07,-6.6965,-4.5094,0.3902 
2010-12-08,-9.7400,-3.8673,0.4986 
2010-12-09,-8.4768,-2.9982,0.3466 
2010-12-10,-4.9992,2.1044,1.8100 
2010-12-11,-1.4128,4.5721,0.0395 
2010-12-12,-4.7771,2.8603,14.2182 
2010-12-13,-10.6253,-1.8554,5.5009 
2010-12-14,-11.4001,-8.5455,0.2985 
2010-12-15,-13.8207,-8.7689,0.1909 
2010-12-16,-13.3310,-6.8199,0.0641 
2010-12-17,-8.5215,-4.6562,0.2086 
2010-12-18,-13.2225,-7.3988,0.0403 
2010-12-19,-13.5869,-7.5587,0.1537 
2010-12-20,-10.2154,-5.3482,0.1695 
2010-12-21,-7.7947,-1.8671,0.0218 
2010-12-22,-4.6106,-1.9101,0.4229 
2010-12-23,-4.6268,-1.8549,0.0970 
2010-12-24,-6.0959,-2.8423,0.0755 
2010-12-25,-4.5862,-3.3832,0.4897 
2010-12-26,-6.2201,-4.4531,0.6951 
2010-12-27,-8.0016,-4.5272,0.7324 
2010-12-28,-10.8784,-5.6290,0.0134 
2010-12-29,-7.1695,-0.6937,6.9624e-04 
2010-12-30,-1.5358,4.3810,0.9333 
2010-12-31,3.6839,11.8676,0.4843 
2011-01-01,0.9770,11.8125,5.9968 
2011-01-02,-10.5739,-0.0243,0.0686 
2011-01-03,-9.0938,-0.2829,0.0252 
2011-01-04,-3.1138,0.2977,0.0209 
2011-01-05,-8.1482,-3.2057,0.1888 
2011-01-06,-6.5988,-1.8710,1.3496 
2011-01-07,-8.1552,-3.0108,0.6507 
2011-01-08,-11.0170,-7.7646,0.9052 
2011-01-09,-14.6036,-8.2091,0.2422 
2011-01-10,-8.2306,-4.9701,0.2411 
2011-01-11,-6.9660,-3.6904,4.9800 
2011-01-12,-6.5470,-4.5383,4.3624 
2011-01-13,-11.4831,-6.8210,0.4501 
2011-01-14,-11.1444,-5.2283,0.7836 
2011-01-15,-6.0075,-1.7329,0.5748 
2011-01-16,-13.2966,-4.2358,0.0640 
2011-01-17,-14.2494,-0.8859,0.0012 
2011-01-18,-0.9071,2.3354,2.5062 
2011-01-19,-5.6870,0.7135,1.4444 
2011-01-20,-9.1822,-5.2885,3.1148 
2011-01-21,-12.7466,-6.0280,2.1390 
2011-01-22,-18.8022,-11.3568,0.1456 
2011-01-23,-16.0742,-10.3117,0.2295 
2011-01-24,-15.8692,-2.4065,0.9558 
2011-01-25,-4.5746,0.1624,0.1823 
2011-01-26,-7.7718,-3.3297,0.0096 
2011-01-27,-6.8017,-3.6040,0.8961 
2011-01-28,-6.2982,-3.2748,2.5308 
2011-01-29,-7.7063,-0.7053,1.3412 
2011-01-30,-6.4399,-3.5361,0.3438 
2011-01-31,-13.3202,-6.5713,0.0574 
2011-02-01,-8.4759,-5.4764,14.4941 
2011-02-02,-6.4820,6.6604,10.8921 
2011-02-03,-13.0639,-6.8099,0.2916 
2011-02-04,-12.8170,-5.8313,0.0050 
2011-02-05,-6.6935,-2.0122,8.6763 
2011-02-06,-8.1008,-0.6326,1.0558 
2011-02-07,-1.5020,0.1308,1.8818 
2011-02-08,-11.9436,-1.9383,1.8628 
2011-02-09,-15.1436,-10.7587,0.0194 
2011-02-10,-18.2251,-12.4379,0.0031 
2011-02-11,-14.7641,-5.3146,0.0367 
2011-02-12,-4.9954,-2.4782,1.1036 
2011-02-13,-3.4921,3.7156,0.0969 
2011-02-14,-0.4059,4.4326,0.0734 
2011-02-15,-6.9016,1.6539,0.0079 
2011-02-16,-0.7145,5.1223,0.0156 
2011-02-17,5.4742,14.0080,0.0151 
2011-02-18,5.4906,14.0674,0.0264 
2011-02-19,-4.3011,4.4264,2.5075e-04 
2011-02-20,-7.2768,1.7910,5.5476 
2011-02-21,-5.2274,2.0252,17.1161 
2011-02-22,-8.5394,-4.9371,2.2888 
2011-02-23,-8.5563,-1.3281,0.0209 
2011-02-24,-2.2108,2.1535,2.2953 
2011-02-25,-3.2035,-1.1729,15.2154 
2011-02-26,-6.6688,0.0418,0.2755 
2011-02-27,-2.2310,4.9919,0.1949 
2011-02-28,-1.0264,8.5465,32.1515 
2011-03-01,-5.4234,4.6414,0.0155 
2011-03-02,-3.8589,3.6019,5.7363e-05 
2011-03-03,-10.1101,3.3340,2.4135e-06 
2011-03-04,2.1001,8.5135,4.5364 
2011-03-05,2.4628,10.9350,25.8472 
2011-03-06,-4.1778,0.9620,6.8887 
2011-03-07,-8.2576,-1.1852,0.0353 
2011-03-08,-4.3771,7.9731,0.0011 
2011-03-09,2.5045,9.7668,18.0594 
2011-03-10,2.8686,10.4627,4.7899 
2011-03-11,-1.3941,1.8728,8.6225 
2011-03-12,-1.2806,6.1079,0.0517 
2011-03-13,-1.8472,3.5036,0.0497 
2011-03-14,-4.4944,3.9801,0.0517 
2011-03-15,-1.6304,7.6097,3.4837 
2011-03-16,3.0449,9.2019,1.2596 
2011-03-17,5.4810,16.9546,0.0024 
2011-03-18,10.3357,17.4601,0.0046 
2011-03-19,1.8820,11.9402,0.0011 
2011-03-20,-1.2558,14.5762,0.7997 
2011-03-21,12.6886,16.3319,13.8000 
2011-03-22,0.9100,13.1789,0.5240 
2011-03-23,1.4075,8.8238,3.5837 
2011-03-24,-2.5320,0.0077,0.7074 
2011-03-25,-6.3685,-1.9416,0.1873 
2011-03-26,-8.3505,-2.8582,0.0281 
2011-03-27,-6.0004,-2.0476,0.0411 
2011-03-28,-6.3353,-0.8372,0.0040 
2011-03-29,-3.8382,2.0727,1.2965e-04 
2011-03-30,-2.6278,1.0974,2.2054 
2011-03-31,-3.2965,1.2451,0.4363 
2011-04-01,0.8019,6.6783,0.0370 
2011-04-02,1.3106,6.4457,2.2240 
2011-04-03,1.3298,8.7410,0.6369 
2011-04-04,8.0626,20.4612,24.5285 
2011-04-05,-0.2378,8.8216,1.9759 
2011-04-06,0.7747,10.3072,0.4600 
2011-04-07,0.2945,9.0481,0.1581 
2011-04-08,4.9048,8.4512,10.3170 
2011-04-09,3.4052,16.5652,0.0619 
2011-04-10,10.9834,24.3869,0.1262 
2011-04-11,11.9781,24.1310,3.2858 
2011-04-12,4.0642,11.2324,0.5496 
2011-04-13,2.8202,12.9369,0.0013 
2011-04-14,9.0424,13.5534,8.4878e-04 
2011-04-15,4.4687,20.9805,0.0177 
2011-04-16,9.7952,20.3752,11.6894 
2011-04-17,2.2556,10.5712,1.4765 
2011-04-18,2.6641,9.8099,2.2965 
2011-04-19,1.9588,11.7100,16.7829 
2011-04-20,7.7241,20.0204,16.3637 
2011-04-21,-1.2572,6.7290,0.0734 
2011-04-22,2.6745,13.2584,5.0481 
2011-04-23,13.8732,20.7464,7.3641 
2011-04-24,9.0111,15.6843,4.3197 
2011-04-25,11.2880,16.1118,36.8670 
2011-04-26,12.7525,21.1228,6.2453 
2011-04-27,16.8646,22.7335,4.3621 
2011-04-28,7.9483,17.7238,2.4923 
2011-04-29,3.7734,12.6725,2.0007 
2011-04-30,4.7484,16.3952,0.0443 
2011-05-01,13.9058,18.7017,2.5104 
2011-05-02,6.8472,17.9551,13.4597 
2011-05-03,5.5201,10.3951,20.0648 
2011-05-04,3.6063,9.9368,0.1630 
2011-05-05,6.5192,14.7672,0.0064 
2011-05-06,8.9981,14.3985,3.2121 
2011-05-07,9.8520,16.8984,1.0669 
2011-05-08,11.3912,16.7541,0.0929 
2011-05-09,9.7030,17.0939,6.1245e-04 
2011-05-10,10.9898,22.8780,0.8515 
2011-05-11,16.1927,26.0583,0.5849 
2011-05-12,20.0555,27.6328,5.7772 
2011-05-13,17.2234,23.9042,6.7387 
2011-05-14,15.3358,21.0543,15.6512 
2011-05-15,7.7104,20.7929,16.8326 
2011-05-16,6.2920,7.4259,9.3869 
2011-05-17,6.8350,10.5469,6.6856 
2011-05-18,10.5234,17.8581,7.2365 
2011-05-19,9.1110,17.9689,0.5826 
2011-05-20,11.9125,20.2598,0.0286 
2011-05-21,15.7091,24.4671,0.1656 
2011-05-22,18.1329,27.9169,0.9279 
2011-05-23,17.9283,27.2041,2.7452 
2011-05-24,18.5558,22.1352,1.7522 
2011-05-25,14.0054,25.4602,19.1795 
2011-05-26,16.8466,21.5356,41.1723 
2011-05-27,10.9370,17.2043,19.1212 
2011-05-28,13.2538,21.9265,0.0612 
2011-05-29,18.6096,28.5109,9.1856 
2011-05-30,22.0961,29.6546,0.6912 
2011-05-31,24.5298,31.3836,2.8714e-05 
2011-06-01,23.6847,30.3650,5.7427e-06 
2011-06-02,15.9441,23.8804,5.4321e-05 
2011-06-03,12.1608,22.8521,0.1193 
2011-06-04,18.6924,32.3865,0.3449 
2011-06-05,18.7115,31.7085,0.7770 
2011-06-06,20.9968,28.2265,7.4400e-04 
2011-06-07,20.3583,32.5361,3.7291 
2011-06-08,24.0724,32.3151,0.0019 
2011-06-09,25.1281,31.3730,2.9962 
2011-06-10,15.7934,26.9535,5.4927 
2011-06-11,18.8355,26.1614,2.6429 
2011-06-12,14.4740,22.3069,1.8392 
2011-06-13,14.8727,21.2879,0.0172 
2011-06-14,13.0424,20.6615,0.0025 
2011-06-15,13.4005,23.1347,2.7116e-06 
2011-06-16,16.0786,24.1548,3.1844 
2011-06-17,15.7840,25.0195,0.2508 
2011-06-18,18.3633,25.6160,1.0194 
2011-06-19,18.9693,25.0052,12.8599 
2011-06-20,18.7416,26.7566,3.6576 
2011-06-21,19.7072,29.4606,5.0074 
2011-06-22,20.5526,28.9922,3.1423 
2011-06-23,18.7153,24.6173,3.8194 
2011-06-24,16.7443,22.4646,5.8617 
2011-06-25,13.3181,22.0765,0.8771 
2011-06-26,18.1174,23.5652,0.0029 
2011-06-27,17.4838,24.4151,0.0016 
2011-06-28,21.1676,23.9415,0.0021 
2011-06-29,15.2923,23.0512,4.7721e-04 
2011-06-30,19.4980,26.7576,0.0011 
2011-07-01,21.8108,29.4775,0.0022 
2011-07-02,20.8673,32.3255,3.9761 
2011-07-03,20.9272,26.6439,6.3528 
2011-07-04,22.5241,26.5917,0.0540 
2011-07-05,21.5682,28.8484,4.4015e-04 
2011-07-06,23.8026,30.5763,0.2295 
2011-07-07,20.0557,29.0316,0.5070 
2011-07-08,21.2978,26.1944,0.1898 
2011-07-09,21.0601,28.5711,0.0181 
2011-07-10,23.5040,32.0661,1.1143e-04 
2011-07-11,24.5462,33.4403,7.5956 
2011-07-12,21.1803,29.9197,2.4916 
2011-07-13,19.3458,28.2358,0.1326 
2011-07-14,18.3531,25.0825,0.0552 
2011-07-15,20.8197,28.0079,0.0652 
2011-07-16,21.7962,28.5551,0.0050 
2011-07-17,21.8321,30.0671,0.0067 
2011-07-18,22.7176,33.0309,1.5652 
2011-07-19,22.2857,32.8902,9.9938 
2011-07-20,23.2574,32.5619,0.1044 
2011-07-21,26.8311,34.1428,0.0122 
2011-07-22,25.9516,33.8083,8.4298 
2011-07-23,25.3787,32.9498,19.7737 
2011-07-24,20.6842,29.6068,29.5025 
2011-07-25,24.1395,29.6535,0.3648 
2011-07-26,23.0005,27.3470,0.1540 
2011-07-27,19.7673,27.4336,0.0489 
2011-07-28,24.8687,32.2084,3.8696 
2011-07-29,25.4339,29.4342,9.0203 
2011-07-30,23.7302,27.8421,0.2526 
2011-07-31,24.7406,30.2705,0.0173 
2011-08-01,23.6323,30.1179,2.3360 
2011-08-02,23.8632,28.8356,0.2843 
2011-08-03,21.0779,29.0079,6.6035 
2011-08-04,20.5626,25.7297,0.3042 
2011-08-05,21.3649,26.5164,0.0616 
2011-08-06,23.4821,28.9880,1.2247 
2011-08-07,21.4099,27.7875,10.3589 
2011-08-08,20.0993,26.7230,0.4644 
2011-08-09,17.9222,25.8348,8.2666 
2011-08-10,17.3082,23.3128,11.3483 
2011-08-11,16.8183,22.7977,0.0017 
2011-08-12,19.3075,24.9833,0.0000 
2011-08-13,20.9925,27.6538,0.0107 
2011-08-14,17.3276,27.6378,17.4084 
2011-08-15,18.8079,22.7675,9.7548 
2011-08-16,18.6418,24.4641,0.2700 
2011-08-17,21.4703,26.0038,0.0496 
2011-08-18,22.5334,27.1960,0.3608 
2011-08-19,20.5301,26.5346,0.5542 
2011-08-20,21.5997,28.0154,0.5998 
2011-08-21,17.8999,26.8581,2.5877 
2011-08-22,15.5382,21.2614,0.3636 
2011-08-23,18.8506,24.7990,0.1111 
2011-08-24,18.5827,29.1279,16.5153 
2011-08-25,19.7383,28.7543,9.3647 
2011-08-26,17.7540,22.5505,0.0076 
2011-08-27,17.1700,22.4979,0.2357 
2011-08-28,17.7544,21.6687,0.1707 
2011-08-29,16.7458,21.4395,0.0058 
2011-08-30,17.9546,23.4131,0.0170 
2011-08-31,20.1254,27.5455,0.0301 
2011-09-01,20.6731,27.5403,2.8391 
2011-09-02,22.9188,30.7712,0.0248 
2011-09-03,26.5667,31.4146,0.0436 
2011-09-04,19.1243,30.6670,11.2557 
2011-09-05,15.8210,19.3485,2.1558 
2011-09-06,14.0546,16.4075,0.3620 
2011-09-07,13.7891,17.6672,6.8115 
2011-09-08,16.7573,20.6169,11.8762 
2011-09-09,16.8295,21.6001,6.5357 
2011-09-10,16.7284,21.3400,2.0835 
2011-09-11,17.1488,22.4982,4.9303 
2011-09-12,16.9546,25.2643,0.3863 
2011-09-13,19.4539,27.2499,0.0273 
2011-09-14,15.3764,23.5839,0.0475 
2011-09-15,10.9306,17.4264,6.3926 
2011-09-16,10.3052,13.3409,0.0028 
2011-09-17,11.0701,17.4189,0.0076 
2011-09-18,8.9112,19.9152,0.1710 
2011-09-19,14.7739,20.6083,4.0859 
2011-09-20,14.9939,20.3597,8.5901 
2011-09-21,16.8799,19.2788,16.3890 
2011-09-22,16.2481,21.2457,0.6550 
2011-09-23,12.4967,20.3875,17.0745 
2011-09-24,9.5965,18.3254,0.6105 
2011-09-25,14.6130,22.0790,0.3066 
2011-09-26,16.8795,21.5933,11.1989 
2011-09-27,11.7590,18.7849,0.8044 
2011-09-28,12.3432,17.3849,1.0575 
2011-09-29,10.2575,16.6536,5.6359 
2011-09-30,8.4965,15.6434,12.1565 
2011-10-01,7.0895,10.2370,12.8945 
2011-10-02,6.3064,10.5085,0.6575 
2011-10-03,7.2877,12.3568,7.6929 
2011-10-04,10.5989,16.5809,0.5637 
2011-10-05,13.8197,19.9676,0.0162 
2011-10-06,13.2629,21.4005,0.0042 
2011-10-07,15.5626,23.0950,0.0490 
2011-10-08,14.8922,22.9523,0.0267 
2011-10-09,15.6564,23.6035,9.0154e-04 
2011-10-10,19.3407,22.8864,0.0368 
2011-10-11,16.1516,22.6684,0.0948 
2011-10-12,13.3774,20.8049,8.3707 
2011-10-13,10.9616,19.1253,0.3907 
2011-10-14,11.6181,16.8076,1.2777 
2011-10-15,9.1953,12.0116,0.6629 
2011-10-16,10.2220,15.6617,1.4275 
2011-10-17,6.6419,13.2313,0.0184 
2011-10-18,8.2363,11.4368,1.0495 
2011-10-19,9.4111,16.6270,32.5681 
2011-10-20,4.5938,14.8893,15.2648 
2011-10-21,4.8616,8.4828,0.9033 
2011-10-22,4.4920,10.2275,0.0078 
2011-10-23,7.5596,14.2645,6.9740e-04 
2011-10-24,9.7571,12.9347,4.3872 
2011-10-25,7.3862,15.6199,0.0268 
2011-10-26,11.2988,16.0604,7.0071 
2011-10-27,3.8206,10.6556,12.4676 
2011-10-28,3.4313,7.5401,0.9482 
2011-10-29,2.3237,7.6960,0.7255 
2011-10-30,3.2577,9.0149,0.0767 
2011-10-31,6.1140,9.7801,0.5827 
2011-11-01,3.6426,12.9365,0.2448 
2011-11-02,7.8517,15.7077,0.0075 
2011-11-03,10.0587,14.1334,0.0000 
2011-11-04,5.9967,10.0956,0.0121 
2011-11-05,-0.4951,11.4990,8.6943e-06 
2011-11-06,4.6352,14.3952,0.0000 
2011-11-07,9.0259,14.8851,0.0296 
2011-11-08,11.1230,18.7695,0.0542 
2011-11-09,12.8430,17.7221,3.1872 
2011-11-10,2.3549,13.4897,0.1786 
2011-11-11,0.7050,4.5244,0.1206 
2011-11-12,2.5990,13.7196,0.0191 
2011-11-13,10.0680,16.3768,0.0385 
2011-11-14,13.6776,18.4046,17.1774 
2011-11-15,9.2299,13.2251,15.1117 
2011-11-16,3.9875,10.3774,0.0104 
2011-11-17,-0.3159,3.4720,0.0193 
2011-11-18,-3.7514,5.4028,0.0019 
2011-11-19,2.8287,10.4056,0.1980 
2011-11-20,8.8863,13.4842,0.2233 
2011-11-21,3.9644,8.2830,4.9550 
2011-11-22,2.5171,9.2163,19.0305 
2011-11-23,3.1394,11.9517,8.9023 
2011-11-24,1.2020,9.1713,0.0013 
2011-11-25,5.0728,11.5726,0.0000 
2011-11-26,7.6339,14.4591,0.0000 
2011-11-27,10.3144,14.2186,12.7109 
2011-11-28,3.2727,9.7315,12.1058 
2011-11-29,5.0996,12.5086,28.9926 
2011-11-30,-1.2388,4.7041,2.4877 
2011-12-01,-3.3092,3.7327,1.2802e-05 
2011-12-02,-2.1122,2.9309,0.1177 
2011-12-03,-1.0892,9.6249,0.0174 
2011-12-04,6.5628,9.7226,3.7350 
2011-12-05,4.0200,10.3485,29.5543 
2011-12-06,1.6791,3.8385,14.9937 
2011-12-07,-1.1612,1.8551,0.5855 
2011-12-08,-5.7623,1.3063,0.0223 
2011-12-09,-0.7392,0.5692,0.8326 
2011-12-10,-8.0664,-0.8983,0.0187 
2011-12-11,-9.0960,0.3671,0.0000 
2011-12-12,-2.9999,3.9872,0.0011 
2011-12-13,1.0341,6.1246,0.2552 
2011-12-14,3.4447,11.3259,5.7175 
2011-12-15,8.0923,14.0831,18.3910 
2011-12-16,-1.9992,6.6007,0.3733 
2011-12-17,-3.6149,-1.0068,3.2566 
2011-12-18,-5.1196,0.7305,0.2395 
2011-12-19,0.8639,7.6352,0.1094 
2011-12-20,0.2522,7.3237,5.3839 
2011-12-21,4.5655,14.4281,19.0223 
2011-12-22,4.7519,7.1194,0.6311 
2011-12-23,-2.2211,4.5853,4.3753 
2011-12-24,-4.1424,1.5794,0.1507 
2011-12-25,-1.5122,4.1451,0.0111 
2011-12-26,-3.2668,4.7489,0.0208 
2011-12-27,0.1189,2.7799,10.3436 
2011-12-28,-5.4475,0.5692,1.1789 
2011-12-29,-6.1660,4.3967,0.3110 
2011-12-30,2.3741,8.2753,5.1627 
2011-12-31,2.3444,9.0596,1.0105 
2012-01-01,1.3488,8.4185,0.3271 
2012-01-02,-4.3003,0.5073,0.8982 
2012-01-03,-8.3786,-3.7537,0.4070 
2012-01-04,-9.3174,0.3915,0.0031 
2012-01-05,-5.2682,1.7966,0.0027 
2012-01-06,1.0061,9.0400,1.8471e-04 
2012-01-07,0.9787,7.3389,6.5604e-04 
2012-01-08,-2.2003,1.9602,0.0330 
2012-01-09,-1.1513,4.6842,0.0000 
2012-01-10,-1.1506,6.3069,3.1653e-04 
2012-01-11,1.5165,7.6960,2.8138 
2012-01-12,3.5414,7.7924,3.8132 
2012-01-13,-8.5433,2.9279,5.2822 
2012-01-14,-9.5859,-6.6615,1.8623 
2012-01-15,-10.3169,-5.8300,0.4497 
2012-01-16,-8.0784,3.9247,0.2735 
2012-01-17,3.5692,13.1479,15.6236 
2012-01-18,-8.0685,1.8133,0.0878 
2012-01-19,-7.4470,-2.2494,3.9537 
2012-01-20,-13.5708,-6.2936,0.2557 
2012-01-21,-6.7777,-4.5462,7.5219 
2012-01-22,-9.5061,4.8914,0.0036 
2012-01-23,4.6265,12.0987,4.7796 
2012-01-24,-3.2151,3.7226,0.0906 
2012-01-25,-4.0882,0.3703,0.0676 
2012-01-26,-1.3249,3.7729,13.0512 
2012-01-27,-0.2001,4.2794,14.5981 
2012-01-28,-1.8191,0.6192,2.0374 
2012-01-29,-4.0010,0.1418,0.3334 
2012-01-30,-7.7964,5.5150,0.0981 
2012-01-31,5.6357,11.0912,0.0045 
2012-02-01,5.4961,10.6073,2.3556 
2012-02-02,-0.0170,4.4675,0.0872 
2012-02-03,1.2303,7.4850,0.0014 
2012-02-04,-0.3027,6.6632,2.2466 
2012-02-05,-1.2814,4.0709,0.0468 
2012-02-06,-1.3258,6.1379,0.0036 
2012-02-07,-3.6984,4.6185,0.0093 
2012-02-08,-3.9764,0.0238,0.7836 
2012-02-09,-6.5851,1.4918,0.0032 
2012-02-10,-6.6740,-0.0301,0.7451 
2012-02-11,-10.1117,-0.4918,2.8200 
2012-02-12,-11.3295,-3.5951,0.5719 
2012-02-13,-10.0449,-2.3202,0.0255 
2012-02-14,-3.1380,0.9786,2.3911 
2012-02-15,-2.4324,4.3614,0.1367 
2012-02-16,3.1101,7.5914,3.4448 
2012-02-17,-1.5714,4.8221,0.0989 
2012-02-18,0.0230,2.9941,0.0485 
2012-02-19,-4.9494,-0.5653,0.0134 
2012-02-20,-5.0402,3.3549,0.0191 
2012-02-21,-0.3928,7.7690,0.5024 
2012-02-22,3.1447,8.3585,0.6067 
2012-02-23,1.4273,6.8912,2.0666 
2012-02-24,0.8245,7.8827,9.5504 
2012-02-25,-3.3895,0.5240,0.8859 
2012-02-26,-5.9668,4.6379,0.0366 
2012-02-27,1.5052,6.5018,0.0000 
2012-02-28,-3.5005,6.8673,0.0024 
2012-02-29,2.2065,17.3695,13.4182 
2012-03-01,1.2572,13.5053,0.8164 
2012-03-02,0.9897,14.7941,11.3279 
2012-03-03,-0.5605,14.0916,1.6306 
2012-03-04,-4.0837,0.3146,1.5028 
2012-03-05,-6.9361,-1.0785,7.6483 
2012-03-06,-6.3564,8.2680,0.0277 
2012-03-07,6.1687,15.9936,0.0000 
2012-03-08,6.4914,15.7863,8.7304 
2012-03-09,-1.8825,4.9925,0.2320 
2012-03-10,-5.6458,7.2758,0.0040 
2012-03-11,2.6311,16.6193,0.0000 
2012-03-12,9.5187,16.0476,8.7973 
2012-03-13,12.6970,16.7080,6.1315 
2012-03-14,11.0630,22.9907,6.6799e-04 
2012-03-15,14.6884,24.3661,7.6495 
2012-03-16,15.1186,22.4366,8.9911 
2012-03-17,14.0074,23.2949,0.1237 
2012-03-18,15.1501,22.5002,7.6763 
2012-03-19,14.8112,22.0432,9.8681 
2012-03-20,17.7108,23.5078,0.2449 
2012-03-21,17.3274,26.4952,0.0014 
2012-03-22,16.1892,26.0178,6.5936e-04 
2012-03-23,19.7464,24.1155,0.3954 
2012-03-24,12.5141,19.6404,5.1919 
2012-03-25,10.3424,16.4705,0.0338 
2012-03-26,0.2897,14.9942,0.0207 
2012-03-27,-2.8474,13.0782,0.0087 
2012-03-28,11.7281,18.0199,0.1807 
2012-03-29,1.9609,14.0296,0.0000 
2012-03-30,-0.8931,15.7701,4.4748 
2012-03-31,1.6618,10.9022,2.2954 
2012-04-01,2.2722,15.1367,0.0644 
2012-04-02,2.1975,11.9358,0.0169 
2012-04-03,3.9669,21.8694,4.6949 
2012-04-04,5.3821,20.9080,0.2237 
2012-04-05,1.8763,7.9121,7.8229e-05 
2012-04-06,1.7483,8.1739,5.6580e-05 
2012-04-07,3.4453,12.2052,7.8562e-06 
2012-04-08,7.7122,12.2896,0.0143 
2012-04-09,6.6392,12.7666,0.3296 
2012-04-10,2.4159,10.4385,0.2606 
2012-04-11,-0.0294,7.7070,1.2092 
2012-04-12,3.3864,11.3227,0.0080 
2012-04-13,7.1208,14.9743,0.0027 
2012-04-14,9.7463,15.8299,4.2129 
2012-04-15,14.6708,23.7040,0.9746 
2012-04-16,18.1555,23.4339,0.0098 
2012-04-17,6.5841,16.5074,1.2896e-05 
2012-04-18,4.6131,15.9046,0.0019 
2012-04-19,11.3607,20.3267,0.0047 
2012-04-20,14.4137,22.1322,0.1117 
2012-04-21,3.0472,17.3567,9.4340 
2012-04-22,3.8783,6.7104,0.4197 
2012-04-23,4.3994,8.4948,0.0730 
2012-04-24,3.7970,13.2022,0.0000 
2012-04-25,7.3844,16.6107,0.0074 
2012-04-26,9.3437,15.7450,3.1236 
2012-04-27,1.7894,9.8213,0.1533 
2012-04-28,2.7778,7.5236,2.6913 
2012-04-29,3.1335,12.4758,0.0188 
2012-04-30,7.1420,24.8538,4.2285 
2012-05-01,12.4561,19.6309,8.4469 
2012-05-02,16.6290,25.8036,2.4140 
2012-05-03,20.1618,29.1041,0.0014 
2012-05-04,19.7334,28.5931,5.2664 
2012-05-05,12.4295,19.7981,0.4809 
2012-05-06,10.8267,19.4493,0.0362 
2012-05-07,15.9077,25.9780,10.4299 
2012-05-08,14.8847,21.3259,17.0376 
2012-05-09,13.2160,19.4456,2.9273 
2012-05-10,8.2890,14.2886,0.9347 
2012-05-11,8.8260,19.9219,4.4644e-06 
2012-05-12,13.3468,21.3970,1.7441e-04 
2012-05-13,13.6253,20.7055,0.0150 
2012-05-14,12.8285,19.6667,0.0017 
2012-05-15,15.9407,24.5094,9.3219e-05 
2012-05-16,15.2760,24.2215,0.0273 
2012-05-17,8.2149,15.5959,1.8539e-04 
2012-05-18,10.8436,22.8925,0.0000 
2012-05-19,19.2352,27.0476,3.3954e-04 
2012-05-20,21.8555,28.5538,4.0844e-06 
2012-05-21,19.5365,28.0136,0.0475 
2012-05-22,13.3851,22.9896,0.0361 
2012-05-23,14.4424,23.6397,4.5823e-04 
2012-05-24,19.8959,26.9474,0.0026 
2012-05-25,21.1062,29.7315,14.3659 
2012-05-26,17.9870,26.3732,4.9190 
2012-05-27,19.4182,31.4176,0.4253 
2012-05-28,24.3280,32.2132,0.1285 
2012-05-29,20.0486,31.5648,0.4658 
2012-05-30,16.7522,25.8694,0.0013 
2012-05-31,12.5802,20.6509,8.0326e-05 
2012-06-01,13.9518,18.5210,15.2461 
2012-06-02,7.9023,19.0996,0.2788 
2012-06-03,13.7931,23.2379,0.0655 
2012-06-04,14.0996,22.4466,9.3831e-04 
2012-06-05,11.2500,17.3298,0.3479 
2012-06-06,13.2421,20.4801,0.0262 
2012-06-07,15.7391,23.0123,0.0862 
2012-06-08,16.8733,26.2956,0.0059 
2012-06-09,19.7847,29.0193,2.4185e-04 
2012-06-10,22.1654,30.1419,3.7888e-05 
2012-06-11,21.6258,29.5115,0.4445 
2012-06-12,19.8234,25.3197,0.4180 
2012-06-13,13.6260,22.8483,7.8168e-04 
2012-06-14,13.7107,25.2254,0.0158 
2012-06-15,17.3309,29.1069,0.0190 
2012-06-16,20.3575,29.0502,0.1184 
2012-06-17,19.2213,27.4697,14.1887 
2012-06-18,19.8847,28.1404,10.9345 
2012-06-19,21.5670,31.4376,2.1212 
2012-06-20,23.5382,31.7659,0.0000 
2012-06-21,24.0731,31.2041,0.0012 
2012-06-22,19.3145,30.0206,2.2304 
2012-06-23,18.6644,24.5564,0.0032 
2012-06-24,20.8057,28.4275,0.0017 
2012-06-25,17.6097,28.2737,0.0020 
2012-06-26,15.8258,22.7889,1.0980e-04 
2012-06-27,19.2494,28.9910,0.0000 
2012-06-28,22.0422,35.0368,0.0094 
2012-06-29,25.1912,32.3039,1.0801 
2012-06-30,19.6586,30.4687,3.2874 
2012-07-01,21.6745,30.2267,6.6475 
2012-07-02,25.1741,30.3491,5.2438 
2012-07-03,24.9665,33.2980,3.1328 
2012-07-04,24.6156,33.6115,0.0838 
2012-07-05,27.3636,33.7711,12.3099 
2012-07-06,27.1514,32.3871,0.0927 
2012-07-07,28.7697,35.1023,2.2791e-04 
2012-07-08,21.3998,32.9807,0.0029 
2012-07-09,19.1364,25.6181,0.0027 
2012-07-10,20.4220,25.1045,0.0522 
2012-07-11,19.5165,26.3102,0.0129 
2012-07-12,20.5794,28.1018,0.3369 
2012-07-13,20.9260,28.2107,0.0905 
2012-07-14,20.6521,27.6376,0.0888 
2012-07-15,21.1949,29.0091,1.5031 
2012-07-16,24.2475,30.5831,0.4864 
2012-07-17,25.5021,34.3573,0.0207 
2012-07-18,25.2570,30.8492,0.4564 
2012-07-19,22.7262,28.2518,11.4546 
2012-07-20,19.3446,24.1422,3.0359 
2012-07-21,18.7419,24.7412,0.0124 
2012-07-22,21.9798,28.9182,2.9145e-04 
2012-07-23,23.5365,31.0699,0.2035 
2012-07-24,20.4809,30.4788,0.6108 
2012-07-25,18.2709,27.4678,0.0333 
2012-07-26,25.6398,29.5484,0.1407 
2012-07-27,20.4173,27.9882,5.8397 
2012-07-28,17.5322,23.8107,15.8915 
2012-07-29,20.3006,24.5969,0.0936 
2012-07-30,21.8217,27.7436,2.0402e-08 
2012-07-31,24.7265,29.4764,0.0165 
2012-08-01,21.3708,25.5134,0.0000 
2012-08-02,21.4392,29.9829,0.0000 
2012-08-03,25.5693,31.2644,1.4101e-07 
2012-08-04,23.0368,30.3249,1.6979 
2012-08-05,21.4500,29.0496,15.3802 
2012-08-06,19.2258,25.8263,0.0034 
2012-08-07,20.1600,27.8327,5.6786e-05 
2012-08-08,23.2755,29.3336,0.6080 
2012-08-09,20.4462,26.3239,2.0158 
2012-08-10,17.0876,21.0566,12.9039 
2012-08-11,14.6192,19.6669,2.0373 
2012-08-12,16.1643,22.6525,0.0494 
2012-08-13,20.1384,25.1327,0.2615 
2012-08-14,16.6422,21.4867,9.5753 
2012-08-15,16.9282,24.5454,0.8900 
2012-08-16,18.5538,27.4086,0.0351 
2012-08-17,18.1680,26.3936,0.6393 
2012-08-18,17.2564,20.6925,0.0030 
2012-08-19,16.7484,21.7837,0.3716 
2012-08-20,18.6660,21.1441,0.7812 
2012-08-21,16.8796,21.8610,1.2241 
2012-08-22,16.7966,24.0573,0.1536 
2012-08-23,20.7932,26.3128,0.0450 
2012-08-24,22.7248,27.9787,1.1737e-05 
2012-08-25,20.4418,28.8668,0.0000 
2012-08-26,19.7969,28.7039,0.0000 
2012-08-27,20.2830,28.2416,20.7252 
2012-08-28,19.0806,23.1699,0.3193 
2012-08-29,17.9813,22.1545,0.0408 
2012-08-30,17.2553,27.9656,0.0475 
2012-08-31,21.3496,31.1466,0.0000 
2012-09-01,21.6079,29.6512,4.9042 
2012-09-02,21.7778,26.6999,10.0370 
2012-09-03,21.4230,27.1643,0.4317 
2012-09-04,21.1563,26.6627,7.1727 
2012-09-05,19.4970,26.7490,1.7087 
2012-09-06,19.9294,26.0814,0.1108 
2012-09-07,21.5209,27.7172,2.2933 
2012-09-08,15.3166,26.7795,39.1512 
2012-09-09,13.5333,18.4353,0.5281 
2012-09-10,14.6550,18.4416,0.0669 
2012-09-11,14.3378,21.4941,0.0120 
2012-09-12,16.0615,24.1436,0.0070 
2012-09-13,19.5003,25.5441,0.0032 
2012-09-14,14.5749,24.4683,3.1859 
2012-09-15,14.3419,18.3318,0.4282 
2012-09-16,14.2562,20.9232,0.0765 
2012-09-17,15.3889,22.8295,0.0177 
2012-09-18,14.5116,21.2768,15.3459 
2012-09-19,7.7434,15.2690,0.3282 
2012-09-20,10.2784,17.5551,0.0080 
2012-09-21,13.0066,18.9915,1.0184 
2012-09-22,10.8098,17.8028,25.2088 
2012-09-23,6.2269,12.2378,0.5842 
2012-09-24,5.4069,13.9341,0.0196 
2012-09-25,9.0668,19.1826,1.9262 
2012-09-26,15.3427,19.3580,17.3153 
2012-09-27,13.4331,18.1730,4.3941 
2012-09-28,11.7766,15.4660,0.2721 
2012-09-29,12.1075,17.2774,0.0527 
2012-09-30,11.7882,16.8894,0.0072 
2012-10-01,10.3221,15.7311,0.0762 
2012-10-02,11.5592,18.6892,14.8406 
2012-10-03,13.6849,18.4899,7.0165 
2012-10-04,13.8353,20.7469,0.0217 
2012-10-05,10.4296,19.3737,2.8133 
2012-10-06,4.3967,9.2890,18.5436 
2012-10-07,3.7878,7.9935,0.8028 
2012-10-08,2.6781,9.1626,0.0598 
2012-10-09,3.3058,13.1188,0.0203 
2012-10-10,6.6482,11.6561,0.8861 
2012-10-11,1.7349,12.3231,5.4812e-04 
2012-10-12,5.5180,10.8683,0.0462 
2012-10-13,2.2180,18.5065,0.2245 
2012-10-14,16.7835,20.8726,3.8127 
2012-10-15,8.6231,18.1394,1.6300 
2012-10-16,4.4471,12.7273,0.2441 
2012-10-17,10.1595,20.5695,0.5911 
2012-10-18,10.8951,18.8550,2.9888 
2012-10-19,8.4423,13.1810,3.3223 
2012-10-20,7.2537,10.3426,3.1880 
2012-10-21,5.1851,13.7283,0.0436 
2012-10-22,9.7476,21.0370,0.0976 
2012-10-23,16.4545,20.1655,3.1473 
2012-10-24,15.9037,22.5839,0.9903 
2012-10-25,15.6339,22.9566,1.1637e-04 
2012-10-26,7.7253,21.5704,10.3903 
2012-10-27,6.3653,8.2636,21.3921 
2012-10-28,4.8871,7.8952,9.0489 
2012-10-29,4.5504,5.4288,39.1549 
2012-10-30,4.3772,7.9534,48.5964 
2012-10-31,2.2536,7.6352,11.9213 
2012-11-01,3.1268,6.1794,1.5317 
2012-11-02,-0.3845,5.0650,0.1859 
2012-11-03,0.2675,4.4531,0.2567 
2012-11-04,1.5429,3.5242,0.1823 
2012-11-05,1.6150,3.1750,0.4911 
2012-11-06,-2.0086,6.7724,0.0236 
2012-11-07,0.5968,6.5981,9.4280e-04 
2012-11-08,2.3832,5.8709,0.0141 
2012-11-09,1.6970,11.4834,0.0024 
2012-11-10,7.6480,16.2154,5.2005 
2012-11-11,11.0282,17.0311,0.0055 
2012-11-12,0.4662,16.5979,12.5324 
2012-11-13,-3.8812,1.4307,0.0232 
2012-11-14,-0.5667,4.3295,8.9977e-04 
2012-11-15,0.2948,5.0089,0.0000 
2012-11-16,3.0568,6.8197,7.8658e-05 
2012-11-17,3.6293,10.7986,5.0042e-06 
2012-11-18,2.4710,11.7180,4.7841e-04 
2012-11-19,5.4362,11.5650,5.4078e-04 
2012-11-20,7.6502,10.9135,1.8618e-05 
2012-11-21,6.2296,13.4026,2.5965e-04 
2012-11-22,6.7675,15.2351,0.0000 
2012-11-23,0.5651,13.3981,1.1026 
2012-11-24,-2.1522,1.1415,0.1324 
2012-11-25,-5.6873,4.2564,0.2833 
2012-11-26,-1.3679,3.2443,0.0203 
2012-11-27,-2.7138,1.7664,0.2244 
2012-11-28,-3.9734,3.2834,2.1441e-05 
2012-11-29,-2.1593,7.0101,0.0000 
2012-11-30,1.5959,10.5453,0.0000 
2012-12-01,4.8181,14.8701,0.0000 
2012-12-02,11.5758,14.7620,5.6016 
2012-12-03,12.0756,16.8240,0.2005 
2012-12-04,7.8077,16.6964,9.1367 
2012-12-05,-0.1778,8.3667,0.2519 
2012-12-06,-4.5087,5.6784,0.0374 
2012-12-07,3.4304,7.6905,1.0164 
2012-12-08,3.6631,10.0641,6.2196 
2012-12-09,1.3709,12.2555,1.4308 
2012-12-10,0.7503,13.1203,8.1773 
2012-12-11,-3.7130,0.8571,0.8780 
2012-12-12,-4.7977,3.1107,0.0733 
2012-12-13,-1.0485,5.1021,0.0000 
2012-12-14,-1.0681,6.6472,0.0083 
2012-12-15,1.8483,8.0614,0.4692 
2012-12-16,6.0590,12.5624,0.3237 
2012-12-17,4.3402,10.4856,0.0174 
2012-12-18,1.3768,4.3504,7.2279 
2012-12-19,1.9167,4.8202,0.5011 
2012-12-20,1.6397,9.9276,8.1199 
2012-12-21,-1.5253,9.9772,7.0563 
2012-12-22,-3.6895,-1.1457,0.4279 
2012-12-23,-7.4278,-1.0435,0.0091 
2012-12-24,-4.9300,0.3834,1.2273 
2012-12-25,-1.5820,0.1572,0.3471 
2012-12-26,-3.8579,-0.3085,12.3130 
2012-12-27,-2.8133,-0.2117,2.7829 
2012-12-28,-7.1467,-2.3702,0.0924 
2012-12-29,-4.8345,-0.6070,3.8271 
2012-12-30,-8.1401,-2.0334,0.5133 
2012-12-31,-8.3803,-0.3372,1.3078 
2013-01-01,-6.2549,-0.5245,0.7663 
2013-01-02,-11.1682,-7.0227,0.0057 
2013-01-03,-11.6152,-4.6878,0.0115 
2013-01-04,-8.2504,-4.1855,0.0691 
2013-01-05,-8.1961,-1.5584,0.0765 
2013-01-06,-1.7392,0.7445,0.4151 
2013-01-07,-4.7401,-0.7773,0.0740 
2013-01-08,-3.3330,1.8377,0.0000 
2013-01-09,1.1154,2.6229,0.8765 
2013-01-10,-1.4489,2.0115,0.0746 
2013-01-11,1.6775,14.2045,12.5908 
2013-01-12,8.8421,14.6964,0.0393 
2013-01-13,4.9222,17.6100,15.8049 
2013-01-14,-4.9466,5.3568,9.8300 
2013-01-15,-6.2983,-1.3856,4.2710e-05 
2013-01-16,-3.0089,1.4844,0.0087 
2013-01-17,-2.5481,0.0389,0.0527 
2013-01-18,-8.6705,0.2151,0.1167 
2013-01-19,0.2653,8.0377,0.0041 
2013-01-20,-7.0287,8.3371,0.0559 
2013-01-21,-9.8458,-5.6854,0.8803 
2013-01-22,-13.7722,-10.3803,0.3800 
2013-01-23,-16.0368,-9.5663,0.2285 
2013-01-24,-14.3350,-8.4789,0.6808 
2013-01-25,-10.5683,-5.9781,3.5459 
2013-01-26,-10.2406,-5.6948,1.0432 
2013-01-27,-8.0385,-0.7933,0.0192 
2013-01-28,-1.1668,10.9264,5.0096 
2013-01-29,7.9425,14.3535,3.2437 
2013-01-30,11.4571,16.4866,5.3525 
2013-01-31,-7.1361,10.8812,1.8112 
2013-02-01,-11.6534,-6.5725,0.8965 
2013-02-02,-14.1126,-4.7264,3.8796 
2013-02-03,-9.3174,-4.6825,0.9027 
2013-02-04,-12.8477,-4.3426,4.1572 
2013-02-05,-8.0477,-3.6536,0.5844 
2013-02-06,-10.4723,-2.0080,0.7304 
2013-02-07,-5.6899,3.3541,0.0136 
2013-02-08,-3.9141,3.1878,2.1100 
2013-02-09,-8.6180,-2.0303,0.2709 
2013-02-10,-5.1808,8.2415,0.0046 
2013-02-11,1.2405,10.2309,0.0702 
2013-02-12,-3.4695,2.4418,0.0097 
2013-02-13,-5.4934,2.1523,0.0030 
2013-02-14,-1.7413,5.3981,0.1059 
2013-02-15,-2.5497,5.2103,0.3108 
2013-02-16,-8.1900,-2.2737,2.3173 
2013-02-17,-10.2933,-5.2193,2.4733 
2013-02-18,-10.4861,5.4643,0.0270 
2013-02-19,-6.0061,6.7043,3.8749 
2013-02-20,-9.4367,-5.9065,0.2572 
2013-02-21,-12.0199,-5.7500,0.2012 
2013-02-22,-8.6153,4.5139,2.7628 
2013-02-23,-3.1108,3.6168,0.1306 
2013-02-24,-7.8305,0.3933,0.0908 
2013-02-25,-2.5679,3.9946,0.0116 
2013-02-26,-2.9530,3.8615,17.8921 
2013-02-27,2.4379,7.9423,8.2186 
2013-02-28,-0.6996,1.8738,2.0385 
2013-03-01,-3.9201,0.0284,0.0939 
2013-03-02,-7.0062,-3.2741,0.6047 
2013-03-03,-6.3742,-3.5631,0.9848 
2013-03-04,-8.9157,-0.7230,0.6161 
2013-03-05,-6.5633,2.7326,0.0573 
2013-03-06,-1.3258,3.4250,2.2581 
2013-03-07,-2.0790,1.3958,0.1847 
2013-03-08,-5.5975,2.2780,0.8192 
2013-03-09,-0.2655,10.3242,0.0271 
2013-03-10,7.8430,16.1315,0.1873 
2013-03-11,9.6290,15.4044,19.1437 
2013-03-12,-0.0892,8.7191,1.8635 
2013-03-13,-2.3079,2.3727,0.4911 
2013-03-14,-6.9410,2.0891,0.0326 
2013-03-15,-3.6421,6.0067,0.1600 
2013-03-16,-1.7842,5.1879,5.2229 
2013-03-17,-4.7013,-1.1208,0.0563 
2013-03-18,-3.7428,9.5641,4.5589 
2013-03-19,-6.1942,7.6036,0.2817 
2013-03-20,-6.0506,-1.8306,0.1681 
2013-03-21,-10.5726,-1.1777,0.2704 
2013-03-22,-6.8421,1.9462,0.0421 
2013-03-23,-4.3660,2.4685,0.0340 
2013-03-24,-4.2119,1.3942,0.0398 
2013-03-25,-0.8519,0.9481,4.8155 
2013-03-26,-2.0623,2.3963,1.5711 
2013-03-27,-3.3709,5.0350,3.1663 
2013-03-28,-2.0387,7.5131,0.0463 
2013-03-29,2.0529,7.5121,0.0062 
2013-03-30,3.0305,11.6623,0.0057 
2013-03-31,8.1085,13.6150,0.0665 
2013-04-01,0.4214,13.2589,0.1321 
2013-04-02,-5.7165,3.5072,0.0291 
2013-04-03,-3.7647,3.1038,0.0013 
2013-04-04,-3.8759,10.9494,0.0000 
2013-04-05,1.4535,10.2797,0.0131 
2013-04-06,-2.1840,12.7452,9.6309e-04 
2013-04-07,11.9057,20.0177,0.0161 
2013-04-08,6.5858,22.7523,0.0410 
2013-04-09,8.5981,23.9375,0.4952 
2013-04-10,11.5873,23.9577,26.6408 
2013-04-11,6.8892,18.0562,16.5415 
2013-04-12,5.9503,14.5444,21.1568 
2013-04-13,-0.0328,5.7504,0.4201 
2013-04-14,2.1571,16.0418,0.0478 
2013-04-15,10.8875,19.2648,0.0011 
2013-04-16,11.5976,17.9999,4.2317 
2013-04-17,7.6969,16.1676,4.4982 
2013-04-18,15.9682,26.4849,0.0417 
2013-04-19,4.4387,25.7414,6.5563 
2013-04-20,1.3305,5.6057,0.5719 
2013-04-21,0.2329,8.2491,8.7199e-04 
2013-04-22,4.2988,16.9657,4.8471e-05 
2013-04-23,7.4779,21.0663,0.1934 
2013-04-24,2.5697,20.1263,20.6540 
2013-04-25,0.6732,8.6573,0.4545 
2013-04-26,3.9993,13.9492,0.0033 
2013-04-27,9.5916,20.1624,0.0025 
2013-04-28,10.8260,19.8513,10.9734 
2013-04-29,12.4057,17.6899,1.6023 
2013-04-30,12.1803,23.3752,0.0105 
2013-05-01,14.1492,24.9407,2.8293e-06 
2013-05-02,13.9016,24.1465,0.0000 
2013-05-03,15.9320,22.7669,2.0645e-05 
2013-05-04,12.6880,22.1387,2.4399e-05 
2013-05-05,12.1862,20.5484,2.9350e-06 
2013-05-06,11.0899,20.0648,1.1450e-05 
2013-05-07,13.5810,19.7076,0.0193 
2013-05-08,15.5834,19.4065,0.1024 
2013-05-09,16.7324,23.9854,0.0795 
2013-05-10,14.7850,24.0535,5.9040 
2013-05-11,6.8639,17.6722,4.3779 
2013-05-12,2.5728,14.2949,2.1899 
2013-05-13,1.6590,9.2078,0.0303 
2013-05-14,6.0202,23.0480,0.0796 
2013-05-15,19.4500,27.2352,1.2616 
2013-05-16,16.3390,25.3334,0.3031 
2013-05-17,12.8534,25.0095,0.1778 
2013-05-18,15.1494,24.6303,0.1805 
2013-05-19,17.9999,24.7515,0.1171 
2013-05-20,18.8196,29.0483,0.0085 
2013-05-21,21.5321,28.8325,0.0452 
2013-05-22,21.1073,26.5419,0.7785 
2013-05-23,8.7153,24.5209,6.8908 
2013-05-24,5.3231,9.9431,1.2329 
2013-05-25,5.9254,13.2467,3.6813e-05 
2013-05-26,7.7355,15.4171,5.2057e-04 
2013-05-27,11.1308,15.1175,2.7497 
2013-05-28,11.7413,26.3777,8.1948 
2013-05-29,20.5652,27.9308,0.3028 
2013-05-30,21.9313,28.9693,0.0594 
2013-05-31,20.8982,28.6123,9.5570 
2013-06-01,21.6875,26.3958,5.1951 
2013-06-02,17.8009,24.1724,18.8174 
2013-06-03,10.3909,19.6555,0.0901 
2013-06-04,11.9087,18.0119,0.0565 
2013-06-05,11.6486,21.3236,0.0719 
2013-06-06,14.6547,19.9257,6.4263 
2013-06-07,12.3939,16.9214,0.7078 
2013-06-08,12.3343,20.6404,0.0137 
2013-06-09,16.4733,24.3531,2.3151 
2013-06-10,19.2180,24.3842,17.8220 
2013-06-11,17.0157,25.1330,4.7899 
2013-06-12,19.3331,26.7866,1.1263 
2013-06-13,16.3854,25.8285,22.6204 
2013-06-14,13.6697,19.4944,0.0937 
2013-06-15,14.8651,23.9223,0.4684 
2013-06-16,18.0795,24.8904,7.5924 
2013-06-17,18.3723,26.8821,0.1741 
2013-06-18,16.8991,26.7144,0.0559 
2013-06-19,13.5337,20.1329,0.0082 
2013-06-20,15.2500,23.8955,6.9805e-05 
2013-06-21,21.0179,27.8939,0.0021 
2013-06-22,22.0897,30.8358,0.3594 
2013-06-23,22.3709,29.4894,1.7715 
2013-06-24,21.2885,28.6647,0.1860 
2013-06-25,21.4957,30.1734,5.3123 
2013-06-26,18.6163,28.6688,14.1436 
2013-06-27,19.5102,28.1613,16.5280 
2013-06-28,18.0256,25.2817,8.3450 
2013-06-29,17.5260,21.1827,2.2738 
2013-06-30,17.0113,20.0467,1.7465 
2013-07-01,18.2026,21.3051,2.8546 
2013-07-02,17.6276,25.2418,0.7839 
2013-07-03,18.7123,27.2803,0.5792 
2013-07-04,18.3476,26.7548,2.8273 
2013-07-05,19.6477,24.0919,9.2157 
2013-07-06,20.7197,25.1836,1.7362 
2013-07-07,19.1207,24.7398,0.6626 
2013-07-08,19.4591,28.1877,3.3441 
2013-07-09,19.9802,27.7626,43.0066 
2013-07-10,20.5136,28.8613,39.3411 
2013-07-11,18.9831,21.5458,0.6135 
2013-07-12,17.8391,22.7732,0.0095 
2013-07-13,18.4624,25.8595,0.0186 
2013-07-14,20.9980,27.8959,0.1032 
2013-07-15,24.3551,29.9062,0.0849 
2013-07-16,25.6508,30.3720,0.0177 
2013-07-17,25.2453,30.8333,0.0019 
2013-07-18,26.3853,31.3162,9.7331e-05 
2013-07-19,24.0991,31.3879,0.8020 
2013-07-20,22.4199,30.5266,26.9381 
2013-07-21,21.0050,26.3387,0.6398 
2013-07-22,18.3088,25.5556,7.3492 
2013-07-23,19.1228,27.2857,0.6428 
2013-07-24,15.8533,20.9351,0.0407 
2013-07-25,15.4545,20.6804,0.0611 
2013-07-26,17.4262,24.3005,0.0189 
2013-07-27,16.7103,23.9423,7.7842 
2013-07-28,11.2470,20.4273,1.0534 
2013-07-29,13.1281,20.5691,0.6509 
2013-07-30,15.8978,22.9988,0.0094 
2013-07-31,20.5424,24.4583,1.0823 
2013-08-01,17.5508,23.3378,5.1980 
2013-08-02,15.7959,23.2118,4.7569 
2013-08-03,17.3710,22.0782,5.9160 
2013-08-04,17.1318,21.6732,0.5880 
2013-08-05,15.9867,21.6923,0.0130 
2013-08-06,17.1681,25.5063,0.0469 
2013-08-07,20.9239,28.5447,10.0059 
2013-08-08,18.7908,28.0223,8.0534 
2013-08-09,18.4174,23.6135,4.9150 
2013-08-10,19.3885,23.5669,0.0175 
2013-08-11,18.5665,24.1895,0.1376 
2013-08-12,19.0389,26.0407,0.1078 
2013-08-13,17.0032,22.4626,2.9267 
2013-08-14,12.7248,17.9308,9.5952e-04 
2013-08-15,14.5567,20.2528,0.0011 
2013-08-16,16.5285,21.8628,0.0418 
2013-08-17,17.7637,23.5174,2.1165e-04 
2013-08-18,19.2454,24.4761,0.0785 
2013-08-19,17.5411,24.9691,0.0043 
2013-08-20,20.0903,26.8425,0.0185 
2013-08-21,21.1117,27.5298,2.1085e-04 
2013-08-22,20.6147,27.6005,3.8474 
2013-08-23,20.4342,25.4629,0.6748 
2013-08-24,18.0288,25.1638,0.0040 
2013-08-25,18.7623,28.1698,9.2582e-04 
2013-08-26,20.0263,30.8024,0.0053 
2013-08-27,21.1721,29.5265,9.1177 
2013-08-28,20.9642,28.8575,4.2344 
2013-08-29,20.1549,26.1401,0.0738 
2013-08-30,23.0390,27.9817,0.0259 
2013-08-31,22.2999,27.1369,0.4606 
2013-09-01,19.5165,26.7541,0.4440 
2013-09-02,20.6065,26.3313,0.8531 
2013-09-03,13.3653,21.7939,0.0750 
2013-09-04,14.4658,23.7588,0.0144 
2013-09-05,16.6069,23.1522,1.8118e-04 
2013-09-06,13.0903,21.5837,0.0074 
2013-09-07,16.5815,27.0247,0.1212 
2013-09-08,19.1036,25.1886,0.0692 
2013-09-09,14.5890,28.9250,0.0812 
2013-09-10,23.9397,31.6118,0.0034 
2013-09-11,24.0289,31.2825,0.1477 
2013-09-12,18.6058,29.6897,6.4371 
2013-09-13,13.5955,22.2356,10.5523 
2013-09-14,10.2783,16.8947,0.0126 
2013-09-15,11.4608,18.3382,0.0192 
2013-09-16,12.9266,18.0399,0.9435 
2013-09-17,9.8458,19.5640,0.0367 
2013-09-18,13.1533,21.5997,0.0149 
2013-09-19,15.7202,25.6419,0.1347 
2013-09-20,19.2222,26.8931,0.6828 
2013-09-21,16.4884,21.6525,33.2063 
2013-09-22,11.4916,16.6769,0.0442 
2013-09-23,9.8895,14.3669,0.0979 
2013-09-24,9.0061,17.3608,0.0016 
2013-09-25,11.8971,18.7567,0.0154 
2013-09-26,14.2818,20.0952,0.0705 
2013-09-27,14.2451,20.7717,0.0049 
2013-09-28,13.1065,22.6671,0.0305 
2013-09-29,14.8494,21.0274,0.0716 
2013-09-30,15.2411,19.8168,0.4269 
2013-10-01,16.0918,22.9204,0.1144 
2013-10-02,16.6128,23.3761,1.1392e-05 
2013-10-03,19.6744,24.1530,0.1391 
2013-10-04,19.4266,25.9358,3.3164 
2013-10-05,19.8274,24.6147,4.8279 
2013-10-06,16.5322,23.9060,15.6248 
2013-10-07,7.1035,15.6579,25.6808 
2013-10-08,10.1651,17.0045,0.0214 
2013-10-09,10.7272,18.4386,0.0000 
2013-10-10,10.5267,18.7734,2.0726e-06 
2013-10-11,12.4567,19.9926,0.0020 
2013-10-12,14.4693,22.0105,0.0048 
2013-10-13,15.8671,21.4843,0.0305 
2013-10-14,11.6187,15.9460,0.0178 
2013-10-15,9.9457,19.2225,0.1099 
2013-10-16,14.2859,18.2039,8.2212 
2013-10-17,7.8638,13.1684,2.7602 
2013-10-18,5.1888,14.9273,0.1025 
2013-10-19,5.3856,13.4022,5.3962 
2013-10-20,3.3124,12.3355,0.1076 
2013-10-21,7.9234,14.1885,0.4955 
2013-10-22,1.1929,10.9834,3.4382 
2013-10-23,2.8788,6.5326,0.9768 
2013-10-24,-2.0496,5.5938,0.0932 
2013-10-25,-1.2193,6.6949,0.3691 
2013-10-26,0.7009,8.0401,0.0779 
2013-10-27,1.9499,9.3372,0.5830 
2013-10-28,4.8561,10.6402,0.0059 
2013-10-29,4.4504,12.7841,0.0061 
2013-10-30,8.5960,17.3958,0.1115 
2013-10-31,15.0228,17.1022,6.7104 
2013-11-01,8.1334,17.0075,18.9493 
2013-11-02,4.7560,9.5687,5.4952 
2013-11-03,2.8623,6.1922,0.7644 
2013-11-04,-0.8202,7.7620,0.0132 
2013-11-05,7.1867,13.4211,0.0025 
2013-11-06,9.1521,14.5718,2.7191 
2013-11-07,2.6919,14.2663,5.7072 
2013-11-08,-1.1417,4.6250,0.1837 
2013-11-09,1.4151,11.8282,2.4163e-04 
2013-11-10,3.9327,11.8944,0.0000 
2013-11-11,0.7106,8.3398,1.7962 
2013-11-12,-3.0161,2.9850,6.0664 
2013-11-13,-8.7692,-0.6746,0.3173 
2013-11-14,-2.5516,4.9436,0.0000 
2013-11-15,2.3060,7.1833,0.0000 
2013-11-16,3.8139,12.6569,0.0261 
2013-11-17,12.4353,17.3069,10.0800 
2013-11-18,2.3206,16.4145,4.9417 
2013-11-19,-1.8744,2.1682,0.0024 
2013-11-20,-3.2829,6.7932,0.0043 
2013-11-21,3.8531,8.1557,3.4170 
2013-11-22,2.6526,9.0904,4.0429 
2013-11-23,-4.5959,1.8929,0.1478 
2013-11-24,-8.5023,-4.7785,0.2121 
2013-11-25,-9.5702,-0.4206,0.0562 
2013-11-26,-1.1250,0.0840,1.4805 
2013-11-27,-5.2385,-1.1455,1.2718 
2013-11-28,-9.5392,-2.5284,0.2043 
2013-11-29,-5.0431,-0.5503,0.2202 
2013-11-30,-5.2143,3.4467,0.1303 
2013-12-01,0.6983,5.7792,0.0038 
2013-12-02,0.5795,4.6126,0.0170 
2013-12-03,-0.3294,10.2386,0.1930 
2013-12-04,6.6494,12.9097,0.0237 
2013-12-05,2.5547,15.9177,0.2992 
2013-12-06,-3.6925,1.0462,3.0870 
2013-12-07,-8.0753,-3.8113,0.5239 
2013-12-08,-7.5623,-2.8916,0.6449 
2013-12-09,-4.4413,1.1911,0.4654 
2013-12-10,-11.1061,-4.7375,0.1738 
2013-12-11,-12.6610,-6.7996,0.5497 
2013-12-12,-16.9501,-7.2766,0.0929 
2013-12-13,-12.1973,-5.4653,0.0028 
2013-12-14,-5.6706,0.8891,10.0031 
2013-12-15,-8.8816,0.9055,2.7424 
2013-12-16,-13.9705,-7.4584,0.0902 
2013-12-17,-7.8480,-2.7274,2.9131 
2013-12-18,-7.6178,-4.5448,0.3696 
2013-12-19,-5.8772,3.1308,2.3501 
2013-12-20,3.0281,12.3545,3.4998 
2013-12-21,3.7534,13.7807,30.5877 
2013-12-22,2.2459,13.7527,32.7854 
2013-12-23,-2.2552,6.0250,0.3156 
2013-12-24,-14.1002,-2.6437,0.5321 
2013-12-25,-10.8606,-4.3101,0.2828 
2013-12-26,-4.0836,-2.7520,0.8172 
2013-12-27,-5.6078,1.8725,0.0673 
2013-12-28,1.1142,7.3606,0.0024 
2013-12-29,2.4844,5.9100,0.5318 
2013-12-30,-11.0352,3.0131,0.8642 
2013-12-31,-9.3652,-6.8342,1.1396 
2014-01-01,-8.3139,-5.4770,5.5069 
2014-01-02,-11.8071,-5.1183,6.7586 
2014-01-03,-19.5732,-12.3503,0.3796 
2014-01-04,-16.5123,-1.8446,0.0060 
2014-01-05,-2.9884,3.6031,7.0237 
2014-01-06,-24.0695,4.4168,16.1427 
2014-01-07,-25.8439,-18.9668,0.0189 
2014-01-08,-18.9572,-7.8814,0.3064 
2014-01-09,-12.1604,-1.7821,0.2516 
2014-01-10,-1.8089,4.6376,2.6409 
2014-01-11,1.1428,11.3426,10.9862 
2014-01-12,-2.0770,3.3035,0.1259 
2014-01-13,2.3499,8.1536,0.2545 
2014-01-14,-3.0902,7.8873,0.8592 
2014-01-15,-5.9784,2.9113,0.3358 
2014-01-16,-9.6219,-2.0944,1.5122 
2014-01-17,-4.0241,-0.0587,3.2524 
2014-01-18,-12.7618,-5.4351,0.8832 
2014-01-19,-8.3937,-4.4434,0.5807 
2014-01-20,-5.3051,0.4673,0.2069 
2014-01-21,-14.1827,-5.9196,0.6739 
2014-01-22,-18.8500,-13.4107,0.3133 
2014-01-23,-15.5605,-11.6261,1.2754 
2014-01-24,-19.6687,-11.6575,0.1134 
2014-01-25,-10.8054,-2.6792,7.6167 
2014-01-26,-16.4013,-0.7558,4.0013 
2014-01-27,-16.2726,-0.3204,3.0584 
2014-01-28,-25.7607,-16.9711,0.0204 
2014-01-29,-24.3321,-12.5237,0.0014 
2014-01-30,-13.3993,-4.5503,0.0000 
2014-01-31,-4.1694,-1.5092,0.1951 
2014-02-01,-2.5592,3.7073,4.1347 
2014-02-02,-4.6852,4.0182,6.4650 
2014-02-03,-10.4162,-5.0476,0.0108 
2014-02-04,-10.4956,-4.9684,0.0542 
2014-02-05,-7.8399,-4.9971,14.2158 
2014-02-06,-14.5293,-8.3913,0.6905 
2014-02-07,-20.8986,-10.4432,0.1010 
2014-02-08,-18.6852,-10.2663,0.1587 
2014-02-09,-10.6329,-7.3492,3.9378 
2014-02-10,-12.5776,-8.3010,0.1616 
2014-02-11,-15.6819,-11.9896,0.2579 
2014-02-12,-14.6940,-3.4910,0.2376 
2014-02-13,-8.6574,-4.2809,0.0144 
2014-02-14,-7.8160,-5.1217,0.2851 
2014-02-15,-10.9779,-6.6467,0.4399 
2014-02-16,-11.1239,-6.6246,1.6665 
2014-02-17,-14.5983,-2.1342,0.2140 
2014-02-18,-4.4350,2.9346,13.1749 
2014-02-19,0.7897,5.1565,0.0659 
2014-02-20,-1.6102,8.8906,6.6542 
2014-02-21,0.4800,9.1515,4.2999 
2014-02-22,0.0256,4.1217,0.4171 
2014-02-23,-4.4098,1.2689,0.8215 
2014-02-24,-10.8138,-4.4460,0.0019 
2014-02-25,-9.6319,-4.7952,0.1439 
2014-02-26,-12.4493,-5.8828,0.2236 
2014-02-27,-13.4268,-10.0567,0.3218 
2014-02-28,-18.6443,-3.0998,0.0190 
2014-03-01,-6.5289,3.4051,0.0712 
2014-03-02,-12.6644,-1.0178,4.5860 
2014-03-03,-17.8232,-11.6748,0.0590 
2014-03-04,-16.4708,-6.5067,0.0105 
2014-03-05,-10.2911,-6.9547,0.1033 
2014-03-06,-11.0150,3.3532,0.0100 
2014-03-07,-3.5094,8.2023,0.0042 
2014-03-08,-2.2747,6.8197,1.5245 
2014-03-09,-7.6637,2.1729,0.4368 
2014-03-10,1.2108,11.8590,0.1529 
2014-03-11,5.3248,11.9694,0.0082 
2014-03-12,-9.4120,7.6807,27.1485 
2014-03-13,-17.8502,-8.2282,0.0516 
2014-03-14,-8.1997,7.8198,0.0373 
2014-03-15,-1.1273,6.7602,0.2439 
2014-03-16,-11.4590,0.5840,0.0493 
2014-03-17,-11.2031,1.7112,0.0015 
2014-03-18,-2.7399,11.4077,2.4171e-06 
2014-03-19,4.4710,10.1633,3.5522 
2014-03-20,-0.5945,8.4085,1.0960 
2014-03-21,-2.1958,11.4657,0.2727 
2014-03-22,3.2871,12.6884,0.1115 
2014-03-23,-8.6600,4.4592,0.0180 
2014-03-24,-9.4496,-1.1264,0.2209 
2014-03-25,-5.4653,-0.8963,0.3334 
2014-03-26,-10.0682,-1.6343,0.2773 
2014-03-27,-5.2748,8.6583,0.0949 
2014-03-28,8.0498,12.7237,0.5838 
2014-03-29,-1.4619,7.2981,6.5973 
2014-03-30,-4.2446,2.2804,1.7549 
2014-03-31,2.2403,13.5743,0.0000 
2014-04-01,7.6170,15.6598,0.0221 
2014-04-02,3.4825,11.7209,6.8832e-04 
2014-04-03,2.2082,9.1130,23.1967 
2014-04-04,8.3813,17.0592,7.4317 
2014-04-05,-1.6769,6.7795,0.4584 
2014-04-06,2.9715,11.6617,4.1167e-07 
2014-04-07,5.3504,10.8319,8.6361 
2014-04-08,2.9684,11.6453,13.2409 
2014-04-09,1.7078,11.3342,0.0194 
2014-04-10,6.5938,18.5362,0.1879 
2014-04-11,11.1298,18.4250,11.1908 
2014-04-12,10.4328,21.9218,8.9066e-04 
2014-04-13,16.4025,23.6852,0.0390 
2014-04-14,14.0174,23.4940,3.6381 
2014-04-15,-3.3764,13.2754,22.1663 
2014-04-16,-4.2805,6.6500,0.0541 
2014-04-17,0.2983,16.1691,0.0000 
2014-04-18,7.8705,16.8312,0.0082 
2014-04-19,1.8513,15.0425,0.0117 
2014-04-20,6.3390,21.6378,6.0517e-04 
2014-04-21,13.7719,22.0665,0.0081 
2014-04-22,12.5311,21.9923,1.0243 
2014-04-23,3.4620,12.0972,0.0334 
2014-04-24,2.3003,14.3193,0.0124 
2014-04-25,9.5011,13.4966,5.5460 
2014-04-26,8.6113,12.7069,0.0362 
2014-04-27,0.7403,12.1987,4.2746e-06 
2014-04-28,7.5947,15.2517,8.6880 
2014-04-29,12.0657,20.0523,16.4594 
2014-04-30,12.2363,17.9081,18.5550 
2014-05-01,7.4214,15.6380,1.8660 
2014-05-02,6.3049,13.7238,0.0913 
2014-05-03,7.6598,15.2684,0.6416 
2014-05-04,8.0952,14.4891,1.1244 
2014-05-05,5.7017,13.7282,0.0096 
2014-05-06,6.1144,13.3968,0.0089 
2014-05-07,8.8637,24.5225,5.0788 
2014-05-08,18.8548,28.1395,0.2151 
2014-05-09,19.5098,28.0331,0.6998 
2014-05-10,16.1980,21.1420,0.8127 
2014-05-11,14.6103,23.7363,0.1412 
2014-05-12,18.7085,25.9245,13.4883 
2014-05-13,21.2013,26.9628,9.2439 
2014-05-14,13.4078,26.5017,13.1517 
2014-05-15,12.0249,18.0072,24.3162 
2014-05-16,1.9634,10.7979,0.1817 
2014-05-17,5.6298,10.9918,1.8232 
2014-05-18,6.6970,15.3671,1.0090 
2014-05-19,11.7017,18.6976,0.0022 
2014-05-20,14.3464,23.8343,0.5300 
2014-05-21,17.5373,25.5097,1.3078 
2014-05-22,15.4992,25.6240,1.2201 
2014-05-23,11.7180,20.0131,0.0076 
2014-05-24,13.8048,20.8569,0.0091 
2014-05-25,18.3860,24.4601,1.3953e-05 
2014-05-26,20.4274,27.7183,2.3038e-05 
2014-05-27,21.7714,27.8132,5.5493 
2014-05-28,20.3311,27.4863,7.0886 
2014-05-29,15.2879,20.1420,0.6956 
2014-05-30,13.8976,21.7097,1.5047e-05 
2014-05-31,17.3427,23.6617,1.9036e-06 
2014-06-01,17.0291,27.2061,1.0164e-04 
2014-06-02,22.3663,28.0703,0.3090 
2014-06-03,19.3908,27.2670,4.2707 
2014-06-04,13.7860,25.7421,17.8037 
2014-06-05,13.4826,18.3552,4.0650 
2014-06-06,14.0509,21.9915,0.0060 
2014-06-07,18.9098,24.7778,0.1855 
2014-06-08,14.2988,24.3787,20.2782 
2014-06-09,14.0424,20.2067,0.0078 
2014-06-10,16.7973,22.1057,0.1420 
2014-06-11,17.6940,24.6310,2.5367 
2014-06-12,19.1713,23.5172,0.9135 
2014-06-13,17.1414,23.5227,1.1761 
2014-06-14,12.6676,19.4325,0.0180 
2014-06-15,14.5669,26.8529,6.6981e-05 
2014-06-16,21.8880,27.2514,1.4194 
2014-06-17,23.3335,30.9169,0.2051 
2014-06-18,23.5153,30.6792,9.4077 
2014-06-19,18.8696,27.7809,41.1717 
2014-06-20,18.1183,24.0472,4.2851 
2014-06-21,16.9893,21.0406,4.9710 
2014-06-22,18.4162,24.8950,0.1364 
2014-06-23,20.1977,29.4225,9.3544 
2014-06-24,20.7563,28.7900,11.5978 
2014-06-25,18.7541,26.1660,28.1359 
2014-06-26,17.4273,22.7362,0.5159 
2014-06-27,19.8205,25.5104,0.0012 
2014-06-28,21.9420,28.6388,0.0113 
2014-06-29,21.6689,26.9957,5.7520 
2014-06-30,21.7110,27.7649,1.1473 
2014-07-01,22.5180,28.5067,0.8115 
2014-07-02,20.6390,27.9167,0.5120 
2014-07-03,15.8794,23.7552,0.1355 
2014-07-04,16.1991,19.9959,0.0180 
2014-07-05,16.8661,22.3531,0.0000 
2014-07-06,18.1958,26.2569,0.0100 
2014-07-07,21.1898,26.8989,0.1757 
2014-07-08,19.8311,23.7101,15.0049 
2014-07-09,16.4058,23.2834,4.7235 
2014-07-10,17.3634,22.4784,0.1351 
2014-07-11,18.3389,25.3830,0.0015 
2014-07-12,21.8991,28.3056,0.0066 
2014-07-13,22.5064,27.6142,1.0678 
2014-07-14,22.3567,27.4622,0.2635 
2014-07-15,16.7017,22.2468,1.0918 
2014-07-16,12.6567,19.4156,0.0895 
2014-07-17,14.4732,20.5655,0.3000 
2014-07-18,17.1726,23.2059,0.0160 
2014-07-19,16.3340,22.4827,10.0546 
2014-07-20,16.8784,24.4731,0.6222 
2014-07-21,19.6743,27.0987,4.6679e-04 
2014-07-22,22.8659,30.7643,0.0036 
2014-07-23,20.6057,30.1842,9.7216 
2014-07-24,15.4378,20.1356,0.0465 
2014-07-25,16.0640,23.7897,0.1727 
2014-07-26,18.5646,26.2230,2.0316 
2014-07-27,18.5701,24.8763,2.5356 
2014-07-28,15.8284,18.5258,1.7185 
2014-07-29,13.9394,20.0801,0.0742 
2014-07-30,14.2799,21.8083,1.4231 
2014-07-31,15.3669,23.9602,1.5083 
2014-08-01,20.2369,25.7652,0.4299 
2014-08-02,17.0120,22.2860,6.6125 
2014-08-03,17.1661,24.6820,0.4118 
2014-08-04,20.1101,26.9582,0.0765 
2014-08-05,20.2927,26.7783,0.3460 
2014-08-06,17.4981,22.5613,1.3344 
2014-08-07,18.7213,23.6903,1.6953e-04 
2014-08-08,18.2116,24.1034,1.6171e-04 
2014-08-09,17.9306,23.8574,1.7706e-04 
2014-08-10,18.6270,26.9892,0.0011 
2014-08-11,19.1704,26.0823,16.3337 
2014-08-12,19.1653,22.5139,9.8410 
2014-08-13,13.8175,21.1595,2.4016 
2014-08-14,14.8200,20.8793,0.0895 
2014-08-15,12.2398,19.9532,0.0638 
2014-08-16,15.1250,25.5819,0.0110 
2014-08-17,18.4401,25.2165,1.5133 
2014-08-18,17.8118,24.0036,0.0192 
2014-08-19,19.5881,27.8214,0.5335 
2014-08-20,19.0951,27.3235,11.3907 
2014-08-21,21.1894,27.1778,0.2441 
2014-08-22,21.8856,26.9996,0.1507 
2014-08-23,20.8057,25.0428,0.0143 
2014-08-24,18.4466,25.8336,0.0117 
2014-08-25,20.1630,26.2697,0.0044 
2014-08-26,21.2364,29.4181,0.2670 
2014-08-27,20.0597,29.0271,0.3294 
2014-08-28,16.5642,20.8276,0.0036 
2014-08-29,14.6431,24.9879,0.0161 
2014-08-30,21.2797,28.2716,0.0098 
2014-08-31,19.1708,25.9525,0.3436 
2014-09-01,20.3376,26.1976,0.1837 
2014-09-02,19.1071,23.8801,1.1198 
2014-09-03,19.8858,25.6376,0.0535 
2014-09-04,20.2600,27.5662,0.0117 
2014-09-05,20.9580,28.8257,0.8221 
2014-09-06,17.1237,26.9702,20.0607 
2014-09-07,16.8409,20.7624,0.3329 
2014-09-08,14.8158,23.6490,0.0193 
2014-09-09,18.0819,24.3991,0.0126 
2014-09-10,18.4954,24.8058,8.2617 
2014-09-11,14.3081,24.9156,25.0429 
2014-09-12,13.1058,15.7999,0.4765 
2014-09-13,11.5494,15.0975,0.4563 
2014-09-14,10.1017,16.0505,0.0284 
2014-09-15,12.8486,18.1848,2.1781 
2014-09-16,12.2689,15.8050,5.8140 
2014-09-17,11.1019,16.8252,0.0241 
2014-09-18,13.8714,17.1923,0.0046 
2014-09-19,10.6135,20.0901,0.0281 
2014-09-20,15.3766,24.2903,0.0719 
2014-09-21,15.2663,22.8198,3.3591 
2014-09-22,9.0455,14.3031,5.6632 
2014-09-23,10.5973,17.9996,3.3589e-04 
2014-09-24,13.3155,21.6619,0.0000 
2014-09-25,12.9383,21.0240,0.0000 
2014-09-26,16.1119,21.9143,0.0000 
2014-09-27,16.0181,22.2001,0.0000 
2014-09-28,17.9066,22.0026,0.0000 
2014-09-29,17.2621,22.6015,0.3075 
2014-09-30,13.7794,21.7638,10.6788 
2014-10-01,12.6166,18.3098,0.1339 
2014-10-02,13.3864,25.7227,2.6497e-04 
2014-10-03,14.4133,23.6252,6.5900 
2014-10-04,3.9000,13.8672,2.3777 
2014-10-05,4.1100,11.3054,0.1585 
2014-10-06,8.4115,15.7206,0.8770 
2014-10-07,9.8203,14.5959,4.1566 
2014-10-08,10.0301,13.9863,1.3852 
2014-10-09,8.2931,12.9245,0.3366 
2014-10-10,8.6524,12.5804,0.0000 
2014-10-11,8.3181,11.1020,0.0148 
2014-10-12,4.4702,17.9287,3.7815e-05 
2014-10-13,14.1714,23.0483,1.6706 
2014-10-14,19.0588,23.7328,2.8131 
2014-10-15,13.2926,18.3112,9.7548 
2014-10-16,11.3929,15.6569,6.2145 
2014-10-17,9.1140,16.7814,0.6102 
2014-10-18,7.3869,14.8051,1.3857 
2014-10-19,3.3838,9.5983,0.0194 
2014-10-20,7.7748,14.1386,3.5551 
2014-10-21,7.7632,11.8661,4.1533 
2014-10-22,7.1873,9.6187,1.6318 
2014-10-23,6.2365,10.9925,0.0425 
2014-10-24,8.0613,14.5149,0.0089 
2014-10-25,10.1253,18.6764,0.0023 
2014-10-26,6.5816,15.5599,0.0015 
2014-10-27,9.5663,22.2908,0.0065 
2014-10-28,15.6182,22.0472,2.6543 
2014-10-29,7.5019,14.5837,0.0065 
2014-10-30,3.6062,8.7625,0.0815 
2014-10-31,5.8045,8.0345,3.5647 
2014-11-01,3.0367,6.0057,11.8917 
2014-11-02,0.6024,4.7627,0.3472 
2014-11-03,0.4773,12.1201,0.0318 
2014-11-04,8.5685,16.2383,0.5345 
2014-11-05,5.4470,12.5814,2.0099 
2014-11-06,6.9249,11.1344,8.1562 
2014-11-07,0.3493,6.9757,3.3520 
2014-11-08,-0.1014,7.7762,0.1079 
2014-11-09,0.4090,7.9791,0.0812 
2014-11-10,5.3984,14.8111,8.3346e-04 
2014-11-11,11.0961,17.7291,0.0490 
2014-11-12,-0.3758,13.2490,0.9985 
2014-11-13,-3.0061,0.7964,0.3937 
2014-11-14,-9.4286,-1.3628,0.0620 
2014-11-15,-7.4753,-2.1083,0.0928 
2014-11-16,-3.0752,0.1708,0.3538 
2014-11-17,-8.7808,-0.0477,5.6407 
2014-11-18,-13.5453,-8.6708,0.1294 
2014-11-19,-14.5201,-0.0566,0.2652 
2014-11-20,-10.3038,0.0314,0.0565 
2014-11-21,-11.8516,-6.1040,0.1340 
2014-11-22,-9.0800,4.4645,3.4943 
2014-11-23,4.7331,11.3374,3.0414 
2014-11-24,3.9775,14.5131,8.6200 
2014-11-25,-0.6974,3.2691,0.3007 
2014-11-26,-3.1760,2.0386,0.0069 
2014-11-27,-1.7313,0.3420,0.5968 
2014-11-28,-8.4718,-1.7909,0.2019 
2014-11-29,-3.1614,5.9181,0.1243 
2014-11-30,6.3657,15.0604,0.1790 
2014-12-01,-2.5937,14.6959,2.7459 
2014-12-02,-4.9542,2.0470,0.4478 
2014-12-03,-4.0183,2.8298,0.1054 
2014-12-04,-3.9085,1.2303,0.0354 
2014-12-05,-1.4419,5.8665,0.8203 
2014-12-06,1.0471,4.9903,13.0246 
2014-12-07,-2.7750,2.2506,0.0039 
2014-12-08,-0.9582,4.7578,9.0803e-05 
2014-12-09,2.0616,4.1334,0.9964 
2014-12-10,-1.3760,2.2596,0.6845 
2014-12-11,-7.4682,1.3622,0.1002 
2014-12-12,-4.9234,2.8146,6.5394e-04 
2014-12-13,-4.6422,4.5997,0.0298 
2014-12-14,2.2231,8.8886,0.0517 
2014-12-15,5.9385,10.0096,0.0291 
2014-12-16,5.1866,9.8878,5.3166 
2014-12-17,-1.6608,6.9913,0.4608 
2014-12-18,-5.9700,-0.8777,0.1878 
2014-12-19,-3.2982,-1.2297,0.2421 
2014-12-20,-3.8266,-1.2907,0.0375 
2014-12-21,-3.3519,0.8301,0.0249 
2014-12-22,-3.9456,7.0694,0.0000 
2014-12-23,3.0492,11.5531,0.3186 
2014-12-24,9.3617,14.2881,2.4365 
2014-12-25,2.2366,8.6954,2.1869 
2014-12-26,0.0986,6.9343,0.0149 
2014-12-27,4.3166,10.1467,0.1134 
2014-12-28,-0.3633,8.6964,3.7782 
2014-12-29,-3.0438,0.1877,0.0569 
2014-12-30,-6.0944,-3.3232,0.0446 
2014-12-31,-12.2760,-5.4159,0.1129 
2015-01-01,-9.7473,-8.1192,0.0000 
