Meteorological forcing data for the Large Basin Runoff Model.      
eri, 02,   <- lake basin, subbasin            
yyyy-mm-dd, Tmin(C), Tmax(C), Prec(mm)                             
2010-01-01,-9.3041,-4.6092,0.1098 
2010-01-02,-14.6065,-7.9868,0.1576 
2010-01-03,-17.4006,-7.0131,0.0481 
2010-01-04,-9.5214,-7.0812,0.9059 
2010-01-05,-10.0301,-5.1935,0.5329 
2010-01-06,-5.7380,-3.1629,0.1915 
2010-01-07,-6.4431,-3.5437,1.4056 
2010-01-08,-7.3380,-4.9519,1.6176 
2010-01-09,-15.0117,-7.1684,0.0675 
2010-01-10,-11.2957,-5.7646,0.0397 
2010-01-11,-12.5471,-5.6528,1.6095 
2010-01-12,-8.2571,-5.6005,0.3042 
2010-01-13,-8.7939,-1.4372,0.0139 
2010-01-14,-3.7813,2.4894,0.0123 
2010-01-15,-1.0128,1.9508,0.1885 
2010-01-16,-5.0969,-0.1019,0.0303 
2010-01-17,-4.9595,0.3727,0.0012 
2010-01-18,-6.3833,0.0779,0.0079 
2010-01-19,-3.8801,-0.5344,0.2087 
2010-01-20,-7.5162,-1.4501,0.0775 
2010-01-21,-7.5327,-0.0876,0.0110 
2010-01-22,-1.6433,0.6158,0.1162 
2010-01-23,-3.3862,1.1344,0.0397 
2010-01-24,1.1310,7.5988,6.5864 
2010-01-25,-0.8695,7.4640,1.5579 
2010-01-26,-4.7184,-0.2037,0.5506 
2010-01-27,-7.8005,-2.3037,0.1525 
2010-01-28,-11.2170,-4.7188,0.4746 
2010-01-29,-16.1589,-9.2089,0.0409 
2010-01-30,-12.1420,-7.6611,0.0303 
2010-01-31,-11.9651,-4.3427,0.1831 
2010-02-01,-10.7098,-4.3852,0.1392 
2010-02-02,-6.0053,-2.2806,1.0058 
2010-02-03,-4.2144,-0.1181,0.8043 
2010-02-04,-6.7200,-0.1713,0.0514 
2010-02-05,-3.7826,-0.5737,0.0545 
2010-02-06,-8.3289,-1.4447,0.1348 
2010-02-07,-8.6225,-3.4694,0.1721 
2010-02-08,-7.0884,-1.7603,0.0026 
2010-02-09,-7.2797,-2.7603,7.6101 
2010-02-10,-4.9797,-3.9854,8.9556 
2010-02-11,-7.7966,-3.3006,0.1551 
2010-02-12,-8.7708,-3.1343,0.2027 
2010-02-13,-8.6322,-3.5465,0.2983 
2010-02-14,-7.0211,-1.1840,0.0953 
2010-02-15,-6.9766,-2.3296,0.0834 
2010-02-16,-5.8203,-2.6237,1.3459 
2010-02-17,-5.5634,-0.1252,0.3942 
2010-02-18,-5.6241,0.3049,0.0559 
2010-02-19,-6.4154,0.9885,0.0077 
2010-02-20,-6.2587,1.0759,5.3173e-05 
2010-02-21,-1.1448,2.2637,0.0270 
2010-02-22,-2.5871,1.2769,13.6383 
2010-02-23,-4.5723,-0.7543,1.1597 
2010-02-24,-4.1157,-0.9424,4.3794 
2010-02-25,-7.4907,-1.5417,3.1816 
2010-02-26,-7.0338,-3.7152,6.7376 
2010-02-27,-3.7197,-0.2522,3.2279 
2010-02-28,-2.9607,1.6779,0.3107 
2010-03-01,-4.8182,0.7264,0.0553 
2010-03-02,-6.8631,0.5588,0.0179 
2010-03-03,-7.4124,0.2148,0.1013 
2010-03-04,-7.5014,1.1569,0.0015 
2010-03-05,-6.8196,1.4879,3.5310e-05 
2010-03-06,-2.3530,3.7426,6.0425e-05 
2010-03-07,-1.5279,5.5436,3.2726e-05 
2010-03-08,0.6224,7.8351,9.0435e-04 
2010-03-09,3.0387,11.0248,4.8469e-08 
2010-03-10,4.6363,13.4739,0.4446 
2010-03-11,6.6586,15.5057,0.0143 
2010-03-12,9.6302,15.6755,9.1234 
2010-03-13,4.6477,13.1142,5.2062 
2010-03-14,2.7320,5.0615,2.5816 
2010-03-15,2.6938,11.1223,0.1580 
2010-03-16,1.9250,14.0439,3.6799e-06 
2010-03-17,6.3164,14.9144,0.0000 
2010-03-18,5.3894,16.0874,6.9059e-05 
2010-03-19,6.3843,16.6344,2.0344e-04 
2010-03-20,1.1538,14.9232,0.4340 
2010-03-21,-2.9336,8.5683,0.5952 
2010-03-22,0.0742,7.7358,1.5311 
2010-03-23,1.8051,10.1169,0.2020 
2010-03-24,2.2462,12.7147,5.5747e-05 
2010-03-25,2.0474,12.4393,2.1601 
2010-03-26,-6.1172,3.0392,0.0046 
2010-03-27,-4.8881,6.7892,8.4460e-04 
2010-03-28,3.0179,8.0732,6.1214 
2010-03-29,0.5251,9.7737,1.2550 
2010-03-30,-1.3705,12.6198,9.0161e-04 
2010-03-31,4.6569,20.2378,1.6258e-04 
2010-04-01,12.6338,25.1882,0.0000 
2010-04-02,13.2989,26.0355,0.0000 
2010-04-03,10.2665,24.7302,1.2013 
2010-04-04,6.5460,20.4385,0.0482 
2010-04-05,10.0891,20.9820,2.2763 
2010-04-06,12.8806,24.7840,9.6353 
2010-04-07,14.1900,24.5096,7.6521 
2010-04-08,5.1381,14.5801,6.5281 
2010-04-09,-2.5338,7.4321,0.0127 
2010-04-10,2.0542,19.0693,0.0162 
2010-04-11,7.8566,18.7697,0.1525 
2010-04-12,6.3459,16.9226,0.0228 
2010-04-13,4.7726,14.0867,5.1468 
2010-04-14,6.1826,18.9541,0.0123 
2010-04-15,12.4086,26.8971,0.0000 
2010-04-16,14.1545,25.5756,0.0013 
2010-04-17,2.6610,12.4971,6.7703e-04 
2010-04-18,-0.3379,11.2570,4.1929e-05 
2010-04-19,3.5556,14.4160,5.9493e-05 
2010-04-20,6.2185,15.7113,4.1971e-05 
2010-04-21,8.6288,18.0630,0.0281 
2010-04-22,1.4699,16.3297,0.0215 
2010-04-23,2.1414,15.2982,5.7551e-04 
2010-04-24,7.8654,16.8961,1.3110 
2010-04-25,10.6372,15.9652,15.8361 
2010-04-26,7.9528,14.6037,4.0133 
2010-04-27,1.0051,11.8943,6.6419e-04 
2010-04-28,3.3787,13.6378,6.3067e-04 
2010-04-29,8.2061,16.9072,0.2326 
2010-04-30,13.3370,25.3274,0.0000 
2010-05-01,17.4516,24.9894,6.7034 
2010-05-02,16.6453,21.1695,17.4805 
2010-05-03,12.5520,20.5116,7.7725 
2010-05-04,11.4556,21.0212,1.2438 
2010-05-05,15.3544,22.3813,0.6366 
2010-05-06,8.3806,18.1048,0.0552 
2010-05-07,8.4968,18.0191,20.1361 
2010-05-08,4.4733,15.4799,12.6670 
2010-05-09,-1.8783,9.7411,0.1922 
2010-05-10,3.0552,12.0344,6.8788e-04 
2010-05-11,5.5047,10.7929,26.8902 
2010-05-12,6.0238,13.4548,1.0758 
2010-05-13,5.9010,20.8539,15.7600 
2010-05-14,10.7866,22.0223,0.6645 
2010-05-15,8.4334,16.3329,4.1745e-04 
2010-05-16,8.9539,16.9548,8.7178e-05 
2010-05-17,10.5130,16.4735,1.3765 
2010-05-18,9.4107,14.3189,6.3883 
2010-05-19,7.9978,21.5602,0.0234 
2010-05-20,16.2571,25.2713,3.0809e-05 
2010-05-21,14.3280,23.9707,3.0401 
2010-05-22,15.3210,21.8904,29.4000 
2010-05-23,17.1675,25.5054,0.2045 
2010-05-24,17.1128,26.1203,3.5452e-05 
2010-05-25,17.5037,25.9710,0.0000 
2010-05-26,20.6296,28.0275,8.1968e-04 
2010-05-27,20.6163,27.8216,0.0119 
2010-05-28,16.7751,25.9891,0.0124 
2010-05-29,18.4225,26.4158,0.0012 
2010-05-30,19.5899,28.1076,6.8506e-05 
2010-05-31,20.8439,27.5601,12.6221 
2010-06-01,16.3846,25.3893,2.9749 
2010-06-02,18.8391,24.9938,7.7942 
2010-06-03,16.8243,24.5454,1.1965 
2010-06-04,14.5450,24.7319,0.4811 
2010-06-05,17.9642,24.8602,4.2219 
2010-06-06,14.4526,19.5125,52.6118 
2010-06-07,8.9666,18.6863,0.0553 
2010-06-08,11.5869,18.5753,0.6337 
2010-06-09,12.9676,24.5037,6.3676 
2010-06-10,13.7430,22.3616,0.0473 
2010-06-11,16.0996,26.0475,0.4214 
2010-06-12,21.1359,27.9422,0.2712 
2010-06-13,17.6565,27.6612,0.6444 
2010-06-14,18.6752,24.9533,0.9683 
2010-06-15,17.4097,23.9781,0.0818 
2010-06-16,19.0710,23.2799,1.5121 
2010-06-17,13.3707,23.7118,1.3271e-04 
2010-06-18,16.9152,29.4172,0.0286 
2010-06-19,21.8783,29.4377,13.5293 
2010-06-20,17.7733,25.7114,3.1332e-04 
2010-06-21,18.3061,25.9675,0.0118 
2010-06-22,19.1421,27.7308,22.2524 
2010-06-23,22.4687,30.3332,2.9913 
2010-06-24,18.1610,30.0447,13.0449 
2010-06-25,14.7966,24.9196,7.5510e-04 
2010-06-26,18.6611,28.2629,0.0460 
2010-06-27,19.5301,29.8871,5.3687 
2010-06-28,20.7452,25.3742,1.8284 
2010-06-29,11.8505,23.1508,1.3381e-04 
2010-06-30,11.0647,20.0851,0.0000 
2010-07-01,11.3856,21.8431,0.0000 
2010-07-02,15.4088,24.9334,5.7167e-05 
2010-07-03,18.7703,27.7567,0.0000 
2010-07-04,20.9649,31.7102,0.0018 
2010-07-05,23.1179,31.3102,0.0105 
2010-07-06,23.3425,32.0084,1.6097e-05 
2010-07-07,25.3414,31.7469,0.0142 
2010-07-08,25.4262,30.7640,6.2252 
2010-07-09,21.4807,28.4727,2.1946 
2010-07-10,21.1583,27.3342,0.0065 
2010-07-11,22.2493,28.2972,1.3402 
2010-07-12,18.0926,27.1380,5.8842 
2010-07-13,18.2989,26.0237,4.1690 
2010-07-14,19.9705,28.1209,1.0808 
2010-07-15,21.7818,31.1435,5.4568 
2010-07-16,21.4383,28.1480,8.5449 
2010-07-17,21.6714,28.4353,0.0032 
2010-07-18,21.9774,30.8185,0.1533 
2010-07-19,20.8007,28.9218,0.9230 
2010-07-20,18.5505,27.4052,24.2220 
2010-07-21,19.9947,27.5240,0.0926 
2010-07-22,20.5944,27.8614,1.3184 
2010-07-23,20.0606,30.8382,19.1275 
2010-07-24,22.4218,29.8994,9.2199 
2010-07-25,19.5751,29.1798,11.5818 
2010-07-26,19.7084,26.2509,0.0261 
2010-07-27,21.8747,27.3492,0.0134 
2010-07-28,22.4636,28.8989,10.3415 
2010-07-29,15.7321,25.2714,0.6652 
2010-07-30,18.7866,25.5717,0.0051 
2010-07-31,19.8699,25.2886,0.4932 
2010-08-01,18.8615,25.6373,0.2124 
2010-08-02,21.6398,28.1203,0.0107 
2010-08-03,23.5899,29.3051,0.0146 
2010-08-04,23.6387,29.1603,0.0518 
2010-08-05,20.6472,28.2033,0.1022 
2010-08-06,18.0183,23.8656,0.0094 
2010-08-07,16.8391,24.2008,0.0128 
2010-08-08,20.5017,28.3777,0.0059 
2010-08-09,21.6861,29.2521,2.8405 
2010-08-10,21.1540,28.6022,0.5526 
2010-08-11,21.6574,29.1641,10.9727 
2010-08-12,20.5807,27.4840,3.7105 
2010-08-13,21.2103,28.7723,0.0518 
2010-08-14,22.5098,31.3581,0.0371 
2010-08-15,22.5053,30.8009,0.3384 
2010-08-16,17.7663,26.6064,0.0024 
2010-08-17,16.6466,25.2187,8.2088e-04 
2010-08-18,17.5793,24.1360,0.2963 
2010-08-19,21.2590,27.6468,0.0058 
2010-08-20,18.0481,27.9656,0.0056 
2010-08-21,20.5106,27.2567,4.1477 
2010-08-22,18.9204,25.1096,0.1936 
2010-08-23,16.2221,25.7551,0.0012 
2010-08-24,15.9473,24.8170,0.0285 
2010-08-25,19.2725,24.2183,0.0810 
2010-08-26,12.0413,21.2381,0.0101 
2010-08-27,15.4486,23.8715,2.3443e-04 
2010-08-28,18.2470,25.9048,0.0000 
2010-08-29,20.7380,30.5166,0.0013 
2010-08-30,24.8120,29.8746,0.0062 
2010-08-31,23.3240,30.4722,0.0036 
2010-09-01,22.4103,30.1015,0.2924 
2010-09-02,20.2013,27.2393,4.8481 
2010-09-03,16.8104,23.1599,2.7926 
2010-09-04,11.3638,16.7053,0.8489 
2010-09-05,9.2163,18.8641,0.0171 
2010-09-06,14.9925,25.9692,1.4666 
2010-09-07,18.8811,25.1903,0.1001 
2010-09-08,12.9379,20.7367,0.0023 
2010-09-09,8.8157,17.7885,0.0014 
2010-09-10,10.8713,19.4804,0.0012 
2010-09-11,11.8970,18.9798,7.5762 
2010-09-12,11.5381,21.3755,1.5094 
2010-09-13,15.0977,22.7887,0.0126 
2010-09-14,13.4247,20.2040,0.0058 
2010-09-15,10.8640,19.9768,0.0130 
2010-09-16,14.3049,20.8630,27.2653 
2010-09-17,10.7161,17.4164,0.9190 
2010-09-18,12.9830,22.3165,3.1575 
2010-09-19,10.4975,18.5151,0.1461 
2010-09-20,9.9622,18.0377,0.0011 
2010-09-21,14.9890,29.4171,0.0189 
2010-09-22,18.5340,27.7686,6.7101 
2010-09-23,14.5525,28.5424,0.0137 
2010-09-24,20.4280,27.5623,0.0101 
2010-09-25,11.1164,18.7959,9.9588e-04 
2010-09-26,5.4884,14.1989,0.0054 
2010-09-27,8.5728,16.3971,0.6360 
2010-09-28,10.9038,15.2656,16.3711 
2010-09-29,10.3091,18.4698,0.3745 
2010-09-30,13.5406,19.0866,0.0235 
2010-10-01,7.2447,16.5196,0.0014 
2010-10-02,7.8691,14.5034,6.9766 
2010-10-03,5.5586,10.0385,0.3409 
2010-10-04,3.4101,12.6909,4.2340e-04 
2010-10-05,6.0355,15.4527,9.5326e-05 
2010-10-06,7.2778,18.2982,7.2543e-06 
2010-10-07,8.6210,18.2712,8.8627e-06 
2010-10-08,10.9161,23.0184,0.0000 
2010-10-09,13.8885,21.3309,0.0000 
2010-10-10,12.1847,24.6840,4.9279e-05 
2010-10-11,15.9397,23.3758,0.0037 
2010-10-12,8.2419,18.8440,0.0012 
2010-10-13,9.3711,16.6789,2.3702 
2010-10-14,5.7046,14.4141,7.3087 
2010-10-15,6.4388,13.1588,0.0716 
2010-10-16,6.0951,15.6104,1.6552e-04 
2010-10-17,7.2975,14.4908,8.2347e-06 
2010-10-18,7.8415,12.1529,0.0371 
2010-10-19,4.7109,12.1294,0.0150 
2010-10-20,5.4996,15.3781,0.1358 
2010-10-21,3.3740,13.8468,6.4797 
2010-10-22,1.9999,12.0024,0.0307 
2010-10-23,8.4617,16.1575,0.3336 
2010-10-24,14.7953,22.4447,0.1893 
2010-10-25,15.1290,21.2089,0.4536 
2010-10-26,12.5858,20.2810,5.3328 
2010-10-27,9.5589,15.4680,0.0129 
2010-10-28,5.7098,13.6800,0.2463 
2010-10-29,1.9504,9.2096,0.1571 
2010-10-30,3.3615,11.5982,0.0019 
2010-10-31,-0.8667,10.5587,0.0321 
2010-11-01,0.4603,7.1837,0.0072 
2010-11-02,1.2211,7.5454,0.0022 
2010-11-03,1.4125,7.8251,0.4002 
2010-11-04,1.6093,6.8534,0.4765 
2010-11-05,0.1568,5.2873,0.4057 
2010-11-06,-5.9876,3.8975,0.2841 
2010-11-07,-1.1336,9.1000,6.1547e-07 
2010-11-08,3.4586,13.3299,0.0000 
2010-11-09,4.2886,13.1094,0.0054 
2010-11-10,3.6584,11.8163,0.0196 
2010-11-11,4.3396,14.2770,0.0160 
2010-11-12,7.2200,15.6093,0.0346 
2010-11-13,5.4199,15.1960,0.0835 
2010-11-14,1.8767,13.8451,1.6540 
2010-11-15,1.0380,8.8657,0.0128 
2010-11-16,3.7207,9.2853,0.4548 
2010-11-17,4.9620,10.2797,11.5832 
2010-11-18,1.2768,7.8829,0.6635 
2010-11-19,-0.5392,6.4386,0.0311 
2010-11-20,0.1314,6.7301,2.2459e-04 
2010-11-21,-0.5356,12.2800,0.0845 
2010-11-22,12.3497,15.8299,16.2353 
2010-11-23,-1.4140,16.2334,13.7642 
2010-11-24,-4.7292,1.8948,0.1173 
2010-11-25,2.1195,8.2762,21.3962 
2010-11-26,-6.1664,5.8737,5.3946 
2010-11-27,-3.4701,1.3528,0.1729 
2010-11-28,-5.7332,1.7153,0.0095 
2010-11-29,-1.9699,5.6200,0.0010 
2010-11-30,4.1567,11.4892,15.1244 
2010-12-01,-4.4903,4.2915,1.3188 
2010-12-02,-4.4661,-1.7318,0.4330 
2010-12-03,-5.2227,-1.2583,0.3072 
2010-12-04,-4.9060,-0.9965,0.0808 
2010-12-05,-6.9834,-2.1214,0.5296 
2010-12-06,-6.0508,-2.9716,0.2386 
2010-12-07,-6.4298,-3.9797,0.2598 
2010-12-08,-7.5804,-3.4966,0.3189 
2010-12-09,-8.8370,-4.0109,0.0779 
2010-12-10,-5.2981,3.1450,3.0837 
2010-12-11,-3.5035,3.0384,0.1972 
2010-12-12,-3.6387,2.2670,22.5627 
2010-12-13,-11.9687,-4.6081,1.9672 
2010-12-14,-13.7735,-7.5092,0.0580 
2010-12-15,-11.3639,-5.1213,0.0511 
2010-12-16,-10.6656,-4.5287,0.0035 
2010-12-17,-7.0766,-3.1537,0.2244 
2010-12-18,-11.1227,-4.7743,0.3643 
2010-12-19,-10.2014,-4.0667,0.5227 
2010-12-20,-7.6098,-2.4313,0.2341 
2010-12-21,-5.2771,-2.1967,0.1253 
2010-12-22,-4.8214,-1.5179,1.1304 
2010-12-23,-5.5824,-1.6841,0.0724 
2010-12-24,-8.1737,-2.8684,0.0433 
2010-12-25,-5.6879,-2.1765,0.1666 
2010-12-26,-4.6742,-2.8651,0.4431 
2010-12-27,-11.1879,-3.8962,0.0699 
2010-12-28,-8.4841,-2.6262,0.0645 
2010-12-29,-7.7341,-1.1683,0.0128 
2010-12-30,-4.6570,3.3692,0.6463 
2010-12-31,2.7106,8.8307,4.3693 
2011-01-01,-2.8817,10.7418,8.6467 
2011-01-02,-8.6950,-4.3686,0.3576 
2011-01-03,-9.1478,-0.3346,0.0409 
2011-01-04,-3.2091,-0.3510,0.8108 
2011-01-05,-8.5454,-4.1060,0.4376 
2011-01-06,-7.1708,-2.2871,1.0351 
2011-01-07,-11.0438,-4.8574,1.1766 
2011-01-08,-12.1807,-6.8079,1.0193 
2011-01-09,-13.8264,-3.7278,0.1089 
2011-01-10,-9.2083,-4.1530,0.0335 
2011-01-11,-8.2216,-5.0799,5.1375 
2011-01-12,-6.6667,-4.5848,2.9535 
2011-01-13,-11.9520,-5.0144,0.3223 
2011-01-14,-10.6284,-5.7911,0.8843 
2011-01-15,-8.1501,-3.2499,2.1696 
2011-01-16,-13.8206,-3.8882,0.0788 
2011-01-17,-14.7624,-5.6693,0.1528 
2011-01-18,-5.1649,2.1803,5.1442 
2011-01-19,-7.8608,-1.7684,0.5036 
2011-01-20,-11.2244,-5.7706,0.9546 
2011-01-21,-13.2215,-6.5047,1.2206 
2011-01-22,-16.8615,-9.7798,0.4849 
2011-01-23,-16.8041,-9.4225,0.1383 
2011-01-24,-16.3788,-6.3002,1.9353 
2011-01-25,-5.9241,-1.6039,0.1908 
2011-01-26,-4.8028,-1.4679,0.1569 
2011-01-27,-7.0038,-2.5910,1.9668 
2011-01-28,-6.8553,-1.8958,0.8712 
2011-01-29,-6.8344,-2.2970,3.2735 
2011-01-30,-6.9339,-3.4476,0.2210 
2011-01-31,-12.7875,-7.5879,0.0531 
2011-02-01,-11.1082,-6.7030,2.2986 
2011-02-02,-8.6341,-5.6227,15.0103 
2011-02-03,-12.2532,-6.9518,0.0304 
2011-02-04,-14.3646,-6.2234,0.0174 
2011-02-05,-11.3614,-4.1775,1.9032 
2011-02-06,-10.0869,-2.8673,0.6256 
2011-02-07,-3.9373,-2.4749,0.6308 
2011-02-08,-14.0358,-4.5485,0.1942 
2011-02-09,-12.4917,-7.9412,0.0887 
2011-02-10,-16.1470,-9.2821,0.1117 
2011-02-11,-17.5750,-6.3544,0.2010 
2011-02-12,-7.2561,-1.1957,0.2811 
2011-02-13,-3.2389,4.5651,0.6446 
2011-02-14,-1.5732,3.7413,0.0527 
2011-02-15,-8.0589,-2.4327,6.0373e-04 
2011-02-16,-3.8329,4.3296,0.0914 
2011-02-17,2.5732,11.9155,0.0145 
2011-02-18,3.0280,13.3085,0.0191 
2011-02-19,-5.4798,2.5723,0.0013 
2011-02-20,-7.0086,-0.1192,7.8157 
2011-02-21,-7.6099,-1.7316,20.0456 
2011-02-22,-12.4619,-6.4686,0.0864 
2011-02-23,-9.6204,-4.1092,0.0292 
2011-02-24,-6.8716,1.6307,3.3540 
2011-02-25,-4.5053,-0.8034,4.4277 
2011-02-26,-7.0653,-0.8019,1.6824 
2011-02-27,-3.6980,2.4445,0.4416 
2011-02-28,-3.1827,1.3164,16.2922 
2011-03-01,-6.6749,1.8791,0.0022 
2011-03-02,-4.7357,2.2956,0.0313 
2011-03-03,-11.6594,-2.6453,0.0053 
2011-03-04,-2.8413,8.7420,1.0009 
2011-03-05,-0.7087,9.8321,22.7477 
2011-03-06,-5.6324,-0.5577,1.8648 
2011-03-07,-11.6642,-0.7442,0.0058 
2011-03-08,-5.2195,2.6648,0.0016 
2011-03-09,0.5772,6.9257,10.5608 
2011-03-10,1.1193,7.8699,2.1464 
2011-03-11,-1.3984,4.4518,2.6503 
2011-03-12,-1.9888,4.6221,0.1807 
2011-03-13,-1.8363,4.0359,0.1204 
2011-03-14,-5.4560,2.9893,0.2659 
2011-03-15,-3.8380,3.8579,2.1053 
2011-03-16,2.1066,11.5250,2.7658 
2011-03-17,5.2378,16.1456,1.7300e-05 
2011-03-18,6.8937,16.6966,0.0023 
2011-03-19,-3.5137,7.4530,9.9288e-05 
2011-03-20,-2.2934,9.0760,1.1215 
2011-03-21,7.8465,13.3699,15.7222 
2011-03-22,-1.4130,9.3891,3.3717 
2011-03-23,-2.4047,2.5195,11.7395 
2011-03-24,-6.2140,-1.7283,0.1840 
2011-03-25,-12.5906,-2.6138,2.6612e-04 
2011-03-26,-11.7141,-1.8714,0.0092 
2011-03-27,-9.9520,-0.3970,7.7453e-04 
2011-03-28,-9.3162,1.3514,3.3883e-04 
2011-03-29,-4.7932,4.6124,5.9042e-07 
2011-03-30,-2.4221,4.0314,0.0020 
2011-03-31,-1.7005,5.5687,0.0014 
2011-04-01,1.8090,7.6663,0.0014 
2011-04-02,-0.2139,7.5190,1.1531 
2011-04-03,1.5742,6.3814,3.5556 
2011-04-04,5.3579,18.3759,1.2248 
2011-04-05,-1.4514,6.3553,0.0492 
2011-04-06,1.0373,6.9214,16.3162 
2011-04-07,-0.4344,10.7507,0.6949 
2011-04-08,2.9925,8.4300,7.9686 
2011-04-09,1.3999,13.4721,0.0292 
2011-04-10,7.8432,24.9587,0.2700 
2011-04-11,12.3842,24.1350,8.4095 
2011-04-12,2.4212,12.6043,8.9199e-05 
2011-04-13,3.5026,15.5958,1.4241e-04 
2011-04-14,4.7306,15.2294,0.0088 
2011-04-15,1.9161,12.2854,0.0839 
2011-04-16,9.2896,14.8573,5.3751 
2011-04-17,1.4813,7.9033,0.8735 
2011-04-18,-2.5854,5.5379,3.8351 
2011-04-19,-1.3692,5.2985,2.3356 
2011-04-20,2.6945,7.7875,21.6513 
2011-04-21,-1.5982,9.7819,0.0651 
2011-04-22,1.0071,8.9226,4.2636 
2011-04-23,7.0824,18.6142,17.5538 
2011-04-24,6.8876,15.2709,0.3355 
2011-04-25,8.2450,14.6823,5.7925 
2011-04-26,7.8221,19.8161,1.8866 
2011-04-27,14.1133,18.4459,12.2407 
2011-04-28,6.2788,15.7398,33.8612 
2011-04-29,2.2955,13.5236,0.3228 
2011-04-30,3.4720,13.2183,1.4639e-04 
2011-05-01,10.6205,20.2787,1.3491 
2011-05-02,6.5978,17.9152,0.0229 
2011-05-03,4.6235,11.2268,0.0635 
2011-05-04,4.0682,12.2813,0.0054 
2011-05-05,5.8645,16.2086,0.0058 
2011-05-06,9.7212,15.7712,2.6351 
2011-05-07,10.0444,18.2084,0.1718 
2011-05-08,7.3665,18.0301,0.0030 
2011-05-09,7.8173,17.7406,0.0426 
2011-05-10,11.0256,19.6749,1.4474 
2011-05-11,13.9561,24.9365,0.0017 
2011-05-12,16.6493,28.2719,8.2014 
2011-05-13,17.4106,23.2927,3.3923 
2011-05-14,13.6549,20.6560,14.8965 
2011-05-15,5.5877,12.8718,18.4525 
2011-05-16,4.3561,9.3035,1.0884 
2011-05-17,4.8933,15.0242,0.1424 
2011-05-18,10.8518,18.0319,7.9456 
2011-05-19,13.0539,18.3076,12.8147 
2011-05-20,13.1622,21.7346,0.1139 
2011-05-21,15.6423,23.6778,0.1814 
2011-05-22,17.1484,27.7551,1.9256 
2011-05-23,17.2676,27.5785,6.1491 
2011-05-24,13.1059,23.5558,0.5066 
2011-05-25,9.3592,21.5630,50.3113 
2011-05-26,9.3383,17.4892,15.7698 
2011-05-27,6.4991,14.8533,4.1266 
2011-05-28,11.1556,19.2772,1.4316 
2011-05-29,15.6811,25.3997,8.5874 
2011-05-30,20.7067,28.5481,0.7442 
2011-05-31,21.9643,30.0148,0.0079 
2011-06-01,18.9509,29.2473,0.3578 
2011-06-02,12.2012,20.6890,1.2857e-04 
2011-06-03,11.7899,20.7494,0.0030 
2011-06-04,14.7895,30.8838,0.0048 
2011-06-05,18.6048,29.0701,0.0114 
2011-06-06,17.6264,28.0952,0.0031 
2011-06-07,23.2557,33.2467,0.0012 
2011-06-08,24.6886,32.2255,0.0037 
2011-06-09,19.3240,30.3621,0.3085 
2011-06-10,11.2293,21.8818,9.2934 
2011-06-11,14.0011,23.2105,1.0761 
2011-06-12,8.8256,23.0473,3.4846e-04 
2011-06-13,10.9752,21.4354,2.0504e-05 
2011-06-14,11.9275,21.8652,2.4035e-05 
2011-06-15,14.1985,20.8577,0.9521 
2011-06-16,15.3205,22.5726,4.1242 
2011-06-17,16.8181,24.4928,1.0666 
2011-06-18,19.4558,25.9513,0.0131 
2011-06-19,16.5619,25.5161,0.0076 
2011-06-20,17.0512,25.9008,0.7007 
2011-06-21,19.2159,28.9736,1.4346 
2011-06-22,19.8928,25.7849,14.6172 
2011-06-23,17.3150,22.3778,4.8393 
2011-06-24,16.3394,20.3446,3.0312 
2011-06-25,12.4308,23.3556,0.0455 
2011-06-26,17.1985,24.0825,0.0024 
2011-06-27,16.6610,24.4088,0.0291 
2011-06-28,17.7966,21.7591,0.0103 
2011-06-29,12.3440,23.1153,8.4622e-04 
2011-06-30,17.4279,27.4301,5.5436e-05 
2011-07-01,18.1961,28.8015,0.0163 
2011-07-02,20.5948,32.2295,0.0269 
2011-07-03,20.3826,30.7716,2.8328 
2011-07-04,20.6784,27.1855,0.0045 
2011-07-05,21.4048,28.8845,0.0000 
2011-07-06,23.7803,28.5350,0.0077 
2011-07-07,18.2870,28.1060,0.0025 
2011-07-08,19.7397,28.0984,0.0154 
2011-07-09,20.1875,28.8795,0.0011 
2011-07-10,22.2969,31.4018,0.0000 
2011-07-11,24.8431,31.4098,10.7981 
2011-07-12,21.0413,30.4366,0.3617 
2011-07-13,14.6288,26.4294,0.0039 
2011-07-14,14.4425,23.5724,0.0021 
2011-07-15,19.8303,26.7539,0.1135 
2011-07-16,22.4802,29.3301,0.0020 
2011-07-17,24.5279,31.0924,4.1810e-06 
2011-07-18,24.9067,33.7976,2.7345 
2011-07-19,21.4121,32.2095,5.9561 
2011-07-20,23.8752,33.3553,0.0106 
2011-07-21,27.2421,33.7851,0.0243 
2011-07-22,25.1647,32.9391,1.6083 
2011-07-23,22.3288,32.1456,3.0224 
2011-07-24,21.0916,29.9605,0.6751 
2011-07-25,21.3647,29.7418,0.0235 
2011-07-26,21.1881,26.3792,5.5873e-07 
2011-07-27,18.2179,26.5996,1.7381 
2011-07-28,21.7148,30.6395,87.0865 
2011-07-29,21.0701,30.0033,30.7603 
2011-07-30,22.7977,28.8196,0.1001 
2011-07-31,24.7997,29.9252,0.0202 
2011-08-01,22.3404,29.5119,0.0188 
2011-08-02,23.6751,29.2619,0.5788 
2011-08-03,21.5180,29.2261,18.9416 
2011-08-04,16.7856,25.6972,0.0944 
2011-08-05,20.6513,26.7055,0.0229 
2011-08-06,21.9386,27.2411,2.6612 
2011-08-07,20.5463,27.1468,0.7370 
2011-08-08,17.8529,24.7262,1.9727 
2011-08-09,18.4756,25.4605,31.3439 
2011-08-10,16.9955,23.4259,0.1491 
2011-08-11,14.7316,24.0052,0.0016 
2011-08-12,19.6683,24.9026,4.2430e-05 
2011-08-13,20.1723,26.2735,4.5103 
2011-08-14,16.3958,21.9391,5.1481 
2011-08-15,14.3768,23.6154,0.3599 
2011-08-16,17.6995,25.3584,0.0027 
2011-08-17,20.1495,25.5201,9.2627e-04 
2011-08-18,21.5493,25.8272,1.6872 
2011-08-19,19.1506,26.8848,0.1062 
2011-08-20,17.9636,27.8637,4.5917 
2011-08-21,17.0029,23.1682,4.5580 
2011-08-22,12.0954,21.4939,0.0563 
2011-08-23,17.5723,25.9974,0.2648 
2011-08-24,18.4006,29.6429,12.6705 
2011-08-25,16.9300,22.8399,5.4794 
2011-08-26,16.5875,24.1321,1.0007e-04 
2011-08-27,18.7208,25.4147,0.0177 
2011-08-28,14.1086,23.3959,0.0021 
2011-08-29,16.0096,22.4220,8.0612e-06 
2011-08-30,17.7703,22.9503,0.0234 
2011-08-31,19.2881,25.8570,0.0707 
2011-09-01,21.5247,29.1466,0.0084 
2011-09-02,25.1557,31.2490,0.0947 
2011-09-03,24.7891,31.3206,0.4804 
2011-09-04,18.4011,29.6467,8.1860 
2011-09-05,12.1984,20.2150,0.0492 
2011-09-06,9.3622,16.6315,0.0050 
2011-09-07,11.5995,17.4393,13.3202 
2011-09-08,13.7938,19.1652,13.7029 
2011-09-09,15.7030,21.2945,8.5772 
2011-09-10,17.3998,22.5175,16.8909 
2011-09-11,16.3949,23.7752,0.4029 
2011-09-12,16.6796,26.3641,0.5297 
2011-09-13,19.7538,24.8225,0.0797 
2011-09-14,11.2760,19.8688,4.5198 
2011-09-15,4.3901,12.9674,2.4728 
2011-09-16,6.8280,12.5587,1.1535e-05 
2011-09-17,10.2396,16.0321,0.0000 
2011-09-18,10.0997,18.1111,0.0121 
2011-09-19,14.8266,18.4113,14.0232 
2011-09-20,12.6507,19.2028,0.3291 
2011-09-21,13.7639,22.3143,0.1254 
2011-09-22,13.4983,20.7117,0.0807 
2011-09-23,11.4630,17.7375,5.6150 
2011-09-24,9.5848,16.6519,0.1854 
2011-09-25,12.1966,19.9801,0.3378 
2011-09-26,15.7325,18.8473,18.9308 
2011-09-27,12.5805,17.2186,1.2235 
2011-09-28,11.9980,15.0199,7.0220 
2011-09-29,9.5026,16.5704,3.0861 
2011-09-30,6.4433,13.8133,7.3193 
2011-10-01,5.2933,10.2066,2.7875 
2011-10-02,2.3436,13.3784,0.0543 
2011-10-03,5.9170,16.1779,0.0654 
2011-10-04,9.0093,19.5649,0.0020 
2011-10-05,14.6194,22.1558,0.0032 
2011-10-06,12.6784,22.0999,0.0064 
2011-10-07,14.4982,23.0754,0.0071 
2011-10-08,15.5213,24.4214,0.0123 
2011-10-09,16.4554,24.5961,6.5580e-07 
2011-10-10,16.9972,21.9848,3.2746e-06 
2011-10-11,16.1359,22.6875,0.0097 
2011-10-12,14.7325,19.5840,0.1279 
2011-10-13,11.6964,17.9580,0.1641 
2011-10-14,10.5828,16.4248,6.2929 
2011-10-15,7.2022,10.8258,4.3791 
2011-10-16,8.4426,14.3278,0.1719 
2011-10-17,5.9287,12.5658,0.0056 
2011-10-18,5.5562,12.3650,0.7907 
2011-10-19,6.6332,10.1304,13.2037 
2011-10-20,4.4106,10.0944,23.5397 
2011-10-21,3.9785,9.7389,0.8996 
2011-10-22,3.1220,11.8031,0.0932 
2011-10-23,6.1645,14.7855,1.1679e-05 
2011-10-24,9.8385,13.5258,7.9178 
2011-10-25,6.9618,15.8180,0.5611 
2011-10-26,8.4254,16.0569,1.7379 
2011-10-27,3.3304,8.0307,2.6480 
2011-10-28,1.8946,8.5166,0.3924 
2011-10-29,3.4315,8.4010,2.0079 
2011-10-30,2.4212,8.3488,0.8529 
2011-10-31,5.4574,9.5548,0.6435 
2011-11-01,5.6557,12.7280,0.0176 
2011-11-02,6.8707,16.0881,8.7232e-06 
2011-11-03,7.1355,14.9438,0.0094 
2011-11-04,1.4883,9.5164,5.0523e-04 
2011-11-05,1.2827,9.6989,2.5773e-05 
2011-11-06,3.3581,14.4632,0.0000 
2011-11-07,9.0138,14.2027,0.3039 
2011-11-08,10.6224,17.3192,3.2711 
2011-11-09,10.1631,16.3349,9.0872 
2011-11-10,2.2961,8.3144,0.8447 
2011-11-11,-1.5069,3.9272,0.1716 
2011-11-12,0.9255,13.3621,3.6673e-04 
2011-11-13,9.4021,15.7903,0.0021 
2011-11-14,7.6531,16.4761,12.2165 
2011-11-15,5.8534,12.3943,0.1144 
2011-11-16,2.5938,10.1179,0.0081 
2011-11-17,-2.4589,1.7818,0.2319 
2011-11-18,-5.1247,5.4988,0.0476 
2011-11-19,2.0608,9.6611,5.7539e-04 
2011-11-20,5.6063,13.0806,0.0397 
2011-11-21,-1.4226,5.8399,0.0272 
2011-11-22,-1.3880,3.8782,11.7181 
2011-11-23,0.6166,7.3665,19.1025 
2011-11-24,1.4429,8.8961,1.6442e-08 
2011-11-25,4.9224,11.4660,1.0871e-06 
2011-11-26,7.5920,13.6968,0.0394 
2011-11-27,4.3823,13.4714,15.3135 
2011-11-28,-1.9723,4.7210,1.7890 
2011-11-29,1.4913,3.5824,59.2381 
2011-11-30,-3.0176,1.7055,7.0395 
2011-12-01,-3.3837,2.0016,0.1327 
2011-12-02,-2.5966,0.5417,2.7527 
2011-12-03,-2.1938,5.2098,0.3720 
2011-12-04,4.6371,9.8097,10.6990 
2011-12-05,0.3651,8.1635,4.7279 
2011-12-06,-1.2520,0.9150,1.2927 
2011-12-07,-6.3135,0.5582,0.2020 
2011-12-08,-6.1851,1.1719,0.0073 
2011-12-09,-3.8796,-0.7586,1.2412 
2011-12-10,-9.5611,-3.9663,0.0337 
2011-12-11,-10.0815,-0.0359,0.0038 
2011-12-12,-4.7327,3.2331,9.7819e-04 
2011-12-13,-0.7902,4.3053,0.0349 
2011-12-14,1.9247,9.9137,12.9084 
2011-12-15,4.8414,13.8380,8.7842 
2011-12-16,-2.1975,3.9734,0.3845 
2011-12-17,-5.1208,-1.4302,1.0981 
2011-12-18,-2.9121,1.6379,0.4924 
2011-12-19,0.2786,7.3745,0.1070 
2011-12-20,-2.6769,4.8725,0.0629 
2011-12-21,0.7304,7.5372,4.6134 
2011-12-22,1.2800,5.0923,0.7783 
2011-12-23,-6.5281,2.7872,1.5090 
2011-12-24,-3.3638,0.6885,0.3799 
2011-12-25,-1.8477,4.9874,0.0098 
2011-12-26,-3.3087,4.8485,0.0228 
2011-12-27,-0.1677,2.8326,9.4793 
2011-12-28,-7.4687,0.5303,0.6530 
2011-12-29,-7.0477,1.5689,1.5477 
2011-12-30,-1.0708,4.4309,6.1957 
2011-12-31,0.6575,6.3784,2.1379 
2012-01-01,-0.0125,5.7920,0.6433 
2012-01-02,-4.2995,-0.4991,1.0293 
2012-01-03,-9.9746,-4.7214,0.2808 
2012-01-04,-9.2448,1.1870,0.0084 
2012-01-05,-3.9488,2.7480,0.0104 
2012-01-06,0.8307,9.2425,5.5016e-04 
2012-01-07,-0.3201,5.9365,0.0093 
2012-01-08,-2.3167,2.5225,0.0083 
2012-01-09,-2.6107,4.0931,5.3429e-05 
2012-01-10,-1.0506,6.5816,2.7158e-04 
2012-01-11,1.3571,7.5837,0.0090 
2012-01-12,1.2977,5.1350,7.5821 
2012-01-13,-5.1502,0.8888,5.3133 
2012-01-14,-8.3303,-5.2109,1.1328 
2012-01-15,-10.5850,-6.6887,0.2324 
2012-01-16,-9.8312,4.0416,0.1740 
2012-01-17,-1.0786,7.9695,19.5626 
2012-01-18,-10.5875,-2.0039,0.2572 
2012-01-19,-10.0149,-4.4919,0.9640 
2012-01-20,-15.5512,-9.1932,0.9598 
2012-01-21,-12.7782,-5.5555,4.4256 
2012-01-22,-9.0232,0.0816,0.0840 
2012-01-23,0.7186,10.2975,15.4454 
2012-01-24,-2.7088,1.7932,0.5559 
2012-01-25,-5.0838,0.1165,0.0617 
2012-01-26,-3.0968,1.7903,1.0019 
2012-01-27,-1.3487,2.9842,9.4660 
2012-01-28,-2.4463,1.4594,1.8639 
2012-01-29,-5.0319,-1.3993,2.3885 
2012-01-30,-7.7855,1.7947,0.1996 
2012-01-31,3.0225,10.8457,0.0079 
2012-02-01,0.5506,10.6972,0.0555 
2012-02-02,-0.7179,4.9900,0.0727 
2012-02-03,1.2244,6.4222,0.0043 
2012-02-04,-0.6535,4.9785,0.0103 
2012-02-05,-2.1701,5.4474,0.0037 
2012-02-06,-3.2653,7.0642,0.0051 
2012-02-07,-4.8611,4.4742,0.1095 
2012-02-08,-7.4179,0.8981,0.0039 
2012-02-09,-6.3192,2.5811,4.1435e-04 
2012-02-10,-6.4731,0.4375,1.3366 
2012-02-11,-14.0529,-0.1303,8.4775 
2012-02-12,-9.3247,-1.8077,0.2601 
2012-02-13,-7.5562,0.1551,0.0296 
2012-02-14,-3.4841,0.1413,2.1586 
2012-02-15,-5.0314,2.3519,0.1319 
2012-02-16,0.9642,5.4470,8.3054 
2012-02-17,-2.5477,4.2424,0.0932 
2012-02-18,-1.4819,2.4383,0.3676 
2012-02-19,-6.9598,0.6205,0.0016 
2012-02-20,-5.8511,1.9383,0.0099 
2012-02-21,-4.3526,6.1231,3.5008 
2012-02-22,-0.9482,5.7107,1.2735 
2012-02-23,-0.7706,4.6411,1.1981 
2012-02-24,-1.1447,2.9465,9.6546 
2012-02-25,-4.8016,-0.8246,0.3984 
2012-02-26,-6.9802,1.9533,0.0282 
2012-02-27,-0.4796,2.8960,0.0213 
2012-02-28,-3.9900,1.8934,0.0062 
2012-02-29,-0.7161,10.4407,20.3036 
2012-03-01,0.0693,10.0892,1.1773 
2012-03-02,0.6061,8.3838,7.4713 
2012-03-03,-1.5885,11.8675,6.6239 
2012-03-04,-7.7640,-0.4791,0.6293 
2012-03-05,-10.3932,-1.9311,0.5825 
2012-03-06,-4.4379,11.1725,0.0678 
2012-03-07,8.0644,16.8539,0.0010 
2012-03-08,3.0406,16.8419,3.3614 
2012-03-09,-2.5377,2.1106,0.2814 
2012-03-10,-8.0778,7.8568,0.0107 
2012-03-11,2.7447,15.7777,7.6250e-05 
2012-03-12,7.9290,16.0721,9.3479 
2012-03-13,8.0103,16.0671,7.2294 
2012-03-14,8.1837,23.0475,0.0035 
2012-03-15,14.6477,24.8244,5.3635 
2012-03-16,14.8387,23.1262,5.2565 
2012-03-17,14.1359,22.0309,0.0261 
2012-03-18,13.5545,21.8151,0.0808 
2012-03-19,13.7707,22.8560,0.0463 
2012-03-20,16.5960,24.5110,7.7750e-04 
2012-03-21,17.0591,26.6733,9.8652e-04 
2012-03-22,16.0768,27.5909,0.5841 
2012-03-23,14.7220,25.3784,2.7594 
2012-03-24,12.4962,17.8182,5.3688 
2012-03-25,10.1545,19.0684,0.6085 
2012-03-26,-1.3847,17.6580,6.8601e-04 
2012-03-27,-4.2837,12.1247,0.0064 
2012-03-28,11.3899,14.4562,0.0597 
2012-03-29,-0.9705,10.4233,0.0013 
2012-03-30,-3.1671,9.4004,18.2885 
2012-03-31,-2.7979,8.7953,0.1688 
2012-04-01,2.4131,12.9590,0.0516 
2012-04-02,0.3392,12.6702,0.0105 
2012-04-03,2.5826,19.0674,3.6344 
2012-04-04,3.1504,18.0122,0.0014 
2012-04-05,-0.5971,10.4124,0.0017 
2012-04-06,-0.6360,11.7115,2.2190e-05 
2012-04-07,4.0518,15.2783,0.0000 
2012-04-08,7.2078,14.9617,0.3285 
2012-04-09,5.9451,13.1855,0.0151 
2012-04-10,0.3167,8.6192,0.2021 
2012-04-11,0.4304,9.3698,0.0995 
2012-04-12,2.5922,11.7001,0.0053 
2012-04-13,4.6446,15.3804,0.1350 
2012-04-14,8.2841,15.9489,1.6711 
2012-04-15,13.8198,23.2552,20.4014 
2012-04-16,12.0069,22.7348,1.0652 
2012-04-17,1.3734,11.5624,2.2250e-04 
2012-04-18,1.8530,14.4991,3.6356e-04 
2012-04-19,11.5913,19.7779,0.1228 
2012-04-20,8.7845,19.8886,4.8396 
2012-04-21,0.7165,8.7712,2.7480 
2012-04-22,-0.4833,7.6482,2.3742e-04 
2012-04-23,1.6996,9.9571,3.2462e-04 
2012-04-24,3.9186,12.8384,6.6646e-05 
2012-04-25,5.5694,16.1251,0.1104 
2012-04-26,8.3490,13.0517,2.3285 
2012-04-27,-1.1989,10.2250,5.8064e-04 
2012-04-28,2.1866,10.1523,0.8156 
2012-04-29,1.5831,14.3031,0.0063 
2012-04-30,5.0850,14.2018,15.7344 
2012-05-01,8.9121,18.5305,2.7616 
2012-05-02,10.8191,25.6792,0.1249 
2012-05-03,18.7695,28.4871,0.0707 
2012-05-04,17.6707,27.4557,13.5013 
2012-05-05,11.3576,20.1296,0.0216 
2012-05-06,8.7858,20.2809,6.1587e-04 
2012-05-07,10.8172,21.7351,10.1879 
2012-05-08,11.5178,21.4575,0.5628 
2012-05-09,11.7743,18.3851,1.0476 
2012-05-10,3.8838,14.9869,0.3010 
2012-05-11,10.1743,20.2365,0.0000 
2012-05-12,14.0117,21.0769,1.4722 
2012-05-13,11.8342,18.7032,2.5472 
2012-05-14,13.9745,21.0618,5.9698e-05 
2012-05-15,16.9277,24.1706,0.0119 
2012-05-16,11.7003,23.2847,0.6424 
2012-05-17,9.0191,18.4955,0.0011 
2012-05-18,10.4550,21.1120,0.0000 
2012-05-19,15.5763,26.1703,0.0000 
2012-05-20,18.5644,27.5603,4.9875e-06 
2012-05-21,19.0180,26.1136,0.4691 
2012-05-22,9.7247,21.6653,0.1626 
2012-05-23,12.3123,22.4452,0.0015 
2012-05-24,15.7500,26.5146,5.4924e-06 
2012-05-25,21.2825,27.6035,0.0014 
2012-05-26,16.2583,25.2733,5.1574 
2012-05-27,16.4642,29.1122,0.1291 
2012-05-28,22.2237,29.7971,2.3795e-04 
2012-05-29,19.9345,29.2859,0.2448 
2012-05-30,15.1971,24.0287,6.6433e-05 
2012-05-31,8.1916,16.6446,0.5122 
2012-06-01,8.9914,14.3651,11.5453 
2012-06-02,6.4887,19.4094,0.4764 
2012-06-03,15.6095,22.4283,0.0274 
2012-06-04,11.4879,21.4985,0.0089 
2012-06-05,9.5659,17.9675,0.1729 
2012-06-06,13.6298,22.0870,0.0190 
2012-06-07,15.0171,23.8681,0.0073 
2012-06-08,16.0093,27.3798,1.6534e-04 
2012-06-09,20.5692,28.8666,1.0576e-04 
2012-06-10,23.2446,29.3857,0.0000 
2012-06-11,21.4929,28.8476,0.7588 
2012-06-12,19.2435,24.4579,2.3702 
2012-06-13,9.5070,20.7724,6.0602e-05 
2012-06-14,12.2894,23.9420,1.1776e-05 
2012-06-15,16.3033,28.0505,0.0019 
2012-06-16,20.8599,29.3954,1.1872e-04 
2012-06-17,19.9937,29.3696,5.4708 
2012-06-18,20.7618,31.2032,14.2756 
2012-06-19,22.9778,32.5716,0.8133 
2012-06-20,23.8548,32.3205,0.1647 
2012-06-21,22.8072,30.6079,1.2556 
2012-06-22,17.8983,24.1506,0.9235 
2012-06-23,17.4456,25.0811,0.0021 
2012-06-24,20.0857,27.3437,0.0744 
2012-06-25,14.9836,25.6552,0.0523 
2012-06-26,14.4975,24.4774,1.3278e-05 
2012-06-27,19.6673,28.9911,2.6556e-06 
2012-06-28,21.6677,34.5503,0.0034 
2012-06-29,24.3782,34.0770,0.0016 
2012-06-30,21.1872,30.9031,0.0019 
2012-07-01,22.1807,29.1342,0.0034 
2012-07-02,21.7523,30.0467,0.0056 
2012-07-03,24.3129,32.3094,4.6077 
2012-07-04,25.2948,34.2814,2.6129 
2012-07-05,26.8904,34.7304,12.5996 
2012-07-06,26.6892,33.6256,0.0517 
2012-07-07,28.2887,33.1926,0.0202 
2012-07-08,19.7811,29.2274,0.2653 
2012-07-09,18.2479,26.0074,0.0303 
2012-07-10,18.1295,25.6431,0.0433 
2012-07-11,18.4175,26.6416,0.0000 
2012-07-12,21.4118,29.2787,4.4368e-06 
2012-07-13,22.6292,29.5962,0.0150 
2012-07-14,20.6174,29.0634,0.0098 
2012-07-15,20.7676,29.5772,0.1473 
2012-07-16,23.0906,32.0155,0.0527 
2012-07-17,26.1211,34.7096,9.1232e-04 
2012-07-18,23.7322,34.1648,1.6199 
2012-07-19,19.7912,29.6254,4.6802 
2012-07-20,16.3499,23.4567,1.2872 
2012-07-21,17.6468,28.0849,0.0018 
2012-07-22,22.9699,30.3428,0.0410 
2012-07-23,23.2930,31.7202,0.2113 
2012-07-24,22.5744,30.8646,0.0207 
2012-07-25,17.3939,30.1170,0.0062 
2012-07-26,23.5937,30.1608,5.0185 
2012-07-27,19.8231,26.0041,8.6199 
2012-07-28,16.5023,25.4212,2.0589 
2012-07-29,18.4249,26.8615,0.0263 
2012-07-30,21.9347,29.2007,0.2183 
2012-07-31,21.5263,28.9105,1.3775 
2012-08-01,19.4418,27.1073,1.5973e-04 
2012-08-02,22.0430,30.1042,0.0064 
2012-08-03,21.2745,31.9691,0.0048 
2012-08-04,24.3004,31.1533,0.5228 
2012-08-05,20.8694,29.1271,1.3538 
2012-08-06,16.3746,26.8056,0.0069 
2012-08-07,20.9459,30.0627,0.0023 
2012-08-08,20.7818,29.6361,0.0106 
2012-08-09,18.3123,28.4942,12.5508 
2012-08-10,15.6636,19.0211,26.8203 
2012-08-11,14.4013,19.6281,5.8543 
2012-08-12,13.6694,23.3520,0.0842 
2012-08-13,18.4847,23.9511,0.3157 
2012-08-14,16.2873,23.3459,8.7519 
2012-08-15,18.3269,24.0340,0.1377 
2012-08-16,19.6768,26.8157,0.4896 
2012-08-17,15.7399,20.7508,0.6322 
2012-08-18,12.2386,21.6880,0.0032 
2012-08-19,17.1050,22.2343,0.0237 
2012-08-20,15.3359,21.5488,0.0290 
2012-08-21,17.2787,22.9424,0.0625 
2012-08-22,17.9191,24.7871,0.0156 
2012-08-23,20.6307,27.5083,1.6824e-04 
2012-08-24,21.0702,29.0316,0.0408 
2012-08-25,21.7326,30.5217,0.0000 
2012-08-26,20.3445,29.6892,1.4669e-05 
2012-08-27,19.6617,28.8020,10.5158 
2012-08-28,16.1770,25.2835,0.1438 
2012-08-29,15.4747,26.1573,0.0299 
2012-08-30,16.7333,28.5954,0.0575 
2012-08-31,21.1179,31.5010,0.0015 
2012-09-01,19.3806,29.9830,0.2621 
2012-09-02,19.9132,25.7976,0.0376 
2012-09-03,19.7413,28.7808,0.2142 
2012-09-04,21.2841,26.6107,9.4505 
2012-09-05,20.1024,27.7649,0.5054 
2012-09-06,17.3635,26.6406,0.4286 
2012-09-07,18.8556,25.5516,0.0408 
2012-09-08,13.2121,19.1687,17.2955 
2012-09-09,12.4824,18.6732,0.0102 
2012-09-10,12.6709,21.2228,8.8198e-04 
2012-09-11,13.5159,23.7852,0.0249 
2012-09-12,15.6588,26.3934,0.0000 
2012-09-13,17.6003,25.9596,0.0332 
2012-09-14,11.5805,24.6659,16.1338 
2012-09-15,11.5446,20.1411,0.0089 
2012-09-16,14.5653,23.2645,0.0298 
2012-09-17,14.4410,23.4238,0.0064 
2012-09-18,12.3085,22.5350,2.2477 
2012-09-19,6.1128,16.5808,0.2325 
2012-09-20,11.5800,19.8176,0.8627 
2012-09-21,13.0777,18.4579,0.5302 
2012-09-22,8.8022,12.4881,6.1586 
2012-09-23,5.2182,11.2306,0.3435 
2012-09-24,4.5619,14.7223,0.0107 
2012-09-25,9.5476,19.0274,0.0081 
2012-09-26,12.6027,19.0761,0.0609 
2012-09-27,9.1097,18.3006,0.0039 
2012-09-28,10.3429,18.0748,2.3522e-04 
2012-09-29,11.8534,18.8688,0.0186 
2012-09-30,8.6275,17.1047,0.0015 
2012-10-01,10.1413,16.6496,0.0162 
2012-10-02,12.1241,19.3801,1.8913 
2012-10-03,13.9606,18.2506,0.5832 
2012-10-04,11.8276,22.6863,0.0258 
2012-10-05,6.7797,21.4212,3.1545 
2012-10-06,3.3771,8.6391,1.6077 
2012-10-07,2.2122,8.0542,0.3470 
2012-10-08,1.7345,9.3835,0.2783 
2012-10-09,3.1683,13.4686,0.1032 
2012-10-10,4.8943,12.5106,3.5524 
2012-10-11,0.9907,13.1631,0.0025 
2012-10-12,1.4510,11.9639,0.4973 
2012-10-13,2.5332,15.1706,9.3269 
2012-10-14,15.3873,18.5822,11.1963 
2012-10-15,7.2726,15.9444,1.5272 
2012-10-16,3.7666,11.6240,0.0284 
2012-10-17,10.1513,19.7510,1.1247 
2012-10-18,10.6129,18.7565,14.8526 
2012-10-19,7.3749,11.4133,1.0128 
2012-10-20,6.6535,11.0249,4.2838 
2012-10-21,5.8270,13.2945,0.1170 
2012-10-22,9.4040,19.6384,0.0130 
2012-10-23,15.8488,18.6332,9.8818 
2012-10-24,13.9910,21.5398,1.1265 
2012-10-25,14.6625,21.3651,1.7530e-07 
2012-10-26,6.1763,20.5457,1.5014 
2012-10-27,3.8467,9.3284,0.0087 
2012-10-28,1.9650,7.5869,0.0176 
2012-10-29,3.3748,5.2509,0.0622 
2012-10-30,1.9354,5.1311,4.1698 
2012-10-31,1.9899,5.0402,0.8452 
2012-11-01,2.6158,7.7124,0.1483 
2012-11-02,-0.7550,5.3594,0.1909 
2012-11-03,-3.3692,5.2900,0.0256 
2012-11-04,-2.0400,4.6219,1.1906e-04 
2012-11-05,-1.8710,4.0836,2.3928e-04 
2012-11-06,-0.8496,5.0870,0.0023 
2012-11-07,-2.1819,7.0994,0.0244 
2012-11-08,0.3393,7.9192,1.0935e-04 
2012-11-09,1.0640,11.4368,0.0821 
2012-11-10,6.1098,16.0414,0.1975 
2012-11-11,11.5727,16.8886,0.0341 
2012-11-12,0.4201,16.3705,14.4573 
2012-11-13,-2.0676,2.0942,0.3380 
2012-11-14,-2.2748,2.9444,2.2484e-04 
2012-11-15,0.0710,5.4487,5.2790e-04 
2012-11-16,2.3119,9.1273,6.0770e-05 
2012-11-17,3.2197,9.1529,2.3462e-04 
2012-11-18,3.1284,9.6898,0.1293 
2012-11-19,4.7537,9.3696,0.0163 
2012-11-20,6.1257,10.8429,0.1231 
2012-11-21,5.7596,13.5114,0.1158 
2012-11-22,5.6758,14.6412,0.0831 
2012-11-23,0.9658,13.2788,3.1339 
2012-11-24,-2.8521,1.0698,0.1325 
2012-11-25,-5.3059,3.2684,0.8373 
2012-11-26,-3.1719,1.1826,0.0382 
2012-11-27,-6.5182,0.5468,8.7032e-04 
2012-11-28,-3.2849,2.9763,0.0089 
2012-11-29,-2.3432,7.4350,0.0057 
2012-11-30,1.0051,5.3635,0.4008 
2012-12-01,0.6511,12.7310,0.0709 
2012-12-02,11.5579,14.3523,4.4787 
2012-12-03,6.2713,16.2718,0.4659 
2012-12-04,7.5105,16.5500,3.7435 
2012-12-05,-3.4037,7.0239,0.0022 
2012-12-06,-3.5278,2.8888,6.1703e-04 
2012-12-07,2.3929,7.2151,2.1234 
2012-12-08,0.7501,5.9234,5.7105 
2012-12-09,-1.8033,2.5512,2.8019 
2012-12-10,-0.8712,4.6994,0.8153 
2012-12-11,-5.7700,-0.2207,0.1288 
2012-12-12,-5.1698,4.1327,0.0682 
2012-12-13,-3.2345,5.5488,0.0000 
2012-12-14,-0.7211,6.8569,4.5779e-05 
2012-12-15,0.8056,4.9068,0.4557 
2012-12-16,4.8483,9.9646,5.6014 
2012-12-17,3.1168,7.5954,0.4694 
2012-12-18,-0.7902,4.2650,0.0564 
2012-12-19,0.3517,4.5915,0.8083 
2012-12-20,1.2873,8.8938,8.5650 
2012-12-21,-2.1688,9.0535,3.7302 
2012-12-22,-4.4133,-0.2386,0.0278 
2012-12-23,-7.5627,0.0171,2.8965e-04 
2012-12-24,-7.0817,-1.2245,0.8942 
2012-12-25,-7.2597,-0.4637,0.2804 
2012-12-26,-5.0788,-2.5804,5.6198 
2012-12-27,-4.0829,-2.3665,3.3432 
2012-12-28,-6.8877,-3.5463,0.2547 
2012-12-29,-5.1813,-2.1542,1.8862 
2012-12-30,-7.5480,-3.1046,0.3165 
2012-12-31,-6.9630,0.7044,0.0569 
2013-01-01,-8.7061,-0.7834,0.0138 
2013-01-02,-11.8520,-5.1210,0.1182 
2013-01-03,-11.8772,-1.1225,0.1807 
2013-01-04,-6.0113,-1.2133,0.1858 
2013-01-05,-7.6109,-1.4927,0.0024 
2013-01-06,-2.7874,0.5300,1.3911 
2013-01-07,-6.4550,0.0436,0.1455 
2013-01-08,-4.5325,0.6566,0.0013 
2013-01-09,-1.7293,3.8446,0.3319 
2013-01-10,-1.4520,1.9660,0.0175 
2013-01-11,0.3917,13.1361,18.8579 
2013-01-12,7.9212,12.9933,0.0326 
2013-01-13,1.0738,10.2583,15.2963 
2013-01-14,-7.6862,1.5723,0.5529 
2013-01-15,-7.7415,-2.2284,2.8530e-04 
2013-01-16,-6.1187,0.2759,0.0013 
2013-01-17,-4.6972,0.3653,0.0582 
2013-01-18,-11.0745,0.0905,0.1076 
2013-01-19,0.5712,5.5201,0.0756 
2013-01-20,-7.6627,6.2887,0.2093 
2013-01-21,-13.0516,-8.3141,2.3378 
2013-01-22,-17.3240,-12.8899,0.4266 
2013-01-23,-16.9261,-9.6272,0.3532 
2013-01-24,-15.6677,-9.1199,1.0193 
2013-01-25,-12.6822,-7.1051,1.2452 
2013-01-26,-10.4946,-3.7319,1.0218 
2013-01-27,-7.6864,-3.5915,0.2862 
2013-01-28,-3.8685,7.3611,13.0852 
2013-01-29,0.8063,13.6411,14.7826 
2013-01-30,7.9657,15.5183,15.7822 
2013-01-31,-6.7071,9.2892,4.8273 
2013-02-01,-11.0159,-7.1994,0.3028 
2013-02-02,-13.8153,-5.9648,4.5417 
2013-02-03,-12.4598,-6.9109,0.3709 
2013-02-04,-13.4328,-6.4362,0.9853 
2013-02-05,-10.4436,-4.4280,0.3747 
2013-02-06,-10.9440,-3.3958,0.3605 
2013-02-07,-7.3745,-1.0577,0.0782 
2013-02-08,-4.5719,-0.6575,5.4495 
2013-02-09,-10.0214,-4.2608,0.0904 
2013-02-10,-9.3611,3.5701,0.3050 
2013-02-11,0.3807,6.2445,3.8136 
2013-02-12,-2.9294,0.3357,0.1364 
2013-02-13,-6.5950,2.5441,0.0133 
2013-02-14,-3.2484,5.0708,0.7612 
2013-02-15,-5.6975,2.3055,0.1162 
2013-02-16,-8.9844,-4.0620,0.7180 
2013-02-17,-14.3211,-5.8615,0.3642 
2013-02-18,-9.7707,5.4475,0.0250 
2013-02-19,-4.8763,6.5377,3.3291 
2013-02-20,-9.9579,-5.4079,0.2405 
2013-02-21,-12.0012,-3.3213,0.2922 
2013-02-22,-8.2975,1.8087,7.4921 
2013-02-23,-4.3517,1.5418,0.3893 
2013-02-24,-6.8820,1.2029,0.3680 
2013-02-25,-4.1768,1.8132,0.0109 
2013-02-26,-4.0869,0.7805,7.9805 
2013-02-27,0.1355,1.7931,21.2618 
2013-02-28,-1.7751,1.0054,2.9993 
2013-03-01,-4.5172,-0.8595,0.1503 
2013-03-02,-8.8267,-3.1397,0.3794 
2013-03-03,-13.2020,-3.3233,0.2544 
2013-03-04,-12.6954,-0.3187,0.0388 
2013-03-05,-9.1283,-0.1652,0.0184 
2013-03-06,-3.0497,2.9585,0.0067 
2013-03-07,-2.5277,1.1005,0.2021 
2013-03-08,-5.8237,3.4716,0.0295 
2013-03-09,-0.6407,4.6249,0.0082 
2013-03-10,3.0602,13.9892,0.6223 
2013-03-11,8.3645,12.7712,7.7719 
2013-03-12,-0.2518,6.8883,0.7774 
2013-03-13,-4.9284,0.5432,0.9765 
2013-03-14,-7.4366,3.1091,0.0057 
2013-03-15,-3.5770,4.2165,0.9210 
2013-03-16,-4.1126,2.3023,5.9494 
2013-03-17,-8.4921,-1.2743,0.0251 
2013-03-18,-7.4251,1.9715,0.7553 
2013-03-19,-6.9757,2.0383,0.4760 
2013-03-20,-7.7402,-3.3456,0.2303 
2013-03-21,-10.5514,-0.3925,0.5976 
2013-03-22,-7.2986,2.3070,0.0496 
2013-03-23,-5.9928,3.5344,0.0109 
2013-03-24,-3.6040,3.0300,0.0020 
2013-03-25,-1.6678,2.5557,0.2331 
2013-03-26,-1.5991,4.6989,0.1522 
2013-03-27,-3.3465,6.1078,0.0082 
2013-03-28,-1.9651,8.6533,8.1446e-04 
2013-03-29,-1.6028,8.6242,0.0020 
2013-03-30,1.0578,11.5468,6.5816e-04 
2013-03-31,4.2225,12.7670,0.9112 
2013-04-01,-3.6366,10.0247,0.1680 
2013-04-02,-6.5812,2.5375,0.0725 
2013-04-03,-5.8625,4.4198,0.0028 
2013-04-04,-3.4929,11.3752,4.4335e-05 
2013-04-05,0.1611,10.7150,3.0722e-04 
2013-04-06,-2.3104,11.5902,0.0203 
2013-04-07,12.0303,15.8241,0.0958 
2013-04-08,1.7209,14.8453,4.4284 
2013-04-09,2.8210,15.5364,1.3966 
2013-04-10,4.4211,13.9319,13.5146 
2013-04-11,2.4088,5.0903,24.1120 
2013-04-12,2.1520,6.8057,12.3636 
2013-04-13,0.4258,5.2029,0.7339 
2013-04-14,0.8210,8.3486,0.5560 
2013-04-15,6.5981,18.9347,0.0088 
2013-04-16,6.3162,18.5631,5.4129 
2013-04-17,4.0941,12.8817,2.7522 
2013-04-18,10.0382,23.5072,31.0955 
2013-04-19,2.2791,22.4016,16.7927 
2013-04-20,-1.5534,3.9266,1.2132 
2013-04-21,-3.0109,6.0835,0.0367 
2013-04-22,0.1926,13.8989,9.2182e-04 
2013-04-23,6.6991,19.6360,0.7529 
2013-04-24,0.1830,14.4649,18.5599 
2013-04-25,0.6763,8.3890,3.5870 
2013-04-26,4.2864,13.4191,0.0028 
2013-04-27,7.7966,17.7577,2.8583e-04 
2013-04-28,10.0439,16.7653,6.1488 
2013-04-29,11.4014,20.2955,0.5661 
2013-04-30,11.8476,23.9140,2.5837 
2013-05-01,13.8866,25.0353,0.0014 
2013-05-02,14.2304,24.0764,4.5799e-04 
2013-05-03,16.5936,21.6469,2.0658e-04 
2013-05-04,13.4139,20.8067,5.6395e-06 
2013-05-05,11.8953,19.8604,0.0000 
2013-05-06,11.3149,21.2399,0.0000 
2013-05-07,14.0426,21.7011,2.3489e-04 
2013-05-08,15.5733,21.7297,0.0900 
2013-05-09,16.9647,24.4516,0.1599 
2013-05-10,10.4734,24.2896,7.4643 
2013-05-11,3.3873,15.9482,0.8071 
2013-05-12,2.2127,6.7436,0.0817 
2013-05-13,-1.5338,10.2016,0.0071 
2013-05-14,6.0592,22.9477,0.0532 
2013-05-15,17.8308,23.6223,0.0509 
2013-05-16,15.5986,24.9359,6.5147e-04 
2013-05-17,10.5132,24.1201,0.0090 
2013-05-18,13.1458,23.4485,0.0869 
2013-05-19,15.3330,26.6615,0.0135 
2013-05-20,18.4076,29.6460,0.1686 
2013-05-21,20.7331,27.0289,0.4478 
2013-05-22,18.0413,26.3364,1.3943 
2013-05-23,4.1763,22.2776,5.7575 
2013-05-24,2.5823,11.3794,0.4789 
2013-05-25,5.2375,14.9865,5.2828e-04 
2013-05-26,8.1978,17.2941,3.7411e-04 
2013-05-27,9.3092,16.8605,5.7640 
2013-05-28,10.8041,23.3657,19.5662 
2013-05-29,19.0205,26.1967,2.8166 
2013-05-30,19.9357,27.1410,5.2219 
2013-05-31,20.8781,25.8779,5.8172 
2013-06-01,19.0163,22.9805,5.2336 
2013-06-02,16.5785,19.8602,0.0349 
2013-06-03,5.6450,17.1432,2.6935e-06 
2013-06-04,10.1300,19.2221,0.0000 
2013-06-05,10.6054,19.9323,3.7329e-04 
2013-06-06,11.9176,19.2433,0.1439 
2013-06-07,10.4452,18.9066,0.0143 
2013-06-08,11.0788,19.8041,0.0194 
2013-06-09,14.8013,22.0305,0.0845 
2013-06-10,16.5355,20.8496,33.8431 
2013-06-11,16.7712,25.3150,2.3008 
2013-06-12,19.6885,24.9824,0.5574 
2013-06-13,14.6588,24.5610,41.9917 
2013-06-14,12.4012,20.1983,0.0539 
2013-06-15,15.5245,23.6460,0.3213 
2013-06-16,16.7262,25.3141,7.6292 
2013-06-17,18.4558,26.6424,0.0420 
2013-06-18,13.1621,20.3879,0.8008 
2013-06-19,9.0495,21.0137,8.1755e-05 
2013-06-20,14.7445,24.2032,5.1687e-04 
2013-06-21,18.7289,28.2169,0.1048 
2013-06-22,21.0586,29.9569,0.9793 
2013-06-23,21.6185,29.3210,0.0557 
2013-06-24,21.6806,29.0918,0.2683 
2013-06-25,19.1755,28.6943,7.3287 
2013-06-26,18.5010,27.4947,7.3816 
2013-06-27,19.9853,27.2247,32.9627 
2013-06-28,18.1158,24.5226,19.7100 
2013-06-29,16.2491,20.2418,7.9317 
2013-06-30,13.2650,22.2825,1.1914 
2013-07-01,15.4351,22.4845,3.4213 
2013-07-02,16.2281,22.8851,2.5506 
2013-07-03,16.8122,25.6860,0.0580 
2013-07-04,18.8918,25.7713,0.0592 
2013-07-05,19.3833,26.0197,0.1804 
2013-07-06,20.6038,26.5741,0.8430 
2013-07-07,19.2261,26.5274,3.8477 
2013-07-08,21.1982,27.9905,4.4224 
2013-07-09,20.0879,28.8060,7.4751 
2013-07-10,20.1946,27.8125,7.5977 
2013-07-11,15.7185,24.9973,0.0476 
2013-07-12,14.4984,25.0967,0.0000 
2013-07-13,19.2263,26.4892,0.0527 
2013-07-14,21.2692,28.9928,6.8496e-04 
2013-07-15,23.6814,28.7969,3.7845 
2013-07-16,25.1611,31.3164,2.4566 
2013-07-17,25.6673,31.4062,0.4149 
2013-07-18,24.4774,31.9413,0.1537 
2013-07-19,24.1462,31.5573,0.3047 
2013-07-20,22.2626,28.0371,14.0090 
2013-07-21,17.8869,26.9073,0.1313 
2013-07-22,20.6134,26.4619,0.9079 
2013-07-23,19.2633,24.4653,3.0260 
2013-07-24,11.6188,23.0839,0.0219 
2013-07-25,13.6315,22.6997,0.0304 
2013-07-26,17.1705,24.4993,0.0229 
2013-07-27,15.4674,24.2146,9.4973 
2013-07-28,10.0919,16.3052,2.0600 
2013-07-29,12.5908,20.5224,0.6293 
2013-07-30,14.4206,23.5138,0.0078 
2013-07-31,18.9318,23.1080,3.6339 
2013-08-01,15.5566,22.6761,4.2211 
2013-08-02,16.0416,21.5358,0.2681 
2013-08-03,16.4924,22.4943,0.1015 
2013-08-04,12.1726,21.4826,0.0011 
2013-08-05,15.2541,21.4251,0.0591 
2013-08-06,17.2425,24.9840,2.0476 
2013-08-07,19.4911,27.2062,2.2990 
2013-08-08,16.4924,23.9349,1.7784 
2013-08-09,16.7826,24.4870,9.5655e-04 
2013-08-10,16.2842,23.9814,0.0044 
2013-08-11,17.6568,23.2588,0.0012 
2013-08-12,16.8474,22.6004,21.5705 
2013-08-13,12.3582,17.6748,13.8165 
2013-08-14,8.8865,18.8327,3.0488e-04 
2013-08-15,13.6450,20.0104,0.0414 
2013-08-16,17.2518,22.7584,0.0719 
2013-08-17,17.8335,24.0120,0.0328 
2013-08-18,18.9682,24.8544,0.0633 
2013-08-19,19.0929,25.5935,0.1471 
2013-08-20,21.3824,27.5803,1.6522e-05 
2013-08-21,21.3448,28.1797,1.8588e-04 
2013-08-22,20.4753,27.4356,0.2249 
2013-08-23,17.1077,26.5652,0.3695 
2013-08-24,16.8898,24.5216,0.0000 
2013-08-25,18.5661,27.7825,0.0576 
2013-08-26,20.9761,29.8858,0.3252 
2013-08-27,22.0219,29.2765,13.5153 
2013-08-28,21.3855,28.5494,14.2145 
2013-08-29,18.6696,28.0136,0.4239 
2013-08-30,21.4885,28.3741,0.0539 
2013-08-31,19.0908,27.6669,7.4900 
2013-09-01,18.3189,25.8960,1.3241 
2013-09-02,18.7243,25.8632,0.4433 
2013-09-03,11.2165,21.5165,0.0050 
2013-09-04,13.5983,24.2400,2.7642e-04 
2013-09-05,11.2795,23.0621,0.0510 
2013-09-06,11.7289,22.0079,0.0230 
2013-09-07,16.6999,26.0964,1.0865 
2013-09-08,16.3674,25.2818,0.3145 
2013-09-09,14.6750,27.2281,7.3653 
2013-09-10,24.0479,30.3469,0.2016 
2013-09-11,22.9911,29.9074,5.0260 
2013-09-12,17.3673,23.2340,5.8667 
2013-09-13,9.3159,16.4297,0.3967 
2013-09-14,8.5690,17.1959,0.0012 
2013-09-15,12.3253,16.3553,1.0590 
2013-09-16,9.5244,15.0599,1.1472 
2013-09-17,7.2743,17.3539,0.0320 
2013-09-18,12.4766,21.8198,9.9955e-04 
2013-09-19,16.8441,26.3805,0.0872 
2013-09-20,20.6381,25.5880,3.3980 
2013-09-21,13.8446,20.2858,4.7821 
2013-09-22,6.3045,15.0766,0.0042 
2013-09-23,7.3077,15.2934,2.4758e-04 
2013-09-24,9.2593,17.5104,4.1363e-04 
2013-09-25,10.5007,18.7606,0.0278 
2013-09-26,12.0949,21.3292,0.0268 
2013-09-27,14.8161,20.7146,0.0205 
2013-09-28,13.0007,22.1771,0.1171 
2013-09-29,15.2956,20.9745,3.0324 
2013-09-30,13.9658,19.2607,1.1317 
2013-10-01,13.4116,22.5441,0.0637 
2013-10-02,15.8614,21.7606,0.0873 
2013-10-03,16.8631,23.3095,0.0973 
2013-10-04,18.8222,25.2542,0.4883 
2013-10-05,18.7342,23.9947,10.0256 
2013-10-06,14.7018,21.9753,12.8253 
2013-10-07,5.5689,14.2746,1.2668 
2013-10-08,9.8089,16.5734,0.0397 
2013-10-09,11.9267,18.0174,0.0244 
2013-10-10,11.5859,19.2050,0.0151 
2013-10-11,11.5149,20.5214,9.6464e-04 
2013-10-12,13.0274,21.8357,0.0444 
2013-10-13,11.3917,19.5297,0.0203 
2013-10-14,6.6161,15.5606,0.0194 
2013-10-15,8.7407,18.3876,0.2047 
2013-10-16,11.2583,17.8054,2.1588 
2013-10-17,7.4230,11.8619,4.8513 
2013-10-18,6.0236,13.8005,1.1204 
2013-10-19,5.5139,11.1615,3.2238 
2013-10-20,2.5239,12.3980,1.3975 
2013-10-21,8.9299,11.6366,0.8852 
2013-10-22,1.4811,8.0266,0.2140 
2013-10-23,0.2240,6.0714,0.0684 
2013-10-24,-1.6252,6.1253,0.4299 
2013-10-25,-1.1011,6.6941,0.0504 
2013-10-26,2.9211,8.6568,0.3929 
2013-10-27,1.0910,9.3796,0.0432 
2013-10-28,2.0120,8.3627,6.9654e-04 
2013-10-29,1.5555,8.5793,7.7218e-04 
2013-10-30,5.7515,14.5471,0.0040 
2013-10-31,10.4589,16.1657,34.5638 
2013-11-01,6.4359,16.5327,7.3524 
2013-11-02,4.8708,7.3049,4.7070 
2013-11-03,-0.4869,5.5716,0.0336 
2013-11-04,0.9851,6.9984,0.0018 
2013-11-05,5.9537,14.0044,0.0049 
2013-11-06,9.1458,12.6184,4.2202 
2013-11-07,1.5339,11.6375,0.8068 
2013-11-08,-1.5293,5.4213,0.3960 
2013-11-09,1.5890,11.5366,0.0821 
2013-11-10,3.5579,10.1519,0.0695 
2013-11-11,-1.4496,5.4344,4.2737 
2013-11-12,-6.0773,-0.4410,0.6255 
2013-11-13,-7.6736,1.5928,0.0026 
2013-11-14,-2.2829,6.3341,2.0053e-06 
2013-11-15,3.8498,8.6707,1.2255e-04 
2013-11-16,1.9408,12.7671,0.0823 
2013-11-17,12.4616,16.8699,10.6687 
2013-11-18,0.8974,14.0798,10.8357 
2013-11-19,-3.6484,2.9270,0.0133 
2013-11-20,-2.2294,4.5386,2.2046e-04 
2013-11-21,3.2261,8.4273,1.1293 
2013-11-22,0.5246,7.3954,7.6361 
2013-11-23,-6.0260,0.0147,0.2518 
2013-11-24,-11.0134,-5.2654,0.0405 
2013-11-25,-9.5076,-1.4782,0.1421 
2013-11-26,-3.0222,1.2484,0.1093 
2013-11-27,-8.6382,-0.2551,0.5683 
2013-11-28,-9.1727,-3.1800,0.7512 
2013-11-29,-6.1610,-0.6332,0.1261 
2013-11-30,-4.3340,5.1531,0.0052 
2013-12-01,0.3465,6.0664,0.0061 
2013-12-02,-2.9833,3.0017,0.0240 
2013-12-03,-2.5316,4.2191,1.0705 
2013-12-04,3.9268,10.4289,0.4885 
2013-12-05,-1.0668,14.6049,0.2136 
2013-12-06,-5.7217,-1.7797,1.5514e-04 
2013-12-07,-11.5630,-5.7531,0.0353 
2013-12-08,-11.3128,-4.2461,0.5206 
2013-12-09,-4.7976,-1.9647,1.9416 
2013-12-10,-10.8845,-5.4246,0.2174 
2013-12-11,-9.3998,-6.1952,0.7561 
2013-12-12,-16.2952,-9.9822,0.1267 
2013-12-13,-9.5339,-3.9845,0.1176 
2013-12-14,-8.1861,-5.1186,10.8251 
2013-12-15,-8.9002,-5.4825,2.7842 
2013-12-16,-12.9647,-8.5210,0.2166 
2013-12-17,-11.8821,-3.4645,2.2798 
2013-12-18,-7.2562,-2.2285,0.6101 
2013-12-19,-6.2626,3.7889,0.0288 
2013-12-20,0.0058,3.8020,4.7101 
2013-12-21,-0.6205,1.2828,8.1937 
2013-12-22,-0.5066,2.3305,28.8744 
2013-12-23,-5.6661,-0.0406,0.6052 
2013-12-24,-11.1173,-4.4485,0.3364 
2013-12-25,-11.9948,-5.4295,2.5742 
2013-12-26,-5.4530,-3.7452,2.9680 
2013-12-27,-6.4604,0.9529,0.4172 
2013-12-28,0.5114,4.3606,0.0217 
2013-12-29,-2.3157,3.9937,0.2154 
2013-12-30,-13.4880,-3.7856,0.1844 
2013-12-31,-10.5503,-8.2610,1.9316 
2014-01-01,-12.4015,-9.0525,8.0584 
2014-01-02,-11.9240,-9.8960,6.5177 
2014-01-03,-20.3347,-11.4440,0.0921 
2014-01-04,-16.5712,-2.1632,0.0821 
2014-01-05,-4.1079,-1.5882,16.9177 
2014-01-06,-17.1276,-2.4864,7.0396 
2014-01-07,-21.7130,-17.4619,0.1570 
2014-01-08,-20.6395,-12.1144,0.0398 
2014-01-09,-15.8735,-10.6686,0.0470 
2014-01-10,-10.5218,2.2148,0.9323 
2014-01-11,-0.1092,4.9198,13.1408 
2014-01-12,-2.8098,0.0970,0.0764 
2014-01-13,0.4056,3.3727,0.0244 
2014-01-14,-4.7362,1.4923,0.2392 
2014-01-15,-5.2804,0.7678,0.6461 
2014-01-16,-12.1611,-3.7143,4.1419 
2014-01-17,-5.7900,-1.1841,4.7597 
2014-01-18,-11.9361,-5.5671,0.3180 
2014-01-19,-12.3546,-4.7449,0.4036 
2014-01-20,-8.8378,-0.2545,0.4587 
2014-01-21,-16.5971,-9.0721,0.9655 
2014-01-22,-18.5643,-13.8680,0.5602 
2014-01-23,-15.3740,-10.8569,0.7034 
2014-01-24,-20.8934,-12.9723,0.1298 
2014-01-25,-12.1777,-2.9327,5.1558 
2014-01-26,-15.7230,-5.5450,3.9520 
2014-01-27,-15.9113,-4.5467,2.2111 
2014-01-28,-19.3122,-16.6798,0.0807 
2014-01-29,-22.5206,-10.9441,0.0843 
2014-01-30,-14.2240,-6.7373,0.1721 
2014-01-31,-6.1171,-2.0226,1.4961 
2014-02-01,-5.3286,0.4887,13.1370 
2014-02-02,-7.5951,0.2252,2.1357 
2014-02-03,-10.6081,-6.6924,0.0079 
2014-02-04,-9.9229,-6.1420,0.0166 
2014-02-05,-10.0133,-6.2961,10.4812 
2014-02-06,-14.8523,-9.0705,0.2390 
2014-02-07,-16.7073,-12.6853,0.1250 
2014-02-08,-19.1796,-10.5593,0.2697 
2014-02-09,-13.0677,-7.1780,1.7852 
2014-02-10,-12.0629,-8.0733,0.2782 
2014-02-11,-16.0326,-10.3855,0.2096 
2014-02-12,-16.4556,-9.5202,0.0241 
2014-02-13,-11.3099,-4.6220,0.0135 
2014-02-14,-9.1517,-4.3448,0.8166 
2014-02-15,-14.0026,-5.2043,0.1387 
2014-02-16,-11.0899,-6.6824,1.4985 
2014-02-17,-16.2845,-7.4303,0.5953 
2014-02-18,-6.8892,-0.4320,9.0968 
2014-02-19,-0.8063,3.8210,0.2531 
2014-02-20,-2.4390,3.4288,21.4434 
2014-02-21,-2.7185,8.4931,4.8149 
2014-02-22,-5.8556,-1.3088,0.0020 
2014-02-23,-9.7804,-2.6020,4.8736e-04 
2014-02-24,-10.5855,-6.5851,0.2640 
2014-02-25,-11.5942,-6.3170,0.2252 
2014-02-26,-16.0718,-7.9489,0.2771 
2014-02-27,-15.2492,-10.3666,0.5667 
2014-02-28,-20.5410,-9.6875,0.0292 
2014-03-01,-10.0313,-2.4970,1.2481 
2014-03-02,-14.1044,-6.9879,9.6920 
2014-03-03,-20.6093,-12.3889,0.0206 
2014-03-04,-15.2010,-8.4924,0.0243 
2014-03-05,-12.5156,-7.0822,0.1412 
2014-03-06,-13.0434,-5.3425,0.0525 
2014-03-07,-8.6462,3.0722,0.0541 
2014-03-08,-4.1300,1.6123,3.7491 
2014-03-09,-9.3063,-0.6314,2.4223e-04 
2014-03-10,-0.3365,4.1024,0.0041 
2014-03-11,2.2307,6.8771,0.1470 
2014-03-12,-11.0078,2.6954,17.1274 
2014-03-13,-18.4684,-6.0023,0.0169 
2014-03-14,-6.7411,5.7709,0.1575 
2014-03-15,-1.9409,4.4475,0.0558 
2014-03-16,-14.4242,-1.4289,0.0470 
2014-03-17,-16.1730,-3.7308,0.0438 
2014-03-18,-8.1214,5.6285,0.0054 
2014-03-19,2.4715,5.1527,2.4436 
2014-03-20,-1.8089,2.1382,0.2846 
2014-03-21,-3.3984,4.2030,0.0334 
2014-03-22,-0.4045,5.8198,4.3052 
2014-03-23,-11.6590,1.3367,0.0562 
2014-03-24,-10.4407,-2.4260,0.1581 
2014-03-25,-7.2943,-2.2244,0.4728 
2014-03-26,-10.2753,-1.0315,0.1136 
2014-03-27,-5.4515,4.1550,2.9601 
2014-03-28,4.3585,10.7755,2.5311 
2014-03-29,-3.5212,5.7194,0.0613 
2014-03-30,-6.7831,7.9716,0.0013 
2014-03-31,2.7146,11.2524,0.0000 
2014-04-01,5.7631,12.3678,0.7286 
2014-04-02,-0.4563,9.9229,3.4001e-04 
2014-04-03,-1.8721,9.2025,10.0997 
2014-04-04,2.9895,12.6714,3.9950 
2014-04-05,-2.8921,6.8468,0.7427 
2014-04-06,2.0625,10.3989,0.0030 
2014-04-07,2.4002,10.1923,2.9834 
2014-04-08,2.1303,13.0165,6.4062 
2014-04-09,0.4521,11.9627,0.0039 
2014-04-10,6.9887,17.6164,0.0385 
2014-04-11,7.9127,16.5583,0.0357 
2014-04-12,10.5455,20.1982,0.1865 
2014-04-13,15.8536,23.1710,0.6614 
2014-04-14,8.0854,21.8252,0.9065 
2014-04-15,-6.3476,6.7367,6.3133 
2014-04-16,-5.7621,2.8695,0.1347 
2014-04-17,-2.2383,15.3565,4.0442e-04 
2014-04-18,7.3385,14.9613,0.4879 
2014-04-19,-0.3556,13.6308,5.7283e-05 
2014-04-20,4.1220,20.0843,7.7204e-06 
2014-04-21,13.9029,22.8555,0.0144 
2014-04-22,7.2559,22.4627,2.1347 
2014-04-23,1.5484,10.5418,0.0014 
2014-04-24,2.0208,10.6764,0.0254 
2014-04-25,7.5577,14.3453,6.6937 
2014-04-26,4.4787,14.0879,0.0293 
2014-04-27,-0.1539,11.0227,0.0050 
2014-04-28,5.9127,11.6176,0.5348 
2014-04-29,9.5534,20.4501,14.5714 
2014-04-30,10.0925,19.3155,4.0839 
2014-05-01,6.0073,14.7947,0.8585 
2014-05-02,5.3758,13.0137,1.5927 
2014-05-03,6.8658,13.6853,2.2012 
2014-05-04,8.4904,12.4678,0.0447 
2014-05-05,4.6874,12.6180,0.3988 
2014-05-06,3.3313,14.4637,0.0141 
2014-05-07,7.6268,17.0900,9.5891 
2014-05-08,11.5127,27.1513,0.2938 
2014-05-09,18.6223,26.8370,1.8594 
2014-05-10,10.3724,20.8394,0.0988 
2014-05-11,13.3926,24.3987,7.3489e-04 
2014-05-12,18.7148,24.6356,19.9543 
2014-05-13,19.6840,26.1228,5.9292 
2014-05-14,10.6721,19.5183,9.4897 
2014-05-15,6.5540,15.0790,16.8543 
2014-05-16,-1.6626,10.3150,0.0325 
2014-05-17,2.3400,10.9189,0.1315 
2014-05-18,5.6456,15.8708,0.0027 
2014-05-19,9.6142,18.1346,5.7482e-06 
2014-05-20,11.7774,24.1538,3.2181 
2014-05-21,16.7309,26.4346,3.4800 
2014-05-22,12.9741,25.2247,1.1892e-05 
2014-05-23,7.9865,19.9245,5.9639e-05 
2014-05-24,12.9126,22.0726,2.2067e-05 
2014-05-25,17.2986,24.7432,1.9697e-06 
2014-05-26,19.0426,27.6960,6.7602e-05 
2014-05-27,20.5075,27.5920,1.8193 
2014-05-28,17.0601,24.9326,5.9752 
2014-05-29,10.7239,22.2572,0.0977 
2014-05-30,13.8699,24.5706,2.5569e-04 
2014-05-31,15.8355,24.5052,7.9436e-09 
2014-06-01,15.3408,26.0017,0.0000 
2014-06-02,20.4192,28.0755,5.0782 
2014-06-03,20.8020,23.3456,5.2745 
2014-06-04,15.4631,23.5616,5.8193 
2014-06-05,9.7483,21.9360,0.0111 
2014-06-06,13.4732,23.8112,3.2467e-04 
2014-06-07,18.9043,25.2384,5.2836e-05 
2014-06-08,15.6974,23.8454,5.0931 
2014-06-09,13.4120,23.9282,0.0645 
2014-06-10,17.2123,23.5829,0.0278 
2014-06-11,16.9210,23.6060,11.4434 
2014-06-12,16.5721,25.3697,3.5574 
2014-06-13,13.6530,25.4590,0.0250 
2014-06-14,9.9691,20.7481,1.5889e-04 
2014-06-15,13.3907,24.5460,0.0044 
2014-06-16,20.0613,28.3976,0.0221 
2014-06-17,22.6097,30.0825,0.5532 
2014-06-18,21.1485,29.9881,15.6756 
2014-06-19,17.9195,22.6283,16.6890 
2014-06-20,13.5619,22.2950,2.7280 
2014-06-21,14.3103,24.4859,2.1219 
2014-06-22,18.0009,25.4789,0.0157 
2014-06-23,18.6203,28.8487,1.6874 
2014-06-24,19.9666,23.6206,8.9282 
2014-06-25,16.3509,23.4839,1.0234 
2014-06-26,15.2016,23.0429,0.2561 
2014-06-27,18.9829,26.2454,0.0646 
2014-06-28,19.7485,29.0406,2.2212 
2014-06-29,20.7864,27.4524,0.9419 
2014-06-30,21.4715,28.6230,1.6706 
2014-07-01,22.7907,28.2530,18.3588 
2014-07-02,17.6038,25.0642,0.5378 
2014-07-03,12.7715,21.2420,1.8106 
2014-07-04,13.3008,21.6103,0.0094 
2014-07-05,17.2777,22.8045,0.0015 
2014-07-06,17.9779,26.2650,2.0705e-04 
2014-07-07,21.0728,26.7311,10.7032 
2014-07-08,19.7778,25.7797,14.3555 
2014-07-09,13.3286,21.9882,0.0575 
2014-07-10,14.5375,21.9441,0.0023 
2014-07-11,16.9368,24.9552,9.9308e-04 
2014-07-12,19.9309,27.1614,0.1430 
2014-07-13,20.7937,26.3843,5.3189 
2014-07-14,18.3399,25.2215,2.7190 
2014-07-15,13.4044,18.4715,0.7732 
2014-07-16,9.7604,18.8002,0.2537 
2014-07-17,12.6157,21.6096,0.0357 
2014-07-18,17.5750,23.0014,7.3346e-06 
2014-07-19,17.3832,22.1061,0.0233 
2014-07-20,17.2541,24.7333,0.0101 
2014-07-21,20.4714,27.6366,0.0020 
2014-07-22,21.2876,29.9263,3.3287e-04 
2014-07-23,18.1776,28.9564,0.0780 
2014-07-24,12.4825,21.9742,2.0393e-04 
2014-07-25,16.6145,23.8747,0.0202 
2014-07-26,18.7020,25.6669,0.0910 
2014-07-27,18.3023,25.2136,13.1287 
2014-07-28,14.7493,19.5129,3.4821 
2014-07-29,11.0904,19.8996,2.7686 
2014-07-30,15.0067,20.8539,2.7834 
2014-07-31,12.8261,23.6851,0.7401 
2014-08-01,19.1939,24.8519,0.1143 
2014-08-02,18.0754,24.6889,0.0242 
2014-08-03,18.2724,26.0556,0.0129 
2014-08-04,21.0169,26.4411,0.1368 
2014-08-05,18.8305,25.1067,3.4322 
2014-08-06,15.9648,23.5236,3.7146 
2014-08-07,18.4754,24.8741,0.0053 
2014-08-08,16.2352,24.5841,1.0433e-04 
2014-08-09,16.5642,24.2058,0.0000 
2014-08-10,17.0231,26.8141,2.5093e-05 
2014-08-11,18.7251,25.9237,32.3536 
2014-08-12,17.9226,21.2808,5.4075 
2014-08-13,12.9194,21.6088,0.8711 
2014-08-14,10.3871,20.4114,0.0100 
2014-08-15,9.8318,22.1416,1.1273e-04 
2014-08-16,13.9015,26.8014,0.0385 
2014-08-17,17.4316,25.7592,6.5576 
2014-08-18,14.8067,24.0068,0.2039 
2014-08-19,17.9585,27.5550,6.1049 
2014-08-20,18.9073,25.8243,5.5420 
2014-08-21,18.8650,27.2534,1.3955 
2014-08-22,19.5891,27.0762,2.0783 
2014-08-23,19.6377,26.4554,0.0108 
2014-08-24,17.8534,25.7892,0.0089 
2014-08-25,19.4450,28.0385,0.0086 
2014-08-26,22.3326,29.7426,4.4430 
2014-08-27,15.2704,28.9476,0.8929 
2014-08-28,14.2928,21.5081,0.0054 
2014-08-29,14.8567,23.9958,0.0108 
2014-08-30,21.5538,27.6966,0.5630 
2014-08-31,19.9041,26.6157,5.0656 
2014-09-01,21.0997,25.7412,11.4309 
2014-09-02,19.6632,24.2926,0.7832 
2014-09-03,18.4621,24.9174,0.0034 
2014-09-04,19.2932,28.6366,1.4445 
2014-09-05,21.1678,30.1062,1.6030 
2014-09-06,14.7981,22.3345,6.6900 
2014-09-07,14.6650,21.4189,6.2334e-04 
2014-09-08,16.6859,21.9950,1.6374e-05 
2014-09-09,17.9506,25.4247,0.0319 
2014-09-10,18.6655,24.5372,21.1223 
2014-09-11,11.1554,23.0163,0.9811 
2014-09-12,8.6336,15.7844,0.8166 
2014-09-13,8.8352,13.5256,8.2838 
2014-09-14,8.7400,15.1072,0.0058 
2014-09-15,12.2687,17.7359,0.2969 
2014-09-16,7.5870,16.5256,0.8780 
2014-09-17,10.0983,17.7272,0.0074 
2014-09-18,11.1175,17.5604,0.0032 
2014-09-19,8.2461,18.0741,1.6670e-04 
2014-09-20,13.7701,23.5517,6.1315 
2014-09-21,12.6395,20.1571,18.1879 
2014-09-22,4.0294,14.7354,0.3769 
2014-09-23,10.3092,19.5787,5.2852e-04 
2014-09-24,13.2978,20.3879,1.6439e-04 
2014-09-25,13.7672,21.1464,0.0132 
2014-09-26,14.0051,22.0678,2.2806e-04 
2014-09-27,15.7558,22.2766,1.9121e-04 
2014-09-28,16.3498,21.6563,9.5948e-05 
2014-09-29,16.1814,23.2897,0.0033 
2014-09-30,8.8138,22.6716,4.2335 
2014-10-01,9.8491,18.5251,0.0596 
2014-10-02,12.8810,23.4993,0.9273 
2014-10-03,13.2463,23.3743,12.7570 
2014-10-04,4.8413,12.6830,3.8609 
2014-10-05,4.3134,9.9532,1.4486 
2014-10-06,5.7048,15.7509,0.5734 
2014-10-07,6.4940,14.3582,0.6840 
2014-10-08,7.5397,13.3756,0.3311 
2014-10-09,6.3377,12.7230,0.0098 
2014-10-10,4.1441,12.2541,1.0894e-05 
2014-10-11,4.9404,12.2990,0.0000 
2014-10-12,6.6196,13.9495,2.2451e-04 
2014-10-13,10.9214,20.2404,6.7558 
2014-10-14,17.2692,20.5206,8.3210 
2014-10-15,12.0514,17.2529,1.5181 
2014-10-16,11.4105,16.4998,0.2762 
2014-10-17,9.1480,16.2555,0.9925 
2014-10-18,5.9301,13.0990,1.6327 
2014-10-19,-0.2769,8.4969,0.1409 
2014-10-20,6.8859,14.1818,2.3537 
2014-10-21,6.6261,13.2884,1.9025 
2014-10-22,1.9373,11.4005,0.0109 
2014-10-23,3.9293,12.2830,4.4262e-06 
2014-10-24,8.1428,15.2490,1.7346e-04 
2014-10-25,9.3938,17.2911,5.0732e-04 
2014-10-26,5.2818,12.6664,3.0710e-04 
2014-10-27,7.5094,21.7896,0.1685 
2014-10-28,13.1623,21.0324,3.9235 
2014-10-29,5.9306,12.0961,0.0876 
2014-10-30,2.3654,8.2046,0.0143 
2014-10-31,2.2822,7.5449,5.2988 
2014-11-01,1.1621,3.4378,0.6996 
2014-11-02,-3.7942,7.5294,9.7697e-05 
2014-11-03,1.1001,13.0450,1.9110e-04 
2014-11-04,10.9402,14.1097,1.8872 
2014-11-05,4.8140,11.8768,0.1151 
2014-11-06,4.6888,10.4233,2.0823 
2014-11-07,-2.3609,6.0364,1.1830 
2014-11-08,0.6117,5.9524,1.1964 
2014-11-09,0.2523,6.4286,0.0764 
2014-11-10,3.9131,13.1404,0.0182 
2014-11-11,8.0284,15.4610,0.7687 
2014-11-12,-1.9642,6.1667,0.2184 
2014-11-13,-4.8035,-0.5617,0.4033 
2014-11-14,-8.0538,-0.3479,0.1632 
2014-11-15,-8.1840,-1.4229,0.4181 
2014-11-16,-5.1654,-0.7887,0.5297 
2014-11-17,-6.4282,-2.0137,1.3727 
2014-11-18,-9.4597,-6.7946,0.9267 
2014-11-19,-13.2582,-1.7133,2.1176 
2014-11-20,-6.1613,-2.6090,1.0871 
2014-11-21,-12.7295,-5.5307,0.1567 
2014-11-22,-9.9016,5.2201,2.1401 
2014-11-23,5.3810,9.7979,5.7815 
2014-11-24,1.8465,12.2279,28.6517 
2014-11-25,-3.2338,1.2293,0.1516 
2014-11-26,-5.6260,-0.1158,0.1019 
2014-11-27,-5.1770,-0.9130,0.3414 
2014-11-28,-8.4674,-2.4269,0.5872 
2014-11-29,-3.7871,7.1533,0.3477 
2014-11-30,7.8225,13.6232,0.3955 
2014-12-01,-5.0406,7.9792,0.3137 
2014-12-02,-8.0026,0.7059,0.0062 
2014-12-03,-4.3615,1.5619,0.3328 
2014-12-04,-5.7964,-0.0806,0.0299 
2014-12-05,-3.1113,3.3224,0.0306 
2014-12-06,-0.6904,3.4438,0.0532 
2014-12-07,-5.0153,1.0515,4.8239e-04 
2014-12-08,-1.3861,4.5416,0.0548 
2014-12-09,0.0496,3.7864,4.2035 
2014-12-10,-2.8372,1.5217,0.1941 
2014-12-11,-8.5579,2.3173,0.0040 
2014-12-12,-4.2789,3.5427,0.0056 
2014-12-13,-2.8607,7.6919,0.0159 
2014-12-14,4.4476,10.0819,0.0223 
2014-12-15,5.8126,9.5325,0.0740 
2014-12-16,4.9478,7.9049,7.6263 
2014-12-17,-2.4218,6.5171,0.4123 
2014-12-18,-6.2343,-0.3536,0.3429 
2014-12-19,-6.8830,-0.6202,0.2515 
2014-12-20,-5.5926,-0.9397,3.4873e-04 
2014-12-21,-3.5600,0.8631,0.0190 
2014-12-22,-3.2252,3.6763,0.0633 
2014-12-23,2.1659,9.8272,3.3490 
2014-12-24,3.5670,9.2801,18.4138 
2014-12-25,0.7654,3.3211,2.0180 
2014-12-26,-0.6469,6.8401,0.0216 
2014-12-27,2.8605,9.4190,1.1174 
2014-12-28,-2.5062,8.0993,0.3863 
2014-12-29,-6.0828,-1.5490,5.3790e-04 
2014-12-30,-10.5970,-4.9632,0.0105 
2014-12-31,-12.4180,-8.1929,0.3644 
2015-01-01,-9.1084,-7.7138,0.0728 
