Meteorological forcing data for the Large Basin Runoff Model.      
eri, 03,   <- lake basin, subbasin            
yyyy-mm-dd, Tmin(C), Tmax(C), Prec(mm)                             
2010-01-01,-9.0650,-4.0082,0.0542 
2010-01-02,-14.6743,-7.2689,0.0869 
2010-01-03,-17.1252,-6.7047,0.0536 
2010-01-04,-9.0479,-6.7197,1.2310 
2010-01-05,-9.6255,-5.0352,0.3282 
2010-01-06,-5.0685,-2.4863,0.1704 
2010-01-07,-6.5461,-3.0932,2.2075 
2010-01-08,-7.0265,-4.0031,1.5349 
2010-01-09,-14.2383,-6.6319,0.0206 
2010-01-10,-11.8555,-7.4921,0.0265 
2010-01-11,-12.9767,-5.2068,1.9854 
2010-01-12,-7.6445,-5.1166,0.2994 
2010-01-13,-9.6425,-3.1082,0.0013 
2010-01-14,-4.6542,0.5673,0.0018 
2010-01-15,-0.0425,2.2697,0.1078 
2010-01-16,-6.4266,-0.1989,0.0116 
2010-01-17,-2.9962,-0.3769,0.0079 
2010-01-18,-6.0051,-0.7169,0.0034 
2010-01-19,-3.6690,-0.3331,0.0882 
2010-01-20,-6.6272,-0.8930,0.0317 
2010-01-21,-6.4217,-0.1831,6.7837e-05 
2010-01-22,-0.6443,0.9091,0.1789 
2010-01-23,-2.1755,1.7346,0.0705 
2010-01-24,1.8388,9.0029,7.7720 
2010-01-25,-0.5092,8.5237,1.0014 
2010-01-26,-5.2772,-0.2018,0.4293 
2010-01-27,-9.0009,-1.6683,0.0733 
2010-01-28,-10.4595,-3.5870,0.3649 
2010-01-29,-15.9610,-8.7063,0.0356 
2010-01-30,-11.5924,-7.7746,0.0404 
2010-01-31,-11.6838,-4.0812,0.0612 
2010-02-01,-9.7296,-4.3375,0.0457 
2010-02-02,-4.8048,-2.0363,0.6368 
2010-02-03,-3.3395,0.1295,0.6590 
2010-02-04,-6.0302,0.0549,0.0197 
2010-02-05,-3.1594,-0.2652,0.1758 
2010-02-06,-7.5341,-1.2322,0.5475 
2010-02-07,-7.7007,-2.5259,0.1243 
2010-02-08,-6.5373,-1.8653,0.0154 
2010-02-09,-6.4345,-2.2296,8.9326 
2010-02-10,-4.4117,-2.7224,8.9454 
2010-02-11,-7.3151,-2.9771,0.0578 
2010-02-12,-9.1082,-2.8091,0.1190 
2010-02-13,-8.4553,-2.9298,0.1320 
2010-02-14,-7.5152,-1.4922,0.0403 
2010-02-15,-6.8476,-1.8961,0.0154 
2010-02-16,-5.8457,-2.2694,0.5117 
2010-02-17,-5.6885,0.4785,0.1945 
2010-02-18,-4.4492,0.6484,0.0178 
2010-02-19,-6.2517,1.3458,0.0000 
2010-02-20,-6.6233,0.0925,0.0000 
2010-02-21,-1.3022,1.3475,0.0194 
2010-02-22,-1.3393,0.2924,17.5289 
2010-02-23,-3.8066,-0.3362,0.8561 
2010-02-24,-3.3961,-0.5192,3.0337 
2010-02-25,-6.3745,-1.4091,2.5075 
2010-02-26,-6.5345,-3.2699,7.4175 
2010-02-27,-3.2685,0.1826,3.4827 
2010-02-28,-2.6975,1.6647,0.1075 
2010-03-01,-3.8528,0.8934,0.0284 
2010-03-02,-5.8039,0.5489,0.0035 
2010-03-03,-7.2688,1.1959,0.0499 
2010-03-04,-6.5123,1.6667,0.0013 
2010-03-05,-7.0175,2.6784,2.3323e-04 
2010-03-06,-1.9285,4.3379,3.5120e-04 
2010-03-07,-0.3739,5.2290,3.2829e-05 
2010-03-08,1.6531,8.1021,0.0113 
2010-03-09,1.9448,10.4210,0.0015 
2010-03-10,4.5237,12.0922,0.5871 
2010-03-11,5.5034,13.7319,0.0218 
2010-03-12,8.6903,15.1129,8.1181 
2010-03-13,5.3466,12.4469,6.2132 
2010-03-14,3.0299,5.3744,4.7987 
2010-03-15,3.3300,11.6853,0.2450 
2010-03-16,2.8379,14.0292,3.9445e-05 
2010-03-17,7.0691,14.9780,0.0000 
2010-03-18,5.5836,16.7744,0.0000 
2010-03-19,6.2653,17.2260,2.3817e-04 
2010-03-20,3.7796,16.3653,0.0436 
2010-03-21,-1.5712,9.6097,0.3462 
2010-03-22,1.9084,8.5011,3.0699 
2010-03-23,3.4029,11.3286,0.2046 
2010-03-24,2.3453,12.9949,0.0011 
2010-03-25,1.9487,12.4074,7.3099 
2010-03-26,-4.5750,2.1985,0.0126 
2010-03-27,-3.1099,5.2894,1.4348e-04 
2010-03-28,3.1455,8.5763,7.3734 
2010-03-29,2.3488,10.1706,1.0098 
2010-03-30,-1.5952,10.8878,0.0135 
2010-03-31,5.4006,20.3171,1.0336e-05 
2010-04-01,13.1469,25.5528,0.0000 
2010-04-02,13.5678,26.7119,0.0000 
2010-04-03,11.8594,25.7795,0.1662 
2010-04-04,7.8382,21.0862,0.0026 
2010-04-05,10.1297,22.2389,0.4380 
2010-04-06,14.8436,26.3362,0.7996 
2010-04-07,15.7941,25.8960,14.2041 
2010-04-08,5.7806,15.6276,14.4556 
2010-04-09,-2.2661,7.9446,0.1501 
2010-04-10,2.1529,18.6505,0.0033 
2010-04-11,8.4503,18.5795,0.1083 
2010-04-12,6.8509,13.3696,0.0329 
2010-04-13,5.0933,11.2985,6.1580 
2010-04-14,6.4304,16.2464,5.7897e-04 
2010-04-15,8.7810,27.3829,0.0000 
2010-04-16,16.0388,26.2484,0.0285 
2010-04-17,3.2589,14.4763,0.0033 
2010-04-18,0.9498,12.0747,8.9634e-04 
2010-04-19,3.7529,15.1723,3.5826e-04 
2010-04-20,6.2781,14.8743,0.0000 
2010-04-21,9.2825,18.8065,0.1570 
2010-04-22,3.1218,16.9849,0.0844 
2010-04-23,2.9422,12.8590,0.0064 
2010-04-24,7.5151,16.5781,0.8470 
2010-04-25,10.7349,17.4710,24.0707 
2010-04-26,8.1930,15.0612,10.9294 
2010-04-27,1.6489,12.4558,0.0000 
2010-04-28,4.0868,14.1029,0.0000 
2010-04-29,8.4646,17.2211,0.0567 
2010-04-30,13.7462,25.4477,0.0000 
2010-05-01,17.3126,25.1943,9.5643 
2010-05-02,16.9077,21.6923,12.3318 
2010-05-03,13.6662,20.8593,8.8398 
2010-05-04,12.4293,21.6288,0.7739 
2010-05-05,15.9514,24.3314,1.7013 
2010-05-06,9.3139,19.0782,0.2433 
2010-05-07,9.5675,18.4534,11.9877 
2010-05-08,6.1855,16.1169,9.5248 
2010-05-09,-0.9168,10.5137,0.2860 
2010-05-10,3.3922,11.2656,4.0865e-04 
2010-05-11,6.9244,10.8200,28.2791 
2010-05-12,7.1404,12.6205,1.1738 
2010-05-13,6.8203,22.9361,9.6942 
2010-05-14,12.3357,23.1425,1.1963 
2010-05-15,9.0890,17.5324,0.0000 
2010-05-16,8.4151,16.9516,0.0000 
2010-05-17,11.5631,16.5790,6.9783 
2010-05-18,9.8800,13.4244,14.3135 
2010-05-19,7.5290,20.1803,0.0213 
2010-05-20,15.5313,25.1091,0.0022 
2010-05-21,15.1981,23.8253,3.0052 
2010-05-22,15.5810,22.0188,17.3135 
2010-05-23,17.5404,23.8398,0.5028 
2010-05-24,16.1738,24.6682,8.1835e-05 
2010-05-25,17.3829,24.9827,8.0730e-05 
2010-05-26,19.1196,27.3830,4.5406e-04 
2010-05-27,21.5541,27.4805,0.3665 
2010-05-28,18.5568,26.7859,0.5863 
2010-05-29,18.6904,26.2705,0.0133 
2010-05-30,18.8503,26.1844,0.0013 
2010-05-31,20.5705,29.2463,17.0217 
2010-06-01,17.2275,25.0696,1.7251 
2010-06-02,18.8486,26.5863,9.5124 
2010-06-03,17.3468,26.4765,1.9481 
2010-06-04,15.3717,24.4528,0.0270 
2010-06-05,18.5046,25.0681,0.7324 
2010-06-06,15.9734,19.8759,40.8764 
2010-06-07,9.8446,19.1444,0.0355 
2010-06-08,12.5022,19.1216,0.6892 
2010-06-09,14.1202,25.2141,6.2575 
2010-06-10,15.2335,23.3281,7.6116e-04 
2010-06-11,16.2999,24.1714,0.2829 
2010-06-12,21.6414,29.1979,0.5358 
2010-06-13,19.1500,28.5903,1.4536 
2010-06-14,18.7671,25.9741,0.4569 
2010-06-15,18.6447,23.9169,0.0091 
2010-06-16,19.5872,24.3019,1.3868 
2010-06-17,14.9512,23.2635,8.9568e-05 
2010-06-18,17.8620,29.3964,0.0036 
2010-06-19,24.3467,29.3742,6.2721 
2010-06-20,17.9488,26.3812,2.5043e-04 
2010-06-21,18.6552,26.3139,0.0062 
2010-06-22,18.6196,28.4334,9.8449 
2010-06-23,23.4088,31.3425,2.9184 
2010-06-24,20.2772,31.0072,22.0977 
2010-06-25,15.4810,25.3897,2.1044e-04 
2010-06-26,20.1410,29.6317,0.0226 
2010-06-27,20.2272,30.5471,5.0999 
2010-06-28,19.7017,26.6478,0.1867 
2010-06-29,13.8625,23.7919,6.7112e-07 
2010-06-30,11.9420,20.8927,0.0000 
2010-07-01,11.8662,22.4848,0.0000 
2010-07-02,16.4586,23.6305,0.0000 
2010-07-03,19.4876,28.3543,0.0000 
2010-07-04,21.6203,31.8981,0.0017 
2010-07-05,23.1784,31.7352,0.0286 
2010-07-06,24.6695,32.4947,0.0000 
2010-07-07,25.8130,32.7978,4.1219e-04 
2010-07-08,26.0903,32.0812,5.1548 
2010-07-09,21.0928,28.9411,3.7812 
2010-07-10,21.6830,27.5699,0.0062 
2010-07-11,22.4948,28.9314,0.2435 
2010-07-12,18.1878,28.3236,1.5588 
2010-07-13,19.4491,27.2331,2.7917 
2010-07-14,20.4612,27.4460,0.6930 
2010-07-15,22.2565,30.8782,0.0108 
2010-07-16,22.1343,28.6120,0.6956 
2010-07-17,21.9446,29.9044,0.0015 
2010-07-18,22.4720,30.8686,0.1919 
2010-07-19,20.9146,28.9377,2.0836 
2010-07-20,18.5666,27.7340,24.3559 
2010-07-21,20.3087,27.9915,0.1463 
2010-07-22,20.6226,26.8974,2.5986 
2010-07-23,22.3384,31.7159,28.1093 
2010-07-24,25.0352,31.2217,10.6232 
2010-07-25,20.6087,29.9570,24.5165 
2010-07-26,20.0111,25.9474,0.0861 
2010-07-27,21.9811,26.9284,0.0204 
2010-07-28,22.1391,30.5676,6.7306 
2010-07-29,16.5910,24.7914,2.8459 
2010-07-30,19.8366,25.2272,8.1102e-04 
2010-07-31,21.6633,24.6304,0.5946 
2010-08-01,18.9466,25.7116,0.3221 
2010-08-02,22.4013,27.5242,0.0392 
2010-08-03,23.9306,29.6856,0.0992 
2010-08-04,24.7092,29.6692,0.1506 
2010-08-05,21.0502,29.4325,0.1110 
2010-08-06,18.0767,24.7389,0.0092 
2010-08-07,17.6495,24.9338,0.0000 
2010-08-08,20.5968,28.6387,0.0111 
2010-08-09,22.0091,30.2515,1.1344 
2010-08-10,21.6798,28.9227,0.4786 
2010-08-11,22.2860,28.5081,6.3984 
2010-08-12,20.9332,27.3673,4.2068 
2010-08-13,21.8652,27.5355,0.0427 
2010-08-14,23.0899,31.6299,6.0003e-04 
2010-08-15,22.3191,31.1555,0.0182 
2010-08-16,18.2627,26.9552,0.0037 
2010-08-17,17.9504,26.2088,1.8398e-06 
2010-08-18,18.7424,25.5053,0.1043 
2010-08-19,21.5449,28.6144,6.0533e-04 
2010-08-20,19.1960,27.7060,0.0000 
2010-08-21,20.9125,28.1943,6.0011 
2010-08-22,20.2350,25.2088,0.3895 
2010-08-23,17.1542,25.7915,0.0011 
2010-08-24,17.0624,24.8157,0.1049 
2010-08-25,19.9265,24.8350,0.0084 
2010-08-26,13.2674,22.3794,4.1810e-04 
2010-08-27,16.0422,23.3065,2.6396e-05 
2010-08-28,19.3112,25.0625,0.0000 
2010-08-29,22.2427,29.9668,0.0040 
2010-08-30,25.0235,29.8272,0.0138 
2010-08-31,24.0631,30.6412,1.2534e-04 
2010-09-01,22.2826,31.1637,0.3412 
2010-09-02,21.3546,27.6769,1.4330 
2010-09-03,17.8012,25.8525,0.8839 
2010-09-04,12.5652,18.0966,0.2595 
2010-09-05,10.0651,20.1946,0.0025 
2010-09-06,15.5668,26.5396,0.6650 
2010-09-07,19.5443,27.7177,0.0734 
2010-09-08,13.8661,22.7687,0.0014 
2010-09-09,9.6831,18.7811,5.4621e-04 
2010-09-10,11.6718,19.7831,7.4503e-04 
2010-09-11,13.8027,19.0896,6.6386 
2010-09-12,11.4371,21.9661,1.7888 
2010-09-13,15.2663,24.1640,0.0173 
2010-09-14,14.1109,21.2340,0.0012 
2010-09-15,11.8162,19.9225,0.0023 
2010-09-16,15.3099,22.0906,15.7425 
2010-09-17,10.9873,17.4427,5.4353 
2010-09-18,13.9952,23.8712,0.3212 
2010-09-19,12.5326,18.6944,0.0599 
2010-09-20,10.9500,17.0991,1.5881e-04 
2010-09-21,15.9032,29.3580,0.0050 
2010-09-22,19.0840,28.3251,3.0348 
2010-09-23,16.4985,29.1053,0.0089 
2010-09-24,22.7214,27.9737,0.0259 
2010-09-25,12.3297,20.9187,0.0031 
2010-09-26,7.3060,14.9528,0.0082 
2010-09-27,8.8118,16.2226,0.2892 
2010-09-28,11.7360,15.4991,21.8870 
2010-09-29,10.6965,18.4275,0.2369 
2010-09-30,15.0020,19.7235,5.3634e-06 
2010-10-01,7.8930,17.5489,0.0029 
2010-10-02,8.3966,14.9658,4.6683 
2010-10-03,6.2890,10.6409,0.4767 
2010-10-04,4.7130,13.1155,0.0013 
2010-10-05,7.1337,15.9658,0.0015 
2010-10-06,7.2996,18.8800,4.2032e-05 
2010-10-07,9.0451,19.0719,8.8954e-05 
2010-10-08,11.0133,23.3930,0.0000 
2010-10-09,14.4316,21.2753,0.0000 
2010-10-10,13.4540,25.9828,3.9188e-04 
2010-10-11,17.2765,24.8548,0.0495 
2010-10-12,8.8564,18.6002,0.0157 
2010-10-13,10.6895,17.2950,0.2754 
2010-10-14,6.6483,14.6683,12.1175 
2010-10-15,7.4466,13.7967,0.0331 
2010-10-16,6.7377,15.8730,7.4656e-04 
2010-10-17,8.1815,15.5844,0.0000 
2010-10-18,8.0633,12.9233,7.5916e-04 
2010-10-19,5.1497,12.9428,1.1353e-04 
2010-10-20,5.5867,16.6057,0.0286 
2010-10-21,4.0000,14.9806,4.3681 
2010-10-22,2.6723,12.8935,0.0253 
2010-10-23,8.2667,17.7197,0.0607 
2010-10-24,15.1168,23.4647,0.1864 
2010-10-25,15.8702,20.3692,0.2372 
2010-10-26,12.5972,21.0324,4.9996 
2010-10-27,10.6451,16.1638,1.3474e-04 
2010-10-28,5.9511,14.9267,0.1138 
2010-10-29,2.7937,9.3975,0.0350 
2010-10-30,3.1787,11.9769,0.0018 
2010-10-31,0.2426,10.8212,0.0080 
2010-11-01,0.8306,7.0353,0.0018 
2010-11-02,2.3416,7.4410,9.4016e-05 
2010-11-03,1.9402,8.4447,0.2480 
2010-11-04,2.2156,8.2796,0.0491 
2010-11-05,1.7707,6.5003,0.0739 
2010-11-06,-5.4310,4.5470,0.1104 
2010-11-07,-1.5050,9.2402,2.6382e-06 
2010-11-08,3.5091,12.6681,2.3122e-06 
2010-11-09,6.1534,11.3347,0.0040 
2010-11-10,4.8087,11.1370,5.6032e-05 
2010-11-11,6.1729,12.1639,0.0090 
2010-11-12,7.2285,13.4857,0.0459 
2010-11-13,5.7827,14.6370,0.0938 
2010-11-14,2.8675,15.6690,2.1847 
2010-11-15,0.9442,8.8549,2.3002e-05 
2010-11-16,4.4640,9.5254,2.2012 
2010-11-17,5.5010,10.5497,16.4930 
2010-11-18,1.4430,8.0859,0.4482 
2010-11-19,0.3546,6.9951,0.0101 
2010-11-20,0.7401,6.9609,1.1811e-04 
2010-11-21,1.1551,13.4290,0.0101 
2010-11-22,13.5500,16.3079,7.1653 
2010-11-23,0.0361,17.4828,15.7849 
2010-11-24,-4.3682,3.5137,0.0116 
2010-11-25,3.6994,10.8823,22.8843 
2010-11-26,-6.3606,7.0792,7.1615 
2010-11-27,-3.5664,1.6247,0.0765 
2010-11-28,-5.5281,1.5886,8.9233e-04 
2010-11-29,-0.4398,6.3093,8.7960e-04 
2010-11-30,4.9387,12.9918,17.2605 
2010-12-01,-4.8049,5.4214,1.7734 
2010-12-02,-6.2486,-1.5658,0.0858 
2010-12-03,-4.6984,-0.7795,0.1653 
2010-12-04,-3.8020,-0.4302,0.0123 
2010-12-05,-6.5337,-1.6008,0.1608 
2010-12-06,-5.6994,-2.2828,0.0542 
2010-12-07,-5.9951,-3.4506,0.1128 
2010-12-08,-7.5678,-3.1875,0.1781 
2010-12-09,-8.0393,-3.2879,0.0441 
2010-12-10,-4.2144,2.3427,2.6917 
2010-12-11,-2.0086,3.5804,0.0598 
2010-12-12,-1.6213,3.3547,25.7128 
2010-12-13,-11.7084,-2.8174,2.2011 
2010-12-14,-13.6694,-7.5677,0.0033 
2010-12-15,-12.0413,-5.8713,0.0128 
2010-12-16,-11.6025,-5.7714,0.0130 
2010-12-17,-7.5977,-3.2170,0.1333 
2010-12-18,-12.7059,-5.9269,0.0941 
2010-12-19,-10.9969,-4.9483,0.2208 
2010-12-20,-9.5297,-3.1577,0.1794 
2010-12-21,-6.8394,-1.7834,0.1018 
2010-12-22,-4.4271,-0.8999,0.7769 
2010-12-23,-5.5544,-1.1574,0.0199 
2010-12-24,-8.0763,-2.7346,0.0075 
2010-12-25,-4.9673,-2.1212,0.1251 
2010-12-26,-5.2246,-3.4050,0.3067 
2010-12-27,-9.6002,-4.1718,0.0640 
2010-12-28,-10.5506,-3.6972,0.0032 
2010-12-29,-8.4843,-2.6229,0.0019 
2010-12-30,-3.8621,2.8463,0.6586 
2010-12-31,2.7897,10.8254,2.6174 
2011-01-01,-1.5576,11.4001,12.8597 
2011-01-02,-9.9019,-2.8277,0.1646 
2011-01-03,-8.8305,-0.4306,0.0192 
2011-01-04,-3.0050,-0.0618,0.2301 
2011-01-05,-7.3128,-2.7882,0.4297 
2011-01-06,-6.3713,-1.9281,0.8589 
2011-01-07,-10.0305,-3.9683,1.2051 
2011-01-08,-11.0360,-6.4847,1.5203 
2011-01-09,-13.8805,-4.9030,0.0453 
2011-01-10,-8.7210,-4.2926,0.0566 
2011-01-11,-7.2533,-4.6017,7.2587 
2011-01-12,-6.5289,-4.2890,3.2113 
2011-01-13,-12.6463,-5.9018,0.4035 
2011-01-14,-11.1378,-6.4891,1.3279 
2011-01-15,-8.2146,-2.8441,1.7414 
2011-01-16,-13.9195,-3.5174,0.0474 
2011-01-17,-13.9965,-4.8105,0.0123 
2011-01-18,-4.3015,2.1273,3.9016 
2011-01-19,-6.7621,0.2642,0.4686 
2011-01-20,-10.3068,-5.7530,1.3319 
2011-01-21,-12.7099,-6.3756,1.0626 
2011-01-22,-18.2369,-10.3518,0.2578 
2011-01-23,-15.5438,-9.5007,0.0479 
2011-01-24,-15.5957,-5.4445,2.2170 
2011-01-25,-6.4816,-1.2881,0.1510 
2011-01-26,-4.9390,-0.9599,0.0566 
2011-01-27,-7.2431,-2.1338,2.3121 
2011-01-28,-7.1545,-1.5447,1.8846 
2011-01-29,-6.7876,-1.4989,2.0801 
2011-01-30,-6.4495,-2.6609,0.1117 
2011-01-31,-13.0194,-6.2991,0.0690 
2011-02-01,-10.7220,-6.5050,4.3328 
2011-02-02,-7.8918,-4.3406,14.3145 
2011-02-03,-13.3039,-7.2927,0.0609 
2011-02-04,-15.4327,-8.1937,0.0255 
2011-02-05,-10.9277,-4.4786,8.3830 
2011-02-06,-10.7621,-1.9081,0.7038 
2011-02-07,-3.0794,-1.0555,0.6109 
2011-02-08,-13.4059,-3.6857,0.0681 
2011-02-09,-13.8317,-9.5211,0.0255 
2011-02-10,-16.8878,-10.0837,0.0857 
2011-02-11,-18.8818,-7.1720,0.0785 
2011-02-12,-7.2814,-1.2166,0.2834 
2011-02-13,-3.3096,2.7748,0.2134 
2011-02-14,-0.8879,3.1586,4.8737e-04 
2011-02-15,-7.4620,-1.9182,3.9461e-05 
2011-02-16,-3.0616,2.4695,0.0333 
2011-02-17,2.3321,12.5036,3.7609e-05 
2011-02-18,4.1337,13.2119,7.0256e-06 
2011-02-19,-4.5456,3.5851,0.0017 
2011-02-20,-5.1458,0.8906,9.6812 
2011-02-21,-6.7205,-1.0739,17.0434 
2011-02-22,-10.4337,-7.0270,0.0873 
2011-02-23,-8.8072,-3.8931,0.0267 
2011-02-24,-4.3626,2.1405,2.1532 
2011-02-25,-3.0676,0.1535,7.3684 
2011-02-26,-6.8519,-0.7870,0.6249 
2011-02-27,-3.3563,1.3149,0.2399 
2011-02-28,-1.3814,1.4958,24.8584 
2011-03-01,-6.0501,2.2623,0.0015 
2011-03-02,-3.5627,2.2173,0.0031 
2011-03-03,-9.3129,-1.5173,5.2473e-04 
2011-03-04,-1.2993,9.1605,2.3313 
2011-03-05,0.5524,10.2811,27.7358 
2011-03-06,-4.4745,0.0051,3.5417 
2011-03-07,-11.4830,-1.9922,0.0153 
2011-03-08,-4.2650,3.2677,2.7893e-04 
2011-03-09,1.7244,7.9541,17.9752 
2011-03-10,1.9616,8.6184,1.1000 
2011-03-11,-0.8269,4.0950,6.9440 
2011-03-12,-1.3352,5.6651,0.0180 
2011-03-13,-1.5744,4.8429,0.0098 
2011-03-14,-4.7243,4.0431,0.1541 
2011-03-15,-2.4781,3.2538,2.2201 
2011-03-16,2.8847,10.8520,1.5657 
2011-03-17,5.0913,16.5405,0.0000 
2011-03-18,8.3092,17.3221,0.0012 
2011-03-19,-1.2835,9.1384,1.8929e-04 
2011-03-20,-0.9138,7.4315,4.1305 
2011-03-21,7.1149,14.5504,12.4667 
2011-03-22,-0.1396,10.5263,2.8339 
2011-03-23,-1.1436,3.2721,9.3040 
2011-03-24,-4.5668,-0.3503,0.0434 
2011-03-25,-10.0646,-1.2222,2.2851e-05 
2011-03-26,-10.3963,-1.4762,0.0042 
2011-03-27,-8.7525,0.5284,0.0084 
2011-03-28,-7.4229,2.3682,5.6165e-04 
2011-03-29,-3.3585,4.7496,0.0000 
2011-03-30,-2.6733,3.7243,0.0070 
2011-03-31,-1.3736,5.5369,0.0069 
2011-04-01,2.1302,7.8950,0.0212 
2011-04-02,1.2199,7.7935,1.4769 
2011-04-03,1.5893,7.2118,1.7870 
2011-04-04,5.8727,18.4816,2.2283 
2011-04-05,-0.5369,7.5322,0.0080 
2011-04-06,1.3153,8.4994,13.2235 
2011-04-07,0.5042,8.4315,1.3024 
2011-04-08,3.4028,8.4635,15.7059 
2011-04-09,2.1701,9.3126,0.0227 
2011-04-10,5.4061,24.4944,0.2690 
2011-04-11,12.6360,24.0933,2.4710 
2011-04-12,4.2228,12.9225,0.0012 
2011-04-13,2.9538,16.0887,0.0020 
2011-04-14,6.2477,15.4391,0.0031 
2011-04-15,3.4899,11.7292,0.0426 
2011-04-16,8.9011,15.0918,9.1007 
2011-04-17,2.5662,9.4128,0.5005 
2011-04-18,-0.7995,7.3297,5.7221 
2011-04-19,-0.4963,4.6569,3.3061 
2011-04-20,4.4281,8.7181,17.9967 
2011-04-21,-1.2019,9.8261,0.0669 
2011-04-22,2.1817,7.8787,4.4986 
2011-04-23,7.0630,18.6740,18.2720 
2011-04-24,7.8370,16.0689,2.6303 
2011-04-25,8.5561,12.5144,13.9121 
2011-04-26,7.9944,20.4500,1.8738 
2011-04-27,15.2367,18.1413,5.7487 
2011-04-28,7.2323,16.3627,15.6314 
2011-04-29,3.3289,13.9430,0.2636 
2011-04-30,4.6843,13.6446,0.0022 
2011-05-01,9.4376,20.8402,8.0102 
2011-05-02,7.3349,20.2351,0.0864 
2011-05-03,6.0796,13.3604,0.8006 
2011-05-04,4.9194,12.9309,0.0191 
2011-05-05,6.6606,16.4869,9.9370e-04 
2011-05-06,10.2510,16.4998,0.9872 
2011-05-07,10.6373,17.2463,0.8056 
2011-05-08,8.7906,16.9642,0.0059 
2011-05-09,8.2332,15.9166,0.0201 
2011-05-10,10.8807,18.0662,0.3089 
2011-05-11,13.2273,22.0467,8.5703e-04 
2011-05-12,15.6030,27.3440,6.7432 
2011-05-13,17.0068,23.2603,1.6338 
2011-05-14,15.4120,20.9416,4.3068 
2011-05-15,7.1925,16.7302,12.6341 
2011-05-16,5.3596,8.2250,3.5901 
2011-05-17,5.6642,14.3378,0.4151 
2011-05-18,11.3031,17.7971,6.8421 
2011-05-19,12.0608,18.8074,1.0722 
2011-05-20,13.7503,20.9884,0.0976 
2011-05-21,15.5419,22.3666,0.2195 
2011-05-22,16.5681,28.1072,0.7384 
2011-05-23,17.8230,27.9413,11.9489 
2011-05-24,14.5604,23.7614,1.5444 
2011-05-25,10.8305,20.7957,33.7516 
2011-05-26,11.6671,18.6421,27.1714 
2011-05-27,7.9224,15.3856,2.9874 
2011-05-28,12.0750,19.5770,1.1740 
2011-05-29,16.5662,25.8893,12.9253 
2011-05-30,20.3176,28.6835,0.6221 
2011-05-31,22.0670,30.4019,0.0000 
2011-06-01,20.5581,29.7912,0.0200 
2011-06-02,14.2840,21.6955,7.3382e-04 
2011-06-03,13.6841,19.3405,0.0036 
2011-06-04,15.3947,31.5432,0.0206 
2011-06-05,19.5077,30.1218,0.0169 
2011-06-06,17.5597,26.1095,0.0057 
2011-06-07,23.1401,33.6003,0.0056 
2011-06-08,24.8973,32.7724,0.0000 
2011-06-09,19.5876,31.4944,3.4514 
2011-06-10,13.1151,22.7339,9.1598 
2011-06-11,15.4272,23.6575,0.8684 
2011-06-12,11.4724,23.5714,0.0027 
2011-06-13,12.0953,22.2373,1.1349e-05 
2011-06-14,12.4770,21.9460,1.5566e-04 
2011-06-15,15.5008,20.8780,1.5544 
2011-06-16,16.0210,23.5655,4.7037 
2011-06-17,17.4500,24.5529,0.2431 
2011-06-18,19.4891,25.1203,0.0352 
2011-06-19,17.7640,24.5450,0.2089 
2011-06-20,17.6288,24.8240,0.1497 
2011-06-21,19.3772,28.3584,3.4011 
2011-06-22,19.7452,26.7236,11.1272 
2011-06-23,18.6344,23.6277,2.1413 
2011-06-24,17.0783,21.2611,3.8070 
2011-06-25,13.4786,23.7550,0.0098 
2011-06-26,18.8768,23.4867,0.0190 
2011-06-27,17.9952,23.7679,0.0029 
2011-06-28,19.1404,22.8765,9.2738e-04 
2011-06-29,13.6362,24.1424,0.0000 
2011-06-30,18.8320,27.5101,0.0000 
2011-07-01,19.2599,28.1862,2.6255e-06 
2011-07-02,20.5543,33.7264,0.0341 
2011-07-03,21.3821,32.7065,10.8131 
2011-07-04,20.5901,26.6001,0.2015 
2011-07-05,21.3210,29.1492,0.0000 
2011-07-06,25.0919,30.1894,5.2385e-04 
2011-07-07,19.3589,28.9461,0.0088 
2011-07-08,19.5930,27.9902,0.1775 
2011-07-09,20.8402,27.9618,0.0056 
2011-07-10,22.7435,30.3381,0.0000 
2011-07-11,24.9835,33.1020,6.0256 
2011-07-12,21.0598,31.7566,0.1469 
2011-07-13,16.6444,27.3379,1.7142e-04 
2011-07-14,15.2667,23.4737,4.4218e-05 
2011-07-15,19.9560,26.3581,3.5998e-04 
2011-07-16,22.3130,28.9952,1.7116e-04 
2011-07-17,24.5781,30.6397,8.4646e-06 
2011-07-18,23.6585,34.2693,0.9607 
2011-07-19,22.2570,31.3247,6.0348 
2011-07-20,24.9272,33.7438,0.0383 
2011-07-21,27.3493,34.2009,0.0075 
2011-07-22,26.0523,33.7543,3.3315 
2011-07-23,22.3718,32.5952,5.2493 
2011-07-24,21.4645,29.9983,6.1044 
2011-07-25,24.1047,29.8901,0.0667 
2011-07-26,21.4709,27.0223,0.0000 
2011-07-27,19.4021,25.6347,0.8885 
2011-07-28,22.7285,31.3701,64.4658 
2011-07-29,22.0932,30.6954,25.9365 
2011-07-30,22.7324,28.4077,0.1151 
2011-07-31,25.5787,29.9472,7.6988e-05 
2011-08-01,20.5060,29.7540,0.0481 
2011-08-02,24.1996,29.4069,0.2893 
2011-08-03,21.4461,29.5915,13.2906 
2011-08-04,18.4545,26.5935,0.0126 
2011-08-05,21.4296,26.4776,0.0442 
2011-08-06,22.7516,27.1170,1.3363 
2011-08-07,20.8731,27.5807,0.2197 
2011-08-08,18.9448,24.7370,1.2275 
2011-08-09,18.9652,25.8179,22.5310 
2011-08-10,17.9236,23.1755,0.6982 
2011-08-11,15.7992,24.6243,0.0029 
2011-08-12,20.0258,25.1164,2.6443e-05 
2011-08-13,21.5023,27.0305,0.3154 
2011-08-14,16.9433,23.4413,7.2625 
2011-08-15,15.7912,24.9698,0.2976 
2011-08-16,18.6301,25.7527,0.0000 
2011-08-17,20.4816,25.9176,0.0000 
2011-08-18,21.8339,26.6934,0.9436 
2011-08-19,19.3625,27.2950,0.2221 
2011-08-20,19.7114,28.7211,0.9068 
2011-08-21,17.9803,23.5750,2.3706 
2011-08-22,12.7366,22.1203,0.0015 
2011-08-23,17.9644,26.0671,0.3112 
2011-08-24,18.7628,30.3980,5.7671 
2011-08-25,17.3051,26.6225,7.3819 
2011-08-26,17.4462,23.1677,3.4125e-04 
2011-08-27,19.0293,26.1628,0.0541 
2011-08-28,15.1476,23.9468,0.0140 
2011-08-29,16.2588,22.7367,7.7951e-05 
2011-08-30,18.2290,23.1811,0.0018 
2011-08-31,20.6402,25.3180,0.0423 
2011-09-01,21.1343,29.2416,0.0804 
2011-09-02,24.9895,31.4184,0.0416 
2011-09-03,25.6165,31.7453,0.7345 
2011-09-04,19.0805,30.3818,10.9490 
2011-09-05,13.0557,20.9911,0.0426 
2011-09-06,10.9056,16.8186,0.0019 
2011-09-07,13.5204,16.4963,16.6401 
2011-09-08,14.7635,20.0437,20.0124 
2011-09-09,16.5230,21.1391,7.9185 
2011-09-10,17.3499,22.4502,13.6762 
2011-09-11,16.7922,23.5974,1.0803 
2011-09-12,16.4291,26.1757,0.2510 
2011-09-13,19.7667,25.0868,0.0055 
2011-09-14,12.3143,21.6277,2.1770 
2011-09-15,6.1173,13.7775,2.9486 
2011-09-16,7.5118,13.2727,9.9673e-06 
2011-09-17,11.4374,16.2154,0.0000 
2011-09-18,12.7925,18.2057,0.0333 
2011-09-19,15.4852,18.9760,26.0582 
2011-09-20,14.2426,18.2559,0.3520 
2011-09-21,15.5901,22.4827,0.1355 
2011-09-22,14.5293,21.5635,0.0530 
2011-09-23,12.1760,18.7131,14.6226 
2011-09-24,10.7262,16.5970,0.2447 
2011-09-25,13.9583,19.6363,0.4115 
2011-09-26,16.1758,19.2157,26.7861 
2011-09-27,13.5153,17.8648,1.9185 
2011-09-28,12.5539,15.8022,5.7583 
2011-09-29,10.9148,16.8129,2.8478 
2011-09-30,7.8420,15.0925,6.0154 
2011-10-01,6.0421,11.2351,1.1241 
2011-10-02,3.3831,13.7666,0.0039 
2011-10-03,6.6249,17.2349,0.0567 
2011-10-04,9.6333,20.0998,2.6451e-05 
2011-10-05,15.1119,21.3374,0.0112 
2011-10-06,14.0234,20.5906,0.0197 
2011-10-07,14.0719,21.8658,0.0187 
2011-10-08,16.3171,24.0972,0.0279 
2011-10-09,16.9605,23.0458,8.1642e-06 
2011-10-10,16.8051,21.0746,0.0000 
2011-10-11,15.6752,21.4187,0.0274 
2011-10-12,14.4564,18.3898,0.6258 
2011-10-13,12.0633,17.5309,0.2317 
2011-10-14,11.5955,16.2061,5.6960 
2011-10-15,8.7646,11.7669,1.3317 
2011-10-16,9.5542,14.8416,0.8288 
2011-10-17,7.0703,12.6929,0.0049 
2011-10-18,6.2786,11.9641,0.9642 
2011-10-19,7.5659,12.4401,18.5764 
2011-10-20,4.8377,12.1447,20.8868 
2011-10-21,4.3306,10.1433,0.1911 
2011-10-22,3.5991,10.9120,0.0771 
2011-10-23,6.7793,14.4690,0.0000 
2011-10-24,9.7892,13.8033,6.1268 
2011-10-25,6.9768,16.5262,0.1818 
2011-10-26,11.0571,16.5448,3.6342 
2011-10-27,4.3307,10.4241,5.2032 
2011-10-28,2.8643,8.4579,0.0833 
2011-10-29,5.1671,8.5246,1.6750 
2011-10-30,2.9731,9.0733,0.9490 
2011-10-31,6.4873,9.8886,0.8447 
2011-11-01,5.5909,13.0726,0.0224 
2011-11-02,6.9051,16.3761,2.4541e-04 
2011-11-03,7.6126,15.3992,0.0030 
2011-11-04,3.0514,8.9197,0.0022 
2011-11-05,3.1490,9.3464,4.7774e-07 
2011-11-06,4.4739,15.1040,0.0000 
2011-11-07,9.3740,14.5510,0.1807 
2011-11-08,11.2489,18.4512,1.0734 
2011-11-09,10.9592,17.5381,7.5619 
2011-11-10,2.6989,8.9784,0.3752 
2011-11-11,-0.8163,4.5565,0.0322 
2011-11-12,1.9920,13.3305,1.0089e-04 
2011-11-13,10.2306,16.4597,8.5651e-04 
2011-11-14,8.5585,16.9638,24.2246 
2011-11-15,7.0369,12.6895,0.0585 
2011-11-16,3.3019,10.3463,0.0231 
2011-11-17,-1.4786,2.2159,0.0701 
2011-11-18,-3.7156,5.7866,0.0037 
2011-11-19,2.7452,9.9362,0.0131 
2011-11-20,7.2270,13.4719,0.0513 
2011-11-21,0.8095,6.6569,0.1058 
2011-11-22,0.7584,5.7060,23.4108 
2011-11-23,2.2615,7.5394,30.9535 
2011-11-24,1.4002,8.0347,7.3503e-06 
2011-11-25,4.7427,11.0442,1.0995e-04 
2011-11-26,7.9982,14.1552,0.0345 
2011-11-27,6.4967,13.9067,16.4466 
2011-11-28,0.0196,5.6692,2.7534 
2011-11-29,3.7551,4.6478,58.8203 
2011-11-30,-2.1946,3.5604,4.3221 
2011-12-01,-4.4881,0.7257,0.0813 
2011-12-02,-2.5556,1.5750,1.1711 
2011-12-03,-0.2512,8.0837,0.1537 
2011-12-04,6.3638,9.8830,9.3616 
2011-12-05,0.8705,9.6611,12.6149 
2011-12-06,-0.2455,1.4597,4.1280 
2011-12-07,-5.9946,0.9512,0.0957 
2011-12-08,-5.4765,0.3874,0.0045 
2011-12-09,-2.3615,-0.0876,0.4096 
2011-12-10,-9.4840,-2.9777,0.0318 
2011-12-11,-9.7446,-0.4048,1.0371e-05 
2011-12-12,-4.2623,1.4398,0.0000 
2011-12-13,-0.0984,4.2704,0.1982 
2011-12-14,2.5576,10.9626,13.6108 
2011-12-15,5.5316,14.3755,11.6054 
2011-12-16,-1.5495,4.8284,0.0842 
2011-12-17,-4.5457,-0.5852,1.3185 
2011-12-18,-3.1352,1.3452,0.3042 
2011-12-19,0.8709,8.0668,0.0822 
2011-12-20,-0.7798,6.3525,0.0569 
2011-12-21,1.8978,9.2169,2.0228 
2011-12-22,2.3626,6.4565,0.0499 
2011-12-23,-4.5014,4.6450,1.1702 
2011-12-24,-2.4163,0.9709,0.2057 
2011-12-25,-1.4992,5.0344,0.0020 
2011-12-26,-2.8160,4.7470,9.7700e-04 
2011-12-27,0.1701,3.5916,10.7814 
2011-12-28,-6.3096,0.9468,0.5144 
2011-12-29,-5.9538,2.8219,0.6229 
2011-12-30,-0.3570,6.4780,7.2282 
2011-12-31,1.6609,7.8577,1.9407 
2012-01-01,0.8159,6.8960,0.1781 
2012-01-02,-3.6221,0.2274,0.4771 
2012-01-03,-8.7702,-3.9181,0.0730 
2012-01-04,-8.2511,0.8047,9.0760e-04 
2012-01-05,-3.6950,2.3366,0.0028 
2012-01-06,1.3551,8.7338,4.9300e-05 
2012-01-07,0.6300,6.8296,0.0011 
2012-01-08,-1.5605,3.4556,0.0110 
2012-01-09,-1.6826,4.4150,1.5589e-04 
2012-01-10,-0.5237,6.3135,0.0000 
2012-01-11,1.7295,6.1654,0.1746 
2012-01-12,3.2078,4.3786,9.7721 
2012-01-13,-5.7732,1.8070,4.0549 
2012-01-14,-8.2907,-4.2125,1.2650 
2012-01-15,-9.6142,-6.6160,0.0966 
2012-01-16,-8.5305,2.9753,0.1031 
2012-01-17,0.2745,9.9423,20.9737 
2012-01-18,-9.6610,-0.6156,0.0614 
2012-01-19,-8.4029,-3.5864,1.7088 
2012-01-20,-14.9035,-8.2745,0.8682 
2012-01-21,-11.8910,-5.6014,5.7360 
2012-01-22,-6.9095,1.4803,0.0540 
2012-01-23,2.0208,11.4327,15.8247 
2012-01-24,-3.0425,2.6065,0.3552 
2012-01-25,-4.2397,-0.0148,0.0483 
2012-01-26,-1.6874,1.5051,1.8353 
2012-01-27,-0.4270,3.4543,8.0969 
2012-01-28,-2.2263,2.1483,1.6451 
2012-01-29,-4.7290,-0.6359,0.7751 
2012-01-30,-7.7484,2.5623,0.0291 
2012-01-31,3.3804,10.7376,0.0031 
2012-02-01,2.0561,11.1971,0.1106 
2012-02-02,0.1435,5.6826,0.0021 
2012-02-03,1.7674,6.3023,9.8014e-04 
2012-02-04,-0.3193,5.9914,0.0260 
2012-02-05,-0.7043,5.3153,0.0132 
2012-02-06,-3.6890,6.9140,0.0019 
2012-02-07,-4.5170,5.2049,0.0312 
2012-02-08,-5.9141,1.0946,6.3252e-04 
2012-02-09,-5.8073,2.3831,5.0286e-05 
2012-02-10,-6.1076,1.0181,0.8558 
2012-02-11,-12.2523,0.3858,9.0225 
2012-02-12,-9.6013,-1.4020,0.0772 
2012-02-13,-8.8742,-1.3846,0.0441 
2012-02-14,-3.1722,0.3312,2.4091 
2012-02-15,-4.4556,2.5862,0.0889 
2012-02-16,1.5520,5.4631,4.8022 
2012-02-17,-1.8919,4.1838,0.0216 
2012-02-18,-0.5065,3.3733,0.0538 
2012-02-19,-6.4494,0.7059,0.0059 
2012-02-20,-5.9469,0.2254,0.0346 
2012-02-21,-3.3518,6.8981,3.3543 
2012-02-22,-0.0236,6.5737,0.8057 
2012-02-23,-0.4528,4.5838,0.2306 
2012-02-24,0.0077,3.6312,7.4930 
2012-02-25,-2.9352,0.1572,1.1847 
2012-02-26,-6.2421,3.4277,0.0172 
2012-02-27,0.2063,3.6587,0.0023 
2012-02-28,-3.3863,1.3289,9.9770e-04 
2012-02-29,-0.2114,9.1696,18.0582 
2012-03-01,0.5810,10.1166,0.1911 
2012-03-02,0.7017,8.1152,9.4129 
2012-03-03,-1.1809,12.8486,6.6112 
2012-03-04,-6.2690,-0.2377,0.2671 
2012-03-05,-8.5754,-1.2903,0.6340 
2012-03-06,-4.2141,11.2851,0.0322 
2012-03-07,7.7861,17.1073,0.0000 
2012-03-08,4.5118,17.0109,4.2065 
2012-03-09,-1.8336,3.2132,0.2345 
2012-03-10,-6.7773,7.9834,0.0032 
2012-03-11,2.0015,16.0117,7.0228e-04 
2012-03-12,9.0121,16.8047,6.7605 
2012-03-13,9.2357,16.7271,5.6787 
2012-03-14,8.1228,23.2454,0.0027 
2012-03-15,14.6535,25.0192,1.3239 
2012-03-16,17.1111,22.1404,13.9146 
2012-03-17,13.9553,21.4963,0.0317 
2012-03-18,11.0510,21.5044,0.0912 
2012-03-19,13.2650,21.7247,0.1234 
2012-03-20,15.8404,23.8077,4.0658e-04 
2012-03-21,14.2430,24.6808,0.0128 
2012-03-22,12.9213,25.6072,0.0166 
2012-03-23,14.1198,21.2299,1.1748 
2012-03-24,11.2407,17.7476,7.6369 
2012-03-25,10.7070,20.0099,0.0582 
2012-03-26,0.2013,18.8696,0.0080 
2012-03-27,-2.8507,12.0041,9.1988e-04 
2012-03-28,12.5746,15.9404,0.0011 
2012-03-29,0.1537,11.8867,1.8787e-04 
2012-03-30,-1.1222,9.0121,15.7302 
2012-03-31,-1.5766,7.5188,0.3419 
2012-04-01,3.3535,13.6613,0.0617 
2012-04-02,1.2156,13.4121,0.0162 
2012-04-03,3.1110,17.6470,5.2895 
2012-04-04,5.0539,17.3888,5.0919e-04 
2012-04-05,0.6304,10.9033,0.0000 
2012-04-06,0.3810,12.1990,0.0000 
2012-04-07,3.8643,15.0277,1.0524e-05 
2012-04-08,7.7320,14.1680,0.2572 
2012-04-09,6.6409,14.2847,0.0077 
2012-04-10,1.4334,10.1303,0.0947 
2012-04-11,1.0412,10.0731,0.0359 
2012-04-12,3.9969,12.5185,0.0056 
2012-04-13,5.0621,14.2256,0.0016 
2012-04-14,8.0278,17.5295,4.1084 
2012-04-15,14.1949,23.8636,7.4354 
2012-04-16,14.4771,23.7197,0.2455 
2012-04-17,3.3158,12.9864,4.0738e-05 
2012-04-18,4.0063,12.6896,7.8749e-06 
2012-04-19,8.8854,20.5945,0.2238 
2012-04-20,12.9922,20.5423,1.9952 
2012-04-21,1.7076,11.0134,6.5289 
2012-04-22,1.2278,8.4645,7.2792e-04 
2012-04-23,2.9000,10.4634,0.0070 
2012-04-24,4.8660,13.8736,2.3629e-04 
2012-04-25,6.1815,15.8325,0.0345 
2012-04-26,8.5938,14.6274,0.7093 
2012-04-27,0.0455,10.8107,2.7304e-05 
2012-04-28,3.4858,10.6820,1.0020 
2012-04-29,2.0601,13.2255,0.0019 
2012-04-30,6.5369,14.8843,12.0621 
2012-05-01,10.3679,17.1913,3.9919 
2012-05-02,11.4615,26.3956,0.4444 
2012-05-03,18.7176,29.3802,0.0108 
2012-05-04,18.1300,29.0738,3.1632 
2012-05-05,13.4061,19.8676,0.0782 
2012-05-06,9.4076,18.8230,0.0021 
2012-05-07,12.0699,20.4228,13.7155 
2012-05-08,13.2580,20.6401,1.8676 
2012-05-09,12.2708,19.4541,1.3679 
2012-05-10,5.7494,15.4518,0.9180 
2012-05-11,10.0520,20.8230,0.0000 
2012-05-12,13.5352,22.6804,0.0023 
2012-05-13,13.9268,20.2473,0.6837 
2012-05-14,14.1644,21.1137,1.8453e-04 
2012-05-15,17.1848,25.1052,4.3919e-04 
2012-05-16,14.2056,24.5851,0.1650 
2012-05-17,10.5315,16.9491,5.3342e-05 
2012-05-18,11.9290,19.8028,0.0000 
2012-05-19,15.3313,25.4991,0.0000 
2012-05-20,18.2248,27.1945,8.3592e-05 
2012-05-21,19.4711,25.0783,0.3826 
2012-05-22,12.0988,22.8530,0.4676 
2012-05-23,12.6676,20.9707,1.8718e-04 
2012-05-24,16.0233,26.9261,2.3270e-05 
2012-05-25,21.3234,29.3454,0.0030 
2012-05-26,17.6738,27.3852,7.0466 
2012-05-27,17.6582,27.2070,0.0255 
2012-05-28,22.6129,31.4882,4.9109e-04 
2012-05-29,22.3396,30.8687,1.7263 
2012-05-30,15.7737,25.6722,1.6195e-04 
2012-05-31,10.2134,18.4006,0.0195 
2012-06-01,10.9808,16.3923,14.2009 
2012-06-02,7.2777,20.3441,0.3589 
2012-06-03,16.5267,23.6332,1.7223e-05 
2012-06-04,13.3912,22.6584,0.0028 
2012-06-05,11.1003,19.2083,0.9254 
2012-06-06,13.8133,22.1288,0.0240 
2012-06-07,15.5209,24.6530,0.0250 
2012-06-08,16.5066,28.5369,0.0014 
2012-06-09,20.6165,30.3308,3.0299e-04 
2012-06-10,23.1435,30.1052,0.0000 
2012-06-11,22.2148,28.8526,0.4314 
2012-06-12,20.2515,25.1339,0.4403 
2012-06-13,11.2904,22.0221,0.0000 
2012-06-14,13.5524,22.6949,0.0000 
2012-06-15,17.2652,26.8014,3.9529e-05 
2012-06-16,20.8224,28.4831,0.0018 
2012-06-17,20.2997,28.5639,5.4028 
2012-06-18,21.3353,30.8790,13.1704 
2012-06-19,22.3458,32.9034,0.5798 
2012-06-20,24.3975,32.7771,1.0669e-05 
2012-06-21,23.8791,31.5931,0.2259 
2012-06-22,19.5383,25.0909,0.2817 
2012-06-23,18.1322,24.8269,0.0154 
2012-06-24,21.0102,28.6750,0.0174 
2012-06-25,17.0826,26.0866,0.0079 
2012-06-26,15.8774,25.5372,6.3378e-05 
2012-06-27,20.4745,30.3375,1.2676e-05 
2012-06-28,20.7606,35.3864,0.0180 
2012-06-29,25.1784,34.7166,0.0077 
2012-06-30,20.0327,32.4059,0.0325 
2012-07-01,22.4144,30.3692,0.0288 
2012-07-02,22.0721,29.2701,0.0280 
2012-07-03,24.2935,33.2515,1.9715 
2012-07-04,24.8448,34.3870,0.4976 
2012-07-05,25.1800,35.1154,9.2522 
2012-07-06,27.8764,33.3622,0.0443 
2012-07-07,28.9655,35.0381,0.0373 
2012-07-08,21.5528,29.1105,0.1098 
2012-07-09,18.5002,26.1517,0.0068 
2012-07-10,18.1742,25.5176,0.0051 
2012-07-11,18.4016,26.6313,0.0000 
2012-07-12,21.9710,29.0481,0.0000 
2012-07-13,23.6609,29.8382,0.0000 
2012-07-14,21.3703,29.3535,7.0400e-04 
2012-07-15,21.2405,30.4406,0.0736 
2012-07-16,24.2209,32.4043,0.0559 
2012-07-17,26.4119,35.5025,0.0103 
2012-07-18,24.4062,33.2501,1.2506 
2012-07-19,21.0333,28.9254,0.6241 
2012-07-20,17.3630,23.8400,3.8098 
2012-07-21,17.9022,29.2367,7.3917e-07 
2012-07-22,24.1649,31.6997,0.0186 
2012-07-23,23.8200,32.5057,0.1221 
2012-07-24,24.8701,31.9216,0.0019 
2012-07-25,18.6311,29.8218,3.6930e-04 
2012-07-26,25.2721,31.1466,0.4594 
2012-07-27,20.8062,27.4438,7.1235 
2012-07-28,17.7956,26.3221,7.7328 
2012-07-29,18.6351,26.3637,3.2838e-04 
2012-07-30,22.3328,28.4438,0.0792 
2012-07-31,22.0113,27.3243,0.9842 
2012-08-01,20.6384,27.8379,1.6085e-04 
2012-08-02,22.2996,31.2142,0.0139 
2012-08-03,23.1289,31.0534,0.0033 
2012-08-04,23.5801,30.0882,0.3689 
2012-08-05,20.3205,28.6772,1.9863 
2012-08-06,16.6369,25.6346,9.8360e-04 
2012-08-07,20.9908,29.6518,4.2656e-04 
2012-08-08,22.5779,29.4423,0.0800 
2012-08-09,18.9295,28.4751,12.4900 
2012-08-10,16.4658,21.0621,7.6916 
2012-08-11,15.0369,20.3625,1.4991 
2012-08-12,14.6317,23.8930,0.0255 
2012-08-13,19.5487,24.2004,0.1618 
2012-08-14,17.0950,22.8174,4.0109 
2012-08-15,18.5678,24.4480,0.2933 
2012-08-16,19.0478,27.1624,0.1267 
2012-08-17,16.4860,22.4899,0.7876 
2012-08-18,12.7883,21.3129,5.0693e-04 
2012-08-19,17.8325,22.7194,9.6840e-04 
2012-08-20,16.6655,22.6472,0.0717 
2012-08-21,18.0498,22.7794,0.0901 
2012-08-22,18.0753,24.0550,0.0181 
2012-08-23,21.0974,25.8393,0.0000 
2012-08-24,21.6323,27.0141,2.3782e-04 
2012-08-25,22.7427,29.0136,0.0000 
2012-08-26,20.8011,28.0292,0.0000 
2012-08-27,19.7865,26.3202,21.7786 
2012-08-28,16.2494,26.3828,0.0335 
2012-08-29,16.1223,25.4469,0.0234 
2012-08-30,18.0388,27.4906,0.0358 
2012-08-31,19.8591,30.5090,9.5098e-06 
2012-09-01,20.5068,29.2744,0.0131 
2012-09-02,20.0079,24.4453,0.1268 
2012-09-03,20.9877,27.0969,0.0018 
2012-09-04,21.7007,25.9324,3.6870 
2012-09-05,20.3478,27.6913,0.3824 
2012-09-06,16.8887,26.8963,0.4677 
2012-09-07,20.1855,25.7628,0.0389 
2012-09-08,14.2087,19.8604,6.1199 
2012-09-09,12.6496,18.8861,0.0440 
2012-09-10,13.8180,20.6908,8.5000e-04 
2012-09-11,14.5739,23.2623,0.0295 
2012-09-12,16.7967,25.9099,0.0000 
2012-09-13,18.0005,26.3842,0.0063 
2012-09-14,12.3969,24.8261,5.3520 
2012-09-15,12.1369,20.4797,0.0077 
2012-09-16,14.8874,23.2201,0.0384 
2012-09-17,15.5657,23.5390,8.3209e-04 
2012-09-18,13.8965,22.6986,1.1795 
2012-09-19,6.5139,16.6249,0.1381 
2012-09-20,11.9000,20.4488,2.1740 
2012-09-21,12.9486,19.2245,0.1871 
2012-09-22,9.5443,14.5874,8.3739 
2012-09-23,5.7324,11.8931,0.0751 
2012-09-24,5.1323,14.8707,0.0016 
2012-09-25,9.1308,19.1637,1.6743e-04 
2012-09-26,13.7008,20.4540,0.3595 
2012-09-27,11.1287,19.3913,0.0324 
2012-09-28,11.5923,18.4797,4.8859e-04 
2012-09-29,12.6981,19.4007,0.0174 
2012-09-30,9.8915,18.2931,1.1416e-04 
2012-10-01,10.1955,15.8539,0.0313 
2012-10-02,12.4524,19.0159,4.1623 
2012-10-03,15.1361,18.1718,1.8685 
2012-10-04,11.5309,22.2549,1.2317e-04 
2012-10-05,7.9435,21.2034,1.5024 
2012-10-06,4.3116,9.3523,4.2200 
2012-10-07,3.2793,9.0507,0.2831 
2012-10-08,2.6916,9.4369,0.0789 
2012-10-09,3.7826,13.7337,0.0874 
2012-10-10,5.6991,12.7984,2.6021 
2012-10-11,1.2099,13.0461,0.0047 
2012-10-12,2.8527,11.8989,0.0591 
2012-10-13,4.6133,17.0738,2.3737 
2012-10-14,15.8006,19.9030,9.1537 
2012-10-15,8.4624,16.5080,2.4130 
2012-10-16,4.5440,12.1543,0.0096 
2012-10-17,10.9806,20.3425,0.3681 
2012-10-18,11.1038,19.3477,9.9065 
2012-10-19,8.2627,12.5074,1.9850 
2012-10-20,7.2564,10.8022,3.4404 
2012-10-21,5.8299,13.3625,0.0361 
2012-10-22,10.4056,20.1856,0.0175 
2012-10-23,16.1605,19.9151,6.1521 
2012-10-24,14.4118,21.7760,0.6153 
2012-10-25,15.1360,22.2256,1.4299e-05 
2012-10-26,7.1548,21.4537,0.7381 
2012-10-27,6.1019,10.4321,0.0289 
2012-10-28,3.4962,8.6486,0.0078 
2012-10-29,4.8330,6.5209,0.1556 
2012-10-30,3.2099,6.9770,1.6194 
2012-10-31,3.0012,5.8534,0.5282 
2012-11-01,3.4344,8.3024,0.0406 
2012-11-02,-0.4626,6.0674,0.1073 
2012-11-03,-2.4978,6.3231,0.0020 
2012-11-04,-1.1567,5.2702,0.0000 
2012-11-05,-2.4596,4.5150,0.0023 
2012-11-06,0.5565,4.8254,0.0155 
2012-11-07,-1.0841,7.1799,0.0409 
2012-11-08,0.6013,8.1780,7.5641e-06 
2012-11-09,1.6298,11.8509,0.1381 
2012-11-10,6.6297,16.8950,0.8180 
2012-11-11,11.9993,17.5667,0.0136 
2012-11-12,1.0495,16.8962,12.2716 
2012-11-13,-1.9887,2.0662,0.0909 
2012-11-14,-0.8568,3.1897,0.0031 
2012-11-15,0.8858,5.3530,0.0053 
2012-11-16,2.8533,8.9393,0.0000 
2012-11-17,3.6965,8.4336,0.0000 
2012-11-18,5.0832,8.7515,0.1152 
2012-11-19,5.7355,9.5032,0.0412 
2012-11-20,6.8010,10.9457,0.1586 
2012-11-21,6.1499,13.4434,0.1536 
2012-11-22,5.6309,15.2656,0.0945 
2012-11-23,1.4266,13.8601,4.6155 
2012-11-24,-2.0379,1.4711,0.0881 
2012-11-25,-4.8481,4.0296,0.4227 
2012-11-26,-2.5461,2.4233,0.0055 
2012-11-27,-5.8370,0.6318,5.8022e-05 
2012-11-28,-3.1513,4.0334,0.0100 
2012-11-29,-1.6910,7.2844,0.0014 
2012-11-30,1.6131,5.5633,0.0583 
2012-12-01,2.4741,14.0797,0.0061 
2012-12-02,12.0543,15.1543,2.1146 
2012-12-03,8.7326,16.8522,0.0755 
2012-12-04,7.8950,17.2413,4.9382 
2012-12-05,-2.4087,8.4244,0.0028 
2012-12-06,-0.9556,3.7335,2.3304e-05 
2012-12-07,2.6671,7.1616,0.3843 
2012-12-08,2.2363,6.9574,2.8710 
2012-12-09,-0.7207,4.0195,3.6430 
2012-12-10,0.5920,6.9410,0.6167 
2012-12-11,-5.1238,0.2325,0.0632 
2012-12-12,-4.7197,3.7096,0.0672 
2012-12-13,-2.0293,5.3581,0.0000 
2012-12-14,-1.2038,6.2187,0.0017 
2012-12-15,2.6674,5.4545,0.2859 
2012-12-16,5.5105,11.2750,4.1459 
2012-12-17,3.4167,8.4387,0.1302 
2012-12-18,0.5412,5.0209,0.7217 
2012-12-19,1.7116,5.3928,0.4721 
2012-12-20,2.6223,9.4994,8.6911 
2012-12-21,-1.6342,9.5079,4.0529 
2012-12-22,-3.8208,0.0705,0.0168 
2012-12-23,-8.4126,0.6686,4.3433e-04 
2012-12-24,-5.4244,-0.1394,1.2174 
2012-12-25,-5.9041,-0.1315,0.2796 
2012-12-26,-3.3779,-1.4510,7.5611 
2012-12-27,-3.5791,-1.1982,2.8449 
2012-12-28,-6.4615,-3.1434,0.2583 
2012-12-29,-3.5538,-1.4293,3.0522 
2012-12-30,-7.7438,-2.2366,0.1694 
2012-12-31,-7.1797,0.3729,0.0318 
2013-01-01,-8.0614,0.1029,0.0144 
2013-01-02,-11.9333,-6.3930,0.0442 
2013-01-03,-12.9841,-1.8354,0.0524 
2013-01-04,-8.5873,-2.5659,0.0919 
2013-01-05,-8.6335,-1.9979,0.0020 
2013-01-06,-2.9673,0.6267,0.3992 
2013-01-07,-6.4321,0.3534,0.0024 
2013-01-08,-5.3542,-0.0186,0.0000 
2013-01-09,-1.0424,3.4202,0.1356 
2013-01-10,-1.1163,2.2917,0.0321 
2013-01-11,0.8128,13.9702,17.4978 
2013-01-12,8.0186,12.9330,0.0081 
2013-01-13,2.6539,11.6710,28.1348 
2013-01-14,-6.4146,3.3797,1.1381 
2013-01-15,-7.2566,-2.2919,7.6280e-06 
2013-01-16,-5.8911,0.2887,3.4933e-05 
2013-01-17,-4.0404,0.1660,0.0011 
2013-01-18,-10.2647,0.5488,0.0138 
2013-01-19,0.9743,6.4076,2.6328e-04 
2013-01-20,-7.3772,7.3461,0.1107 
2013-01-21,-11.9070,-7.0017,2.9263 
2013-01-22,-16.3505,-11.4409,0.5872 
2013-01-23,-16.6323,-9.4877,0.3045 
2013-01-24,-15.0110,-8.0690,0.3819 
2013-01-25,-11.0721,-6.5261,1.8225 
2013-01-26,-9.8947,-3.4897,1.4642 
2013-01-27,-7.3263,-3.4266,0.1523 
2013-01-28,-3.2546,6.5413,9.4581 
2013-01-29,2.2171,14.0794,10.0694 
2013-01-30,10.8647,16.0519,9.1768 
2013-01-31,-6.1914,10.0722,5.7521 
2013-02-01,-10.3323,-6.6867,0.3531 
2013-02-02,-13.7789,-4.9032,5.2967 
2013-02-03,-11.6139,-5.9837,0.4879 
2013-02-04,-13.3831,-6.3684,2.2104 
2013-02-05,-9.4404,-4.6544,0.3130 
2013-02-06,-11.0822,-3.1171,0.4159 
2013-02-07,-7.6281,-0.5066,0.0250 
2013-02-08,-3.9778,0.1131,2.4538 
2013-02-09,-9.8119,-4.3993,0.0660 
2013-02-10,-8.6497,5.1322,0.1125 
2013-02-11,1.1539,8.6173,2.7270 
2013-02-12,-3.5759,0.8452,0.0634 
2013-02-13,-5.7852,2.3973,0.0224 
2013-02-14,-3.4441,5.8910,0.2235 
2013-02-15,-4.6320,3.8848,0.0051 
2013-02-16,-8.4030,-3.1403,1.1450 
2013-02-17,-12.8638,-5.4476,0.1751 
2013-02-18,-9.2293,5.7133,0.0035 
2013-02-19,-5.4940,7.0654,2.7811 
2013-02-20,-9.5058,-5.1182,0.0608 
2013-02-21,-11.5768,-3.5925,0.2142 
2013-02-22,-7.8258,2.3655,7.5629 
2013-02-23,-4.8843,1.9249,0.1007 
2013-02-24,-6.8960,1.6163,0.0858 
2013-02-25,-3.6879,2.1864,0.0132 
2013-02-26,-3.4687,1.1594,11.7573 
2013-02-27,0.4291,2.8853,30.4114 
2013-02-28,-0.8855,1.4795,2.9804 
2013-03-01,-4.4259,-0.2219,0.0514 
2013-03-02,-7.4433,-2.4256,0.2939 
2013-03-03,-11.5545,-2.5646,0.2148 
2013-03-04,-11.2320,-1.0714,0.0132 
2013-03-05,-7.9521,0.2626,0.0104 
2013-03-06,-2.3190,3.4004,0.0107 
2013-03-07,-1.7180,2.7382,0.1062 
2013-03-08,-5.2870,3.3349,0.0356 
2013-03-09,-0.5481,4.1218,0.0130 
2013-03-10,2.0593,14.4922,0.3831 
2013-03-11,8.8468,13.3122,7.0834 
2013-03-12,0.3675,7.6697,0.4805 
2013-03-13,-3.3447,1.4818,0.9931 
2013-03-14,-7.2786,3.6102,5.1767e-04 
2013-03-15,-3.8186,5.1452,0.7828 
2013-03-16,-3.1816,3.5891,5.2953 
2013-03-17,-6.5398,-0.6741,0.0478 
2013-03-18,-5.8397,3.6996,0.3634 
2013-03-19,-6.3861,3.4528,0.1201 
2013-03-20,-7.0447,-2.5060,0.1157 
2013-03-21,-10.2278,0.2201,0.1529 
2013-03-22,-6.3750,3.0245,0.0108 
2013-03-23,-5.1709,4.1698,9.3361e-04 
2013-03-24,-3.3420,3.7765,0.0060 
2013-03-25,-0.8810,2.7165,0.5332 
2013-03-26,-1.2057,5.3265,0.4546 
2013-03-27,-2.9116,6.8113,0.0910 
2013-03-28,-1.3488,9.3515,6.3979e-04 
2013-03-29,-1.5587,9.3152,7.5611e-04 
2013-03-30,1.8284,12.0591,8.6895e-06 
2013-03-31,4.7550,13.8665,0.9524 
2013-04-01,-1.9323,12.0863,0.1165 
2013-04-02,-6.0486,3.6718,0.0266 
2013-04-03,-4.6388,5.0401,1.7834e-04 
2013-04-04,-2.7270,11.3918,1.6440e-04 
2013-04-05,0.7901,11.0493,1.0799e-04 
2013-04-06,-1.0622,12.3072,8.9140e-04 
2013-04-07,12.5964,16.8215,0.0120 
2013-04-08,2.7289,15.7601,3.3692 
2013-04-09,4.0795,16.1373,0.5914 
2013-04-10,6.0302,11.6299,9.2417 
2013-04-11,3.2190,7.6536,25.6521 
2013-04-12,3.7240,6.9272,20.5660 
2013-04-13,0.2786,5.3542,0.5054 
2013-04-14,0.8009,8.0161,0.3432 
2013-04-15,6.1916,19.7052,0.0117 
2013-04-16,7.9743,19.5170,9.8019 
2013-04-17,5.0215,11.2611,1.1935 
2013-04-18,9.4265,24.6882,15.7643 
2013-04-19,3.0878,23.8983,8.0598 
2013-04-20,-0.6195,4.3420,1.2162 
2013-04-21,-1.8373,4.7629,0.0277 
2013-04-22,1.4978,13.6029,7.5853e-06 
2013-04-23,7.2024,20.8319,0.2989 
2013-04-24,1.1827,17.1217,21.7092 
2013-04-25,-0.0613,9.0076,3.2613 
2013-04-26,4.1657,12.5784,5.0481e-04 
2013-04-27,7.2724,17.0360,1.7334e-05 
2013-04-28,9.7530,15.3699,5.9301 
2013-04-29,11.5717,19.2160,0.7509 
2013-04-30,12.0976,23.7332,0.0685 
2013-05-01,14.1910,23.7705,5.8211e-05 
2013-05-02,14.6304,21.6585,0.0000 
2013-05-03,15.6571,20.8452,9.8997e-06 
2013-05-04,13.0794,19.6840,1.1700e-05 
2013-05-05,12.2023,19.7395,0.0000 
2013-05-06,11.4364,20.8909,0.0000 
2013-05-07,13.7453,21.4702,8.5417e-06 
2013-05-08,15.3566,22.2852,0.0077 
2013-05-09,17.8856,24.1349,0.0023 
2013-05-10,15.1508,22.5723,6.5655 
2013-05-11,4.5719,16.4343,0.5355 
2013-05-12,3.5854,8.2292,0.2587 
2013-05-13,-0.5345,10.7178,1.5671e-04 
2013-05-14,7.5167,24.1515,0.0249 
2013-05-15,17.4182,25.2566,0.1132 
2013-05-16,16.7338,26.1998,0.0019 
2013-05-17,11.5674,25.6824,1.0933e-04 
2013-05-18,14.2814,22.4044,0.0094 
2013-05-19,15.1536,25.6121,0.0000 
2013-05-20,18.6331,30.4220,0.0066 
2013-05-21,21.2716,27.6762,0.0926 
2013-05-22,19.2832,26.6122,1.4309 
2013-05-23,5.7860,25.0971,6.5688 
2013-05-24,3.4597,11.7424,1.1040 
2013-05-25,5.1709,16.1537,1.8932e-06 
2013-05-26,8.1824,17.7792,0.0000 
2013-05-27,10.4752,16.9100,8.8620 
2013-05-28,10.8992,24.2769,14.1724 
2013-05-29,18.8498,27.4182,0.2308 
2013-05-30,20.7059,28.4820,1.7689 
2013-05-31,20.7601,27.5142,4.8958 
2013-06-01,20.1519,25.7965,7.8605 
2013-06-02,17.7607,21.8882,0.0244 
2013-06-03,7.3931,18.0299,3.5470e-05 
2013-06-04,10.8970,18.8893,0.0000 
2013-06-05,11.4470,19.9078,1.4567e-04 
2013-06-06,12.9838,20.3348,8.8675e-04 
2013-06-07,11.6047,20.7594,5.3492e-05 
2013-06-08,11.5655,20.6808,1.3799e-06 
2013-06-09,15.4044,22.3321,0.4267 
2013-06-10,17.2021,21.3902,17.3070 
2013-06-11,18.0045,25.8170,3.8260 
2013-06-12,19.9973,25.5993,0.5539 
2013-06-13,16.0039,24.2586,43.2813 
2013-06-14,12.9714,21.3149,0.0093 
2013-06-15,15.2757,24.2271,0.2458 
2013-06-16,17.2068,25.4354,8.0114 
2013-06-17,18.5815,27.2198,0.0307 
2013-06-18,15.5654,24.3301,0.2219 
2013-06-19,10.1133,19.5598,3.9074e-04 
2013-06-20,15.5457,23.0053,1.5198e-05 
2013-06-21,18.3104,28.2901,0.0112 
2013-06-22,21.1507,30.6651,11.0097 
2013-06-23,22.7486,29.4852,0.3909 
2013-06-24,21.7641,29.2439,0.0671 
2013-06-25,19.3709,29.0403,3.6572 
2013-06-26,18.9779,28.0336,14.8329 
2013-06-27,18.7903,27.1358,30.4620 
2013-06-28,18.5677,25.0064,14.7850 
2013-06-29,16.7384,20.8515,4.3149 
2013-06-30,14.3271,21.8836,1.6925 
2013-07-01,16.9408,23.7369,22.5803 
2013-07-02,16.6699,22.9637,5.9512 
2013-07-03,17.3773,26.5486,0.0864 
2013-07-04,19.0287,26.1750,0.1857 
2013-07-05,19.8375,25.9426,0.4054 
2013-07-06,20.8384,26.5612,7.4232 
2013-07-07,18.9562,26.5663,4.8032 
2013-07-08,21.1058,29.2499,2.9743 
2013-07-09,20.2494,28.6662,10.2580 
2013-07-10,20.5553,28.2617,6.1292 
2013-07-11,16.8476,24.7496,0.0328 
2013-07-12,14.3770,24.9900,0.0000 
2013-07-13,18.5807,25.6909,0.0109 
2013-07-14,21.4460,28.6015,1.6645e-04 
2013-07-15,23.1076,29.8141,1.3767 
2013-07-16,24.9814,31.1072,1.9395 
2013-07-17,26.6723,31.7077,0.1773 
2013-07-18,25.6136,32.1853,0.0386 
2013-07-19,24.3561,31.7846,0.1126 
2013-07-20,21.7905,28.4907,20.4026 
2013-07-21,18.9360,28.0588,0.0114 
2013-07-22,21.8320,26.1135,0.2324 
2013-07-23,19.2394,24.5507,10.5001 
2013-07-24,12.7311,24.1540,0.0032 
2013-07-25,14.4589,21.7890,0.0116 
2013-07-26,18.9654,24.7346,0.0103 
2013-07-27,17.2482,24.8210,7.6131 
2013-07-28,10.7055,17.3630,0.1835 
2013-07-29,12.7224,21.0069,0.0582 
2013-07-30,15.3407,22.9903,0.0027 
2013-07-31,19.8417,23.4859,0.3298 
2013-08-01,16.4194,22.9485,1.5528 
2013-08-02,16.6231,21.9482,0.0606 
2013-08-03,17.1334,23.3363,0.0503 
2013-08-04,13.6241,22.6981,1.4868e-04 
2013-08-05,16.3179,22.1882,0.0433 
2013-08-06,18.8009,25.2703,0.7267 
2013-08-07,20.1225,28.1730,0.6578 
2013-08-08,18.5707,27.5315,0.1368 
2013-08-09,17.2502,25.0318,4.1761e-05 
2013-08-10,18.0383,24.6922,0.0240 
2013-08-11,18.6357,23.5197,0.0026 
2013-08-12,16.6354,23.4910,11.7961 
2013-08-13,13.8790,21.4479,24.4194 
2013-08-14,9.6846,19.3598,2.7958e-04 
2013-08-15,14.3683,20.8606,7.2089e-06 
2013-08-16,17.8477,22.7257,0.0223 
2013-08-17,18.0508,23.2224,0.0462 
2013-08-18,19.5595,24.4792,0.0163 
2013-08-19,20.0401,26.2983,0.0775 
2013-08-20,21.3231,27.7535,0.0000 
2013-08-21,21.5769,28.5606,6.7254e-04 
2013-08-22,19.9895,28.2604,0.3186 
2013-08-23,17.6585,27.0192,0.0590 
2013-08-24,17.7081,23.9100,0.0000 
2013-08-25,20.4218,29.2559,0.0222 
2013-08-26,20.5941,30.7137,0.0326 
2013-08-27,21.8746,30.1401,19.9531 
2013-08-28,21.4750,29.5580,11.5149 
2013-08-29,19.1198,27.7877,0.2225 
2013-08-30,23.0128,28.9136,0.0787 
2013-08-31,20.3960,28.4700,20.7480 
2013-09-01,19.7160,26.3157,0.0812 
2013-09-02,19.4118,25.9047,0.0470 
2013-09-03,11.8850,22.2594,1.6833e-04 
2013-09-04,13.7913,25.1249,0.0000 
2013-09-05,13.2346,24.0971,0.0292 
2013-09-06,12.8295,21.3828,0.0125 
2013-09-07,16.7354,27.5739,0.1097 
2013-09-08,17.8277,26.4839,0.1152 
2013-09-09,17.0360,28.0135,7.6805 
2013-09-10,23.6637,30.8652,0.2520 
2013-09-11,24.2398,30.4656,0.3377 
2013-09-12,19.9173,26.0096,1.4012 
2013-09-13,10.4166,19.1845,0.0230 
2013-09-14,9.0153,17.5675,0.0013 
2013-09-15,13.2198,17.5577,0.1038 
2013-09-16,9.7670,15.9958,0.5519 
2013-09-17,8.6171,16.7607,0.0235 
2013-09-18,15.2345,21.2838,0.0023 
2013-09-19,16.3264,26.8404,0.0240 
2013-09-20,20.0854,26.3517,7.0243 
2013-09-21,15.1337,20.9250,16.5604 
2013-09-22,7.1234,16.1261,1.9799e-04 
2013-09-23,8.1911,14.4832,0.0023 
2013-09-24,10.6641,16.4516,0.0130 
2013-09-25,11.2693,18.9182,0.0522 
2013-09-26,13.1050,20.5571,0.0844 
2013-09-27,14.5555,19.3211,0.0396 
2013-09-28,14.8888,22.0728,0.0577 
2013-09-29,15.9765,21.2786,2.6450 
2013-09-30,14.4783,19.4292,0.9897 
2013-10-01,13.6669,22.9553,0.0531 
2013-10-02,15.9953,22.5207,0.0708 
2013-10-03,18.0000,23.1707,0.0661 
2013-10-04,19.2178,25.7208,0.7670 
2013-10-05,18.5877,24.9208,4.2758 
2013-10-06,15.1243,22.8280,8.0287 
2013-10-07,6.2080,14.7433,1.6761 
2013-10-08,10.2649,16.2162,0.0013 
2013-10-09,13.8422,17.0441,0.0335 
2013-10-10,13.2078,17.7645,0.0217 
2013-10-11,11.8446,18.9186,0.0035 
2013-10-12,14.6460,20.6663,0.0260 
2013-10-13,12.9969,18.1887,0.0046 
2013-10-14,8.0871,15.7158,0.0211 
2013-10-15,10.4016,19.6625,0.0868 
2013-10-16,13.0950,19.3311,1.3638 
2013-10-17,7.0435,12.9467,0.7456 
2013-10-18,6.0497,14.2740,0.4244 
2013-10-19,5.9125,12.4604,1.4321 
2013-10-20,3.0514,12.9281,0.5347 
2013-10-21,10.3486,12.4977,0.1654 
2013-10-22,1.7364,9.8307,0.0202 
2013-10-23,0.7849,7.1500,0.0133 
2013-10-24,-1.6162,6.5623,0.2346 
2013-10-25,-0.5741,7.3431,0.0151 
2013-10-26,2.8637,9.4245,0.1012 
2013-10-27,1.4443,9.6473,0.0106 
2013-10-28,2.6807,9.6163,0.0162 
2013-10-29,2.4162,9.4092,8.8537e-06 
2013-10-30,7.8195,13.7441,0.0577 
2013-10-31,10.5396,16.5669,36.9076 
2013-11-01,6.7430,16.9411,12.1539 
2013-11-02,4.7853,7.7668,1.3270 
2013-11-03,-0.0790,5.4322,0.1073 
2013-11-04,3.1364,7.7868,0.0019 
2013-11-05,7.2218,14.3511,0.0000 
2013-11-06,9.7970,13.3717,2.3604 
2013-11-07,2.5320,13.0733,1.0731 
2013-11-08,-0.7646,5.7011,0.5695 
2013-11-09,2.3907,12.3933,6.1904e-06 
2013-11-10,4.3580,11.8226,0.1208 
2013-11-11,0.4767,6.4604,4.6502 
2013-11-12,-5.1349,0.0388,1.3737 
2013-11-13,-7.8302,0.2752,3.7771e-04 
2013-11-14,-1.6765,5.9650,0.0000 
2013-11-15,3.6618,8.2669,1.6495e-04 
2013-11-16,2.8039,12.9480,0.0550 
2013-11-17,12.8812,17.2646,5.8146 
2013-11-18,1.4309,14.8766,10.7915 
2013-11-19,-3.1249,3.1955,0.0020 
2013-11-20,-0.2696,5.6773,0.0016 
2013-11-21,4.2932,8.8456,2.8752 
2013-11-22,1.2669,7.8736,9.1759 
2013-11-23,-5.2115,0.7224,0.2473 
2013-11-24,-10.1926,-4.6718,0.0389 
2013-11-25,-8.7837,-0.6629,0.0171 
2013-11-26,-1.8263,1.4731,0.1478 
2013-11-27,-7.4354,0.5658,0.1384 
2013-11-28,-8.6567,-2.2055,0.6040 
2013-11-29,-5.3971,-0.4678,0.0258 
2013-11-30,-2.2212,5.7274,7.0280e-04 
2013-12-01,-0.1967,7.1743,0.0011 
2013-12-02,-3.6054,4.8136,0.0170 
2013-12-03,-1.3110,4.4213,1.0256 
2013-12-04,4.6509,10.9178,0.1875 
2013-12-05,1.0554,15.2949,0.0085 
2013-12-06,-4.3290,0.2002,0.0075 
2013-12-07,-9.9422,-4.5842,0.0680 
2013-12-08,-10.4419,-2.5654,0.6330 
2013-12-09,-4.2442,-0.7795,1.8528 
2013-12-10,-10.4349,-4.9589,0.0539 
2013-12-11,-10.0165,-5.6715,0.5065 
2013-12-12,-15.7888,-8.9035,0.0701 
2013-12-13,-9.7563,-3.2746,0.0029 
2013-12-14,-6.1652,-1.9907,13.2462 
2013-12-15,-8.4564,-2.3504,2.4185 
2013-12-16,-13.3037,-7.3442,0.0686 
2013-12-17,-10.7912,-4.6252,2.1854 
2013-12-18,-7.7092,-2.1270,0.1686 
2013-12-19,-6.9865,2.9164,0.1144 
2013-12-20,1.8988,3.2149,6.1959 
2013-12-21,0.2433,4.6934,10.8728 
2013-12-22,0.1708,4.7076,33.8147 
2013-12-23,-4.3237,1.7770,0.1165 
2013-12-24,-11.3981,-4.4063,0.1548 
2013-12-25,-10.6664,-4.7387,2.0535 
2013-12-26,-4.7220,-2.8763,2.3037 
2013-12-27,-5.7703,0.8193,0.2060 
2013-12-28,0.9969,4.8933,0.0079 
2013-12-29,-0.1236,4.7357,0.0683 
2013-12-30,-12.7468,-1.7258,0.1520 
2013-12-31,-10.0734,-7.5557,1.6384 
2014-01-01,-10.9135,-8.7945,12.4463 
2014-01-02,-11.8708,-9.2206,7.3675 
2014-01-03,-20.3516,-10.8611,0.0259 
2014-01-04,-17.1946,-2.6109,0.0405 
2014-01-05,-3.0773,-0.9847,13.7338 
2014-01-06,-17.6875,-1.7180,8.3164 
2014-01-07,-23.5827,-18.2845,0.0058 
2014-01-08,-21.8787,-13.2795,0.0360 
2014-01-09,-14.7692,-9.7722,0.0587 
2014-01-10,-9.3539,2.3074,0.9698 
2014-01-11,0.9569,4.0154,12.2898 
2014-01-12,-2.9661,1.3486,0.0118 
2014-01-13,1.7963,5.9135,0.0014 
2014-01-14,-4.3463,3.5978,0.0273 
2014-01-15,-5.0728,1.5860,0.5364 
2014-01-16,-10.7213,-2.9691,4.6556 
2014-01-17,-5.2660,-0.5295,3.2383 
2014-01-18,-12.7226,-5.7800,0.1532 
2014-01-19,-12.8649,-4.7575,0.2781 
2014-01-20,-7.3013,0.5859,0.6674 
2014-01-21,-15.0982,-8.3389,1.5738 
2014-01-22,-18.6609,-13.5713,0.6564 
2014-01-23,-15.5594,-10.3136,0.9657 
2014-01-24,-21.9808,-12.7005,0.0391 
2014-01-25,-11.8895,-2.2791,6.7129 
2014-01-26,-16.1076,-4.5532,4.0038 
2014-01-27,-14.6079,-3.5094,2.3870 
2014-01-28,-22.1707,-15.2210,0.0820 
2014-01-29,-23.6907,-11.9070,9.8627e-04 
2014-01-30,-14.5954,-5.6984,0.0134 
2014-01-31,-5.2304,-1.8453,0.9307 
2014-02-01,-4.1898,1.2219,15.7914 
2014-02-02,-6.3835,1.1293,4.1916 
2014-02-03,-9.9679,-5.7088,3.8761e-04 
2014-02-04,-10.0197,-6.2721,0.0093 
2014-02-05,-8.3052,-5.6701,12.8039 
2014-02-06,-14.0048,-8.8265,0.0739 
2014-02-07,-18.5350,-12.9554,0.0182 
2014-02-08,-20.3563,-11.2239,0.4927 
2014-02-09,-12.1734,-6.6463,3.0257 
2014-02-10,-11.5531,-7.7696,0.1569 
2014-02-11,-15.8515,-9.2749,0.2450 
2014-02-12,-15.4408,-9.8889,0.0664 
2014-02-13,-11.7777,-5.3523,0.0150 
2014-02-14,-10.4360,-3.6737,0.2835 
2014-02-15,-13.0342,-4.6196,0.0517 
2014-02-16,-10.6995,-5.7589,1.7752 
2014-02-17,-16.9597,-6.0683,0.3013 
2014-02-18,-5.6467,0.3254,10.9624 
2014-02-19,-0.3495,3.3773,0.1626 
2014-02-20,-3.3889,2.9667,23.3087 
2014-02-21,-1.6689,8.3544,5.3478 
2014-02-22,-4.2998,-0.6000,0.0076 
2014-02-23,-8.8829,-1.6755,0.0048 
2014-02-24,-11.5017,-5.3913,0.0615 
2014-02-25,-11.2888,-6.1282,0.1215 
2014-02-26,-15.8221,-7.2932,0.1643 
2014-02-27,-14.0766,-10.0743,0.3151 
2014-02-28,-20.1864,-8.1965,0.0056 
2014-03-01,-8.1416,-1.1867,0.6067 
2014-03-02,-13.3206,-5.1470,9.9162 
2014-03-03,-19.9334,-10.8029,0.0089 
2014-03-04,-15.0293,-9.3312,0.0052 
2014-03-05,-10.9724,-6.4919,0.1138 
2014-03-06,-12.3573,-4.8048,0.0762 
2014-03-07,-7.7689,1.7496,0.0424 
2014-03-08,-2.4251,2.9382,4.7058 
2014-03-09,-8.9818,-1.2367,2.4213e-04 
2014-03-10,-0.6787,3.8608,1.9615e-04 
2014-03-11,2.8301,6.6645,0.0813 
2014-03-12,-10.0756,4.3221,19.2806 
2014-03-13,-18.3964,-7.6696,0.0139 
2014-03-14,-7.8661,4.0500,0.0585 
2014-03-15,-1.7867,3.9552,4.8232e-04 
2014-03-16,-12.7880,0.0368,0.0430 
2014-03-17,-14.8604,-2.9451,0.0303 
2014-03-18,-6.3961,6.2711,0.0011 
2014-03-19,3.0393,8.0541,0.8114 
2014-03-20,-0.7481,2.8952,0.1951 
2014-03-21,-3.4542,3.7507,0.0346 
2014-03-22,1.0945,8.8109,1.0009 
2014-03-23,-10.1165,3.3665,0.0242 
2014-03-24,-9.5585,-1.8562,0.0837 
2014-03-25,-6.8165,-1.0623,0.3310 
2014-03-26,-9.5015,-0.8649,0.0640 
2014-03-27,-5.1581,5.6134,2.7613 
2014-03-28,5.3956,11.9094,1.5827 
2014-03-29,-2.9527,7.3419,0.2780 
2014-03-30,-5.1827,8.5181,0.0026 
2014-03-31,2.3457,9.7729,0.0000 
2014-04-01,4.3980,13.8896,0.3460 
2014-04-02,1.4957,10.8027,0.0000 
2014-04-03,-0.3573,9.4956,14.5288 
2014-04-04,3.0311,14.5986,4.1161 
2014-04-05,-1.9053,7.7197,1.0280 
2014-04-06,2.3781,9.9490,0.0012 
2014-04-07,2.2720,8.9242,5.3881 
2014-04-08,3.0890,13.7132,8.9264 
2014-04-09,1.1287,12.3299,5.1065e-04 
2014-04-10,6.8654,17.9271,0.1350 
2014-04-11,9.7537,16.1969,0.4375 
2014-04-12,11.7447,20.9168,0.0159 
2014-04-13,16.6620,24.4785,0.0117 
2014-04-14,10.9997,24.4570,0.6597 
2014-04-15,-5.1784,9.7700,9.5929 
2014-04-16,-4.6559,2.5248,0.0776 
2014-04-17,-0.5137,16.0270,0.0000 
2014-04-18,9.4998,16.4236,0.0088 
2014-04-19,0.8265,15.3862,1.1362e-05 
2014-04-20,4.2970,18.3215,3.5940e-04 
2014-04-21,9.0024,22.9124,0.0018 
2014-04-22,9.7875,22.8197,0.3131 
2014-04-23,2.2264,11.5493,0.0035 
2014-04-24,2.6810,10.5853,0.0100 
2014-04-25,7.5894,15.1138,5.2414 
2014-04-26,6.1490,14.8093,0.0028 
2014-04-27,0.6928,11.0970,5.6849e-04 
2014-04-28,6.8093,11.4651,0.7869 
2014-04-29,8.8737,20.8104,14.4469 
2014-04-30,10.5193,18.3136,5.1964 
2014-05-01,7.1744,15.0351,0.0729 
2014-05-02,6.8125,13.9489,0.1374 
2014-05-03,7.9412,14.9052,1.0118 
2014-05-04,8.5020,13.7271,0.0147 
2014-05-05,5.9844,12.7840,0.5599 
2014-05-06,4.2337,14.1866,0.0134 
2014-05-07,8.4317,15.4884,7.1035 
2014-05-08,12.0840,28.1293,0.1787 
2014-05-09,19.5031,27.8370,1.9080 
2014-05-10,12.3142,22.4626,1.9953 
2014-05-11,14.3156,23.9571,0.0174 
2014-05-12,18.9206,26.0487,13.8688 
2014-05-13,20.0556,26.5908,6.5485 
2014-05-14,11.6799,24.5398,8.1761 
2014-05-15,8.7375,16.2228,13.5076 
2014-05-16,-0.2875,11.0997,0.0072 
2014-05-17,4.2944,11.4250,0.0367 
2014-05-18,5.9909,16.3018,0.0016 
2014-05-19,10.8987,18.2805,1.1155e-04 
2014-05-20,13.0296,22.5310,3.3851 
2014-05-21,17.1199,27.1399,5.4466 
2014-05-22,14.7096,26.7700,9.5136e-04 
2014-05-23,9.4768,20.9150,7.0555e-05 
2014-05-24,13.5523,22.6659,2.2575e-04 
2014-05-25,18.4947,25.0079,1.1900e-06 
2014-05-26,19.5444,27.9676,1.0597e-04 
2014-05-27,20.9878,27.8426,0.4369 
2014-05-28,18.4804,26.5625,5.5482 
2014-05-29,12.7159,20.9353,0.0481 
2014-05-30,14.3435,22.6370,1.4764e-04 
2014-05-31,17.1295,22.5288,2.1362e-06 
2014-06-01,15.5761,24.9369,0.0000 
2014-06-02,20.4718,28.6741,0.3434 
2014-06-03,20.4626,24.2890,1.2474 
2014-06-04,15.0966,22.9903,6.2055 
2014-06-05,11.0741,22.0069,0.0355 
2014-06-06,14.2136,23.0006,4.1119e-05 
2014-06-07,19.1392,24.6033,5.8340e-04 
2014-06-08,15.0888,23.0812,5.0821 
2014-06-09,14.4795,23.2123,0.0146 
2014-06-10,17.7820,22.7406,0.0225 
2014-06-11,17.5047,23.7518,7.8310 
2014-06-12,17.8447,25.0227,0.2288 
2014-06-13,14.9433,25.4379,0.0056 
2014-06-14,11.0878,21.2244,1.2373e-04 
2014-06-15,15.7302,23.0609,7.0269e-05 
2014-06-16,21.9074,28.8467,0.0200 
2014-06-17,23.5553,30.2886,0.8415 
2014-06-18,22.3062,30.3594,17.2850 
2014-06-19,18.8612,22.1898,15.1886 
2014-06-20,14.1585,22.0836,2.3895 
2014-06-21,14.3109,24.5159,1.4326 
2014-06-22,18.8065,24.4828,0.1518 
2014-06-23,19.4181,30.1420,1.4744 
2014-06-24,18.8936,29.6501,4.4150 
2014-06-25,17.7929,23.0855,0.8990 
2014-06-26,15.9405,22.7168,0.4392 
2014-06-27,19.3428,24.9595,0.0145 
2014-06-28,19.7042,28.4848,0.2433 
2014-06-29,21.8172,27.9193,0.5949 
2014-06-30,22.2172,29.1789,0.0947 
2014-07-01,23.4453,28.9384,3.5893 
2014-07-02,18.4143,26.4323,0.0176 
2014-07-03,13.5879,21.7497,0.3672 
2014-07-04,14.0483,22.5889,0.0030 
2014-07-05,18.3702,23.3517,0.0000 
2014-07-06,19.0295,27.3935,6.5627e-04 
2014-07-07,23.1900,27.4615,2.0955 
2014-07-08,20.2441,27.4053,9.1157 
2014-07-09,14.6177,22.8217,0.1636 
2014-07-10,16.1887,22.5590,0.0044 
2014-07-11,17.6359,24.7065,3.2992e-04 
2014-07-12,20.2005,28.7114,0.0509 
2014-07-13,22.7234,28.3637,0.6672 
2014-07-14,18.7761,26.8533,3.3326 
2014-07-15,14.4979,19.3666,0.2617 
2014-07-16,11.2683,19.5156,0.0182 
2014-07-17,12.9248,22.9092,0.0011 
2014-07-18,18.4478,23.3977,2.5690e-04 
2014-07-19,18.1329,22.1499,0.1144 
2014-07-20,17.4423,24.8419,0.0055 
2014-07-21,19.8047,26.8138,1.4714e-04 
2014-07-22,21.2403,31.3863,5.7360e-06 
2014-07-23,20.7124,30.7823,0.6303 
2014-07-24,14.1467,22.2799,1.5452e-04 
2014-07-25,17.1725,25.0815,0.0012 
2014-07-26,18.2980,26.2221,0.0091 
2014-07-27,18.0849,25.4140,13.0800 
2014-07-28,15.8658,19.4621,1.6187 
2014-07-29,11.7083,21.2389,0.1353 
2014-07-30,14.7243,22.0024,1.4638 
2014-07-31,13.2769,24.1645,0.6942 
2014-08-01,18.8918,25.7708,0.0792 
2014-08-02,18.6775,24.8690,0.0266 
2014-08-03,19.4650,26.1213,0.1067 
2014-08-04,21.1163,27.1167,0.3546 
2014-08-05,19.4425,25.1097,1.2760 
2014-08-06,16.5708,24.1023,0.4107 
2014-08-07,18.9719,25.5921,4.1818e-04 
2014-08-08,17.1133,25.0056,1.3236e-05 
2014-08-09,17.4199,24.1034,0.0000 
2014-08-10,17.8790,26.4557,0.0000 
2014-08-11,18.8463,25.0535,74.5097 
2014-08-12,18.8184,21.3062,6.1416 
2014-08-13,13.5147,22.2956,0.4305 
2014-08-14,11.7277,21.4892,0.0111 
2014-08-15,10.5758,22.8280,0.0027 
2014-08-16,14.5934,27.2396,0.0069 
2014-08-17,18.8608,26.9643,2.6485 
2014-08-18,16.0756,23.0428,0.0516 
2014-08-19,18.7105,27.7666,3.8327 
2014-08-20,19.1453,26.8200,3.3771 
2014-08-21,20.1872,27.7292,0.6721 
2014-08-22,20.2340,27.5387,0.2134 
2014-08-23,20.5502,25.9650,0.0000 
2014-08-24,18.7720,24.5550,0.0000 
2014-08-25,20.4500,27.4104,0.0476 
2014-08-26,22.0222,31.1861,2.2699 
2014-08-27,17.0808,30.4700,0.4581 
2014-08-28,15.2172,23.0174,6.9722e-04 
2014-08-29,17.2063,24.3112,0.0138 
2014-08-30,22.2979,28.8233,0.0642 
2014-08-31,19.5477,27.5193,1.0238 
2014-09-01,21.3793,26.5169,3.1836 
2014-09-02,20.2598,25.0917,2.0977 
2014-09-03,19.0294,24.8826,0.0073 
2014-09-04,19.7819,28.9861,1.8111 
2014-09-05,20.8973,30.7380,0.3872 
2014-09-06,15.9570,28.7848,10.3849 
2014-09-07,15.1474,21.5671,0.0041 
2014-09-08,18.1443,22.1875,0.0015 
2014-09-09,17.3061,25.7884,0.0039 
2014-09-10,19.7502,24.9726,35.5144 
2014-09-11,12.2909,23.0658,4.4084 
2014-09-12,9.0335,16.5807,0.4873 
2014-09-13,10.1270,14.4579,5.2570 
2014-09-14,10.4356,16.3100,0.0035 
2014-09-15,11.8427,18.5882,0.6911 
2014-09-16,8.0215,17.5729,0.4459 
2014-09-17,10.7608,18.3081,0.0040 
2014-09-18,11.4285,17.9088,0.0015 
2014-09-19,9.7381,17.4165,0.0041 
2014-09-20,13.9805,24.1461,4.8078 
2014-09-21,13.9788,21.5407,8.6851 
2014-09-22,4.5581,15.2331,0.2834 
2014-09-23,11.4871,19.0462,0.0000 
2014-09-24,15.1144,20.0541,0.0000 
2014-09-25,13.4252,20.4651,0.0190 
2014-09-26,14.5858,21.4239,1.0570e-05 
2014-09-27,16.3797,21.5759,0.0000 
2014-09-28,16.6884,21.7095,0.0000 
2014-09-29,16.9583,24.0406,0.0000 
2014-09-30,10.1154,23.6663,1.7124 
2014-10-01,10.4798,17.5203,0.0030 
2014-10-02,14.2908,24.2376,1.6691 
2014-10-03,14.1462,24.0908,11.1303 
2014-10-04,4.6655,13.4050,4.3829 
2014-10-05,3.9999,10.9437,0.3056 
2014-10-06,7.9286,16.3427,0.6533 
2014-10-07,8.0312,14.7640,0.2270 
2014-10-08,8.6645,14.2195,0.0485 
2014-10-09,7.2961,13.9166,7.0618e-05 
2014-10-10,4.1863,13.3069,0.0000 
2014-10-11,5.6719,12.8600,0.0000 
2014-10-12,8.2538,14.1427,6.0037e-05 
2014-10-13,11.9668,21.6006,7.6289 
2014-10-14,17.5509,21.3344,11.7607 
2014-10-15,12.5696,17.6360,3.4691 
2014-10-16,11.9569,16.7451,0.4568 
2014-10-17,9.9772,16.5507,0.1352 
2014-10-18,6.7931,13.9393,0.7813 
2014-10-19,0.9270,8.6954,0.0885 
2014-10-20,7.9567,14.0831,1.0671 
2014-10-21,6.8606,13.5496,0.3918 
2014-10-22,4.6317,12.0901,0.0065 
2014-10-23,4.4315,12.3570,3.2916e-04 
2014-10-24,8.0730,15.2394,3.3983e-05 
2014-10-25,8.6501,18.2737,3.2129e-05 
2014-10-26,5.8039,13.5414,7.1388e-04 
2014-10-27,9.0741,22.5735,0.2488 
2014-10-28,14.7576,21.8866,6.8471 
2014-10-29,6.4817,13.6963,0.0106 
2014-10-30,2.3102,8.6622,3.9705e-04 
2014-10-31,3.9916,8.3589,3.4268 
2014-11-01,2.3620,4.4102,1.2376 
2014-11-02,-3.6967,6.6591,0.0042 
2014-11-03,0.6347,13.3265,0.0045 
2014-11-04,11.3767,14.6534,1.1945 
2014-11-05,4.6519,12.5725,0.2515 
2014-11-06,5.8623,10.9603,2.0648 
2014-11-07,-1.7189,7.4169,0.8652 
2014-11-08,0.9041,7.4654,0.8760 
2014-11-09,1.1142,7.2104,0.0635 
2014-11-10,5.4819,13.9120,0.0154 
2014-11-11,10.6838,17.0405,0.2017 
2014-11-12,-0.4858,8.7732,0.1068 
2014-11-13,-3.4273,0.5188,0.2722 
2014-11-14,-7.7413,0.0565,0.2730 
2014-11-15,-7.3583,-1.3880,0.3536 
2014-11-16,-3.6650,-0.1957,0.4541 
2014-11-17,-6.1138,-0.9879,2.7175 
2014-11-18,-11.2337,-6.8428,0.1291 
2014-11-19,-13.2875,-0.5478,1.8605 
2014-11-20,-6.1080,-1.7051,0.5631 
2014-11-21,-12.9858,-5.4664,0.1073 
2014-11-22,-9.4758,4.3682,1.7865 
2014-11-23,4.9589,10.7587,5.1345 
2014-11-24,2.6403,13.0796,22.6259 
2014-11-25,-2.7533,1.9296,0.0262 
2014-11-26,-5.7432,0.5615,0.0579 
2014-11-27,-3.9061,-0.1776,0.1326 
2014-11-28,-7.8366,-1.6595,0.5326 
2014-11-29,-2.8229,7.6183,0.2321 
2014-11-30,8.2835,14.6372,1.1863 
2014-12-01,-3.9720,11.2075,0.2705 
2014-12-02,-6.5462,0.5050,0.0628 
2014-12-03,-4.7075,2.5915,0.0891 
2014-12-04,-4.1506,-0.0114,8.1264e-04 
2014-12-05,-1.5226,3.4470,0.0783 
2014-12-06,0.5924,4.5063,0.1849 
2014-12-07,-4.7320,1.1587,6.4920e-04 
2014-12-08,-0.1944,4.9749,0.0068 
2014-12-09,0.8389,4.8329,3.7110 
2014-12-10,-1.6016,2.6917,0.0946 
2014-12-11,-8.0726,2.9850,0.0101 
2014-12-12,-3.7864,4.4794,2.3690e-04 
2014-12-13,-3.4702,7.9696,0.0040 
2014-12-14,4.1476,10.5298,0.0038 
2014-12-15,5.0432,10.0944,0.0108 
2014-12-16,5.2241,8.5121,7.8304 
2014-12-17,-1.3605,7.6725,0.2765 
2014-12-18,-5.8377,0.4337,0.0956 
2014-12-19,-5.5839,-0.3742,0.1067 
2014-12-20,-4.9574,-0.5667,8.3812e-04 
2014-12-21,-3.2994,0.5507,0.0061 
2014-12-22,-1.1618,2.9934,0.0052 
2014-12-23,2.7442,10.5122,1.3911 
2014-12-24,5.2830,9.6296,16.1588 
2014-12-25,1.7582,4.4614,1.0908 
2014-12-26,-0.1680,6.6576,0.0151 
2014-12-27,2.9557,10.1112,0.6145 
2014-12-28,-1.6933,8.7052,0.2984 
2014-12-29,-5.3420,-0.4513,5.1985e-06 
2014-12-30,-9.6643,-3.6371,0.0053 
2014-12-31,-11.1959,-6.9724,0.1668 
2015-01-01,-9.0883,-8.4379,0.0010 
