Meteorological forcing data for the Large Basin Runoff Model.      
eri, 10,   <- lake basin, subbasin            
yyyy-mm-dd, Tmin(C), Tmax(C), Prec(mm)                             
2010-01-01,-7.4812,-4.9798,0.3771 
2010-01-02,-10.4719,-5.8656,0.5338 
2010-01-03,-12.4246,-7.5028,0.9340 
2010-01-04,-7.2065,-6.0849,1.6846 
2010-01-05,-7.1362,-5.3627,1.3884 
2010-01-06,-5.4842,-3.2366,1.8322 
2010-01-07,-6.2950,-3.2966,3.6035 
2010-01-08,-8.2606,-4.4770,5.5180 
2010-01-09,-7.4350,-4.8427,0.3803 
2010-01-10,-11.8387,-6.7741,0.7136 
2010-01-11,-10.4054,-6.0979,2.2944 
2010-01-12,-6.9266,-4.2315,1.1605 
2010-01-13,-9.3571,-1.4571,0.0622 
2010-01-14,-4.5465,3.1819,0.0016 
2010-01-15,0.4165,2.2178,0.0790 
2010-01-16,0.1571,2.2800,0.0261 
2010-01-17,-0.2756,3.6376,0.1189 
2010-01-18,-4.6698,1.7698,0.0650 
2010-01-19,-2.9768,-0.7484,0.1989 
2010-01-20,-3.2772,-1.2456,0.0870 
2010-01-21,-6.6033,3.9647,3.0821e-05 
2010-01-22,0.6987,2.4279,1.7506 
2010-01-23,-1.7929,6.0873,0.0239 
2010-01-24,3.2455,8.5064,9.3848 
2010-01-25,0.5772,8.3256,7.9024 
2010-01-26,-5.2734,0.8740,4.2757 
2010-01-27,-9.3789,-3.4111,0.2882 
2010-01-28,-9.8988,-1.8861,1.9695 
2010-01-29,-13.5693,-9.5674,0.1655 
2010-01-30,-11.8886,-7.9056,0.0227 
2010-01-31,-11.4425,-4.6230,2.5710e-04 
2010-02-01,-9.0615,-3.6692,0.0110 
2010-02-02,-5.6906,0.4511,0.1277 
2010-02-03,-2.7051,-0.3005,1.3248 
2010-02-04,-4.9087,1.7465,0.0136 
2010-02-05,-2.7717,0.7849,0.5821 
2010-02-06,-6.3597,-0.2148,4.8663 
2010-02-07,-7.3554,-4.9508,0.2784 
2010-02-08,-6.4581,-3.8316,0.0358 
2010-02-09,-6.3570,-0.2877,9.4848 
2010-02-10,-9.0748,0.2839,7.3791 
2010-02-11,-5.8208,-3.5087,1.3224 
2010-02-12,-6.4261,-4.4198,0.9943 
2010-02-13,-6.9534,-4.5767,0.8254 
2010-02-14,-5.7558,-3.3052,0.9400 
2010-02-15,-9.3654,-2.5825,0.5180 
2010-02-16,-6.9569,-2.9946,4.0038 
2010-02-17,-5.1519,-1.3020,1.1935 
2010-02-18,-2.3235,-1.0605,0.3307 
2010-02-19,-7.2281,-0.8362,0.0058 
2010-02-20,-5.1758,-0.0622,1.0995e-05 
2010-02-21,-2.2342,3.1358,0.0102 
2010-02-22,0.1185,2.9730,6.1843 
2010-02-23,-2.5040,0.4967,0.5190 
2010-02-24,-3.5074,-0.2672,2.6154 
2010-02-25,-5.6867,-1.8421,5.5006 
2010-02-26,-6.4410,-4.1415,5.2687 
2010-02-27,-4.0598,-0.2144,6.8144 
2010-02-28,-1.4764,-0.0962,1.4670 
2010-03-01,-1.8698,-0.1190,0.2275 
2010-03-02,-6.9076,-1.0242,0.1353 
2010-03-03,-7.4919,-0.8245,0.0786 
2010-03-04,-6.4941,-0.6257,0.0062 
2010-03-05,-6.9174,-0.5826,0.0061 
2010-03-06,-6.5727,-0.1354,0.0019 
2010-03-07,-1.2322,3.3453,9.5802e-04 
2010-03-08,1.0781,4.4283,0.0011 
2010-03-09,3.5035,11.1816,2.4394e-05 
2010-03-10,3.8848,15.1230,0.6930 
2010-03-11,8.0153,17.0260,0.0430 
2010-03-12,9.6424,16.7939,0.2235 
2010-03-13,4.5818,13.4051,5.6306 
2010-03-14,2.7214,6.8660,7.8973 
2010-03-15,1.7109,5.9544,0.5150 
2010-03-16,1.2721,10.4979,0.0291 
2010-03-17,5.4981,12.3781,1.3087e-04 
2010-03-18,5.9187,15.3676,9.8082e-05 
2010-03-19,5.9242,16.9134,1.0633e-04 
2010-03-20,6.4094,16.0312,1.5352e-05 
2010-03-21,0.0882,9.8579,0.0038 
2010-03-22,3.9691,9.0265,10.9469 
2010-03-23,1.9745,8.2600,8.8895 
2010-03-24,2.2328,10.7207,0.0050 
2010-03-25,-0.0102,9.8056,14.1048 
2010-03-26,-3.5369,-0.5973,2.4544 
2010-03-27,-6.5534,10.8260,0.0034 
2010-03-28,5.6430,10.8750,7.7085 
2010-03-29,2.8489,11.1491,1.1981 
2010-03-30,0.1759,8.2206,0.0035 
2010-03-31,5.9144,19.7544,1.6934e-04 
2010-04-01,12.1493,24.8954,1.8164e-04 
2010-04-02,14.9345,28.1017,0.0000 
2010-04-03,13.8155,26.1162,0.0431 
2010-04-04,10.1572,21.2771,0.0017 
2010-04-05,14.7204,22.8090,0.7264 
2010-04-06,15.6169,25.8447,0.3572 
2010-04-07,19.4968,25.4133,0.0509 
2010-04-08,7.4570,23.8178,7.6354 
2010-04-09,-1.2323,6.3293,0.1404 
2010-04-10,1.9965,17.1019,0.0283 
2010-04-11,9.1415,16.5697,0.0069 
2010-04-12,6.1307,14.1439,0.0047 
2010-04-13,6.0761,11.9525,6.7479 
2010-04-14,5.6613,19.5540,7.6729e-06 
2010-04-15,13.1847,26.5817,1.0926e-05 
2010-04-16,16.8949,25.4342,0.6805 
2010-04-17,3.4484,15.7262,0.0984 
2010-04-18,3.6087,8.7098,0.0630 
2010-04-19,4.6307,11.9852,0.0017 
2010-04-20,6.8775,13.7316,0.0000 
2010-04-21,8.8401,16.5208,0.0000 
2010-04-22,4.6736,16.3478,0.0217 
2010-04-23,6.4231,15.4382,0.0069 
2010-04-24,9.5659,21.5926,2.8607 
2010-04-25,13.9448,20.4318,18.5808 
2010-04-26,7.8463,13.7053,11.3488 
2010-04-27,2.8134,9.5640,0.0153 
2010-04-28,2.4861,11.4016,0.0000 
2010-04-29,6.6384,17.6982,0.0012 
2010-04-30,13.0595,25.2476,4.8755e-04 
2010-05-01,18.0620,25.7201,0.3701 
2010-05-02,18.4101,24.6000,2.6075 
2010-05-03,16.8108,21.4189,0.5443 
2010-05-04,13.0086,20.9662,1.9044 
2010-05-05,14.8658,25.4630,0.1952 
2010-05-06,11.1310,17.0305,8.2257 
2010-05-07,9.5070,25.7395,0.2501 
2010-05-08,7.3377,18.4736,7.3855 
2010-05-09,2.2622,8.4550,3.8778 
2010-05-10,5.4557,11.2761,0.0104 
2010-05-11,6.9032,14.3277,15.4983 
2010-05-12,8.6844,16.5063,3.8683 
2010-05-13,6.2997,23.5946,1.4882 
2010-05-14,16.7036,23.3043,13.3859 
2010-05-15,10.6806,17.5205,0.1331 
2010-05-16,9.5102,16.3459,0.0136 
2010-05-17,12.5426,15.7085,6.4265 
2010-05-18,11.5778,17.8791,6.5965 
2010-05-19,8.1963,17.2855,0.0216 
2010-05-20,14.3182,22.9176,0.0014 
2010-05-21,15.2156,23.4067,0.1373 
2010-05-22,16.0302,22.9036,2.1567 
2010-05-23,17.4896,25.2849,0.3766 
2010-05-24,17.1511,25.9906,3.9214e-04 
2010-05-25,17.9650,26.3707,6.1097e-05 
2010-05-26,21.7878,26.2877,0.0011 
2010-05-27,21.6211,27.1893,0.0020 
2010-05-28,18.3230,24.8327,0.0150 
2010-05-29,18.1441,24.2895,3.8567e-04 
2010-05-30,19.0949,27.2611,6.3123e-05 
2010-05-31,22.1686,28.4171,3.4999 
2010-06-01,18.7645,23.4904,25.8647 
2010-06-02,19.3771,27.0635,1.5241 
2010-06-03,18.4077,25.6402,0.3917 
2010-06-04,16.9596,26.9300,2.3816 
2010-06-05,18.2742,26.9802,6.5183 
2010-06-06,16.3232,23.5091,11.7450 
2010-06-07,11.7905,17.0271,4.2388 
2010-06-08,13.0413,20.4188,0.0884 
2010-06-09,13.9100,24.1558,14.1714 
2010-06-10,16.0840,23.8057,0.1509 
2010-06-11,17.6711,25.7764,0.8514 
2010-06-12,22.6163,28.1987,0.6348 
2010-06-13,21.6877,28.1257,10.2694 
2010-06-14,19.7509,24.9063,3.6736 
2010-06-15,18.9371,24.2066,1.5150 
2010-06-16,20.8429,24.8541,0.1855 
2010-06-17,16.1614,23.9306,0.0031 
2010-06-18,17.4415,27.4425,6.3466e-05 
2010-06-19,22.4164,29.7139,0.0063 
2010-06-20,19.0118,26.6902,0.0078 
2010-06-21,20.1294,26.7572,0.0432 
2010-06-22,19.2491,28.6528,10.0621 
2010-06-23,23.8430,30.8993,6.5592 
2010-06-24,20.2216,30.0923,5.4683 
2010-06-25,18.7677,24.3695,0.0170 
2010-06-26,21.0214,28.1475,0.0320 
2010-06-27,21.3673,30.1526,2.6591 
2010-06-28,20.0360,27.7281,25.0623 
2010-06-29,16.0680,24.1833,0.1338 
2010-06-30,15.5813,18.2731,2.5448e-05 
2010-07-01,15.6661,19.3927,4.8267e-04 
2010-07-02,15.6311,22.8153,0.0251 
2010-07-03,18.8088,26.9108,0.0000 
2010-07-04,22.3091,30.5253,3.2610e-05 
2010-07-05,24.3422,31.0772,0.0046 
2010-07-06,26.7224,31.9846,0.0039 
2010-07-07,27.0780,32.5704,0.0000 
2010-07-08,26.8506,32.2647,0.0889 
2010-07-09,20.0987,30.7169,9.1198 
2010-07-10,21.2265,25.9533,0.1033 
2010-07-11,22.1075,27.9468,0.0704 
2010-07-12,18.5595,26.8507,1.2845 
2010-07-13,20.0207,26.8511,2.5323 
2010-07-14,21.3287,26.5532,0.0236 
2010-07-15,22.3716,29.8617,0.0030 
2010-07-16,20.3757,29.2317,1.1691 
2010-07-17,22.9432,29.7193,0.4230 
2010-07-18,21.5722,30.0720,1.1294 
2010-07-19,22.2016,28.5909,1.9951 
2010-07-20,18.9551,26.3424,0.6950 
2010-07-21,21.7368,27.0733,4.8496 
2010-07-22,21.6760,29.0842,0.5941 
2010-07-23,24.3750,32.1490,10.7179 
2010-07-24,26.6030,31.5794,27.9721 
2010-07-25,21.6532,30.2049,9.7837 
2010-07-26,19.8974,24.9496,0.1317 
2010-07-27,21.3149,28.0184,0.0367 
2010-07-28,22.0209,30.6337,0.1699 
2010-07-29,20.0214,23.7631,8.0164 
2010-07-30,20.0454,23.7675,4.3016e-04 
2010-07-31,20.5954,25.8842,0.1390 
2010-08-01,19.8824,26.3241,0.0096 
2010-08-02,19.8139,28.5300,0.0397 
2010-08-03,24.2644,29.6147,1.2559 
2010-08-04,23.4694,29.8218,1.2843 
2010-08-05,22.0667,28.9143,16.9324 
2010-08-06,20.2346,25.9614,0.5197 
2010-08-07,19.0294,23.9822,0.0100 
2010-08-08,20.3738,28.0851,0.0036 
2010-08-09,22.9018,30.1315,0.0041 
2010-08-10,24.8799,29.1011,0.0661 
2010-08-11,23.5221,30.0596,0.3177 
2010-08-12,21.1462,30.0043,3.1650 
2010-08-13,20.9572,29.6264,0.0249 
2010-08-14,23.1826,31.7307,3.9201 
2010-08-15,21.8735,30.3395,4.1873 
2010-08-16,20.2454,29.3025,0.2906 
2010-08-17,20.4734,25.6232,0.0051 
2010-08-18,20.6832,25.4616,0.0022 
2010-08-19,20.6753,27.6292,0.0053 
2010-08-20,21.7620,29.4166,0.0116 
2010-08-21,22.2391,29.6746,3.5550 
2010-08-22,20.4802,22.3687,16.3247 
2010-08-23,19.3752,21.5783,1.6219 
2010-08-24,16.8305,24.0994,0.1413 
2010-08-25,19.4379,23.7366,0.0518 
2010-08-26,17.1936,22.2991,0.0105 
2010-08-27,15.6344,22.6450,9.1835e-04 
2010-08-28,18.5074,26.0362,0.0634 
2010-08-29,21.4130,29.7569,0.0329 
2010-08-30,25.6235,30.7475,0.0000 
2010-08-31,24.1026,30.4305,0.0013 
2010-09-01,23.3220,30.2383,0.0013 
2010-09-02,24.7481,29.7435,0.0037 
2010-09-03,18.0299,28.2654,3.1931 
2010-09-04,14.4497,20.6534,0.5477 
2010-09-05,12.0768,19.6099,0.0017 
2010-09-06,14.0100,25.3609,0.0303 
2010-09-07,19.4030,29.8758,0.4201 
2010-09-08,15.6263,21.8502,0.9254 
2010-09-09,12.8547,18.1489,1.0469e-04 
2010-09-10,13.1480,18.8488,0.0043 
2010-09-11,11.9415,22.2457,4.7379 
2010-09-12,13.9843,20.5842,3.1528 
2010-09-13,15.9748,24.9922,0.4521 
2010-09-14,14.7325,23.2167,0.0015 
2010-09-15,13.8993,22.0064,8.7750e-04 
2010-09-16,16.8988,23.6183,17.8535 
2010-09-17,12.8337,20.9172,4.5779 
2010-09-18,13.0547,25.1452,0.1059 
2010-09-19,15.5435,24.5249,0.4681 
2010-09-20,12.9325,19.6058,0.0052 
2010-09-21,14.8131,28.8938,3.5026e-04 
2010-09-22,20.8946,27.3299,0.8983 
2010-09-23,18.4789,29.9126,1.2903 
2010-09-24,24.2798,29.2908,0.0221 
2010-09-25,14.4232,25.4088,2.5852e-04 
2010-09-26,10.5574,15.1673,0.0102 
2010-09-27,11.6429,16.4814,2.9341 
2010-09-28,12.9923,15.0016,28.1902 
2010-09-29,11.0885,18.9822,0.3650 
2010-09-30,14.8662,18.1598,0.0016 
2010-10-01,11.1490,16.6202,0.0038 
2010-10-02,9.3045,13.6526,4.0766 
2010-10-03,8.7960,10.7897,10.9274 
2010-10-04,6.9386,11.2037,3.9937 
2010-10-05,9.0826,11.9683,11.1062 
2010-10-06,10.0256,15.5518,3.3926 
2010-10-07,10.9001,17.0608,0.0093 
2010-10-08,11.3446,20.4144,3.4496e-04 
2010-10-09,14.9621,20.5770,4.4202e-07 
2010-10-10,14.6019,25.2986,0.0053 
2010-10-11,18.5935,24.0840,0.0546 
2010-10-12,11.7003,21.5836,0.0064 
2010-10-13,7.6582,18.1895,0.0018 
2010-10-14,10.3546,17.3408,6.7952 
2010-10-15,8.9904,12.0269,1.6937 
2010-10-16,8.5576,14.4757,0.0251 
2010-10-17,9.5799,14.0818,0.0000 
2010-10-18,7.7424,12.3417,0.8648 
2010-10-19,6.8437,11.5397,0.0760 
2010-10-20,6.6119,15.9047,0.0348 
2010-10-21,7.7186,15.1693,0.3179 
2010-10-22,4.3233,11.6458,0.1683 
2010-10-23,7.9787,18.7910,0.0740 
2010-10-24,15.0186,22.6480,0.0220 
2010-10-25,16.3384,20.4982,2.2905 
2010-10-26,12.6049,23.1850,11.9531 
2010-10-27,8.8601,17.7616,0.7950 
2010-10-28,5.5721,15.4181,0.0110 
2010-10-29,5.0549,8.2056,2.7555 
2010-10-30,2.8585,11.7945,0.0017 
2010-10-31,4.9296,10.7810,0.0226 
2010-11-01,2.2545,6.3172,0.0700 
2010-11-02,0.9058,7.6218,1.4228e-04 
2010-11-03,2.5849,10.4210,0.0198 
2010-11-04,4.9191,8.3060,1.3461 
2010-11-05,3.0735,6.0989,10.7759 
2010-11-06,0.8850,3.5299,1.0681 
2010-11-07,-1.8303,8.0800,4.4041e-04 
2010-11-08,1.1996,10.8265,0.0010 
2010-11-09,5.6902,12.7126,9.9587e-05 
2010-11-10,5.5535,13.0353,0.0060 
2010-11-11,6.2073,14.8337,0.0013 
2010-11-12,8.9927,15.6563,0.0017 
2010-11-13,9.7066,18.0303,0.0080 
2010-11-14,6.7926,14.4107,1.1079 
2010-11-15,1.3029,10.2866,0.0018 
2010-11-16,3.0920,9.6286,10.8966 
2010-11-17,5.6979,12.4442,9.8595 
2010-11-18,2.6205,6.6349,0.7632 
2010-11-19,0.6215,7.9029,0.0749 
2010-11-20,2.3410,6.6332,1.1543e-04 
2010-11-21,1.4596,14.3674,3.3438e-04 
2010-11-22,13.8740,17.1023,9.2094 
2010-11-23,2.3247,18.0919,2.6660 
2010-11-24,-1.0002,4.1813,0.0321 
2010-11-25,2.7515,15.1540,24.1898 
2010-11-26,-6.5026,14.3740,14.3138 
2010-11-27,-3.6395,0.1281,0.1024 
2010-11-28,-5.3755,3.7794,0.0015 
2010-11-29,-1.8712,7.2383,0.0117 
2010-11-30,5.4190,13.5921,30.7491 
2010-12-01,-4.9249,9.3566,23.6524 
2010-12-02,-5.2693,-1.5163,0.2069 
2010-12-03,-5.7317,-1.4477,0.6076 
2010-12-04,-4.1967,-0.5819,0.6098 
2010-12-05,-4.5371,-1.0804,0.9195 
2010-12-06,-4.7230,-2.3553,1.8270 
2010-12-07,-5.5893,-3.8753,1.2087 
2010-12-08,-7.5424,-3.7148,1.5580 
2010-12-09,-7.6592,-2.6484,1.0908 
2010-12-10,-5.3724,2.9533,1.2236 
2010-12-11,-1.8927,4.5808,0.0125 
2010-12-12,-4.2425,2.9870,12.3710 
2010-12-13,-8.5705,-1.4594,6.4310 
2010-12-14,-9.5401,-7.6315,0.7036 
2010-12-15,-9.8061,-6.7359,0.5024 
2010-12-16,-12.4424,-6.0707,0.0649 
2010-12-17,-7.9990,-3.9684,0.1488 
2010-12-18,-12.8991,-5.5212,0.0418 
2010-12-19,-13.0947,-6.0141,0.1394 
2010-12-20,-9.4489,-3.3317,0.2614 
2010-12-21,-7.4025,-1.6751,0.0483 
2010-12-22,-5.1622,-2.0215,0.3510 
2010-12-23,-3.1655,-1.7142,0.1470 
2010-12-24,-4.2193,-2.7371,0.2006 
2010-12-25,-4.8667,-3.2792,0.4770 
2010-12-26,-5.8337,-4.1096,0.8679 
2010-12-27,-5.9995,-3.9073,0.3664 
2010-12-28,-10.2060,-4.2977,0.0069 
2010-12-29,-7.3147,1.8790,7.1624e-04 
2010-12-30,-2.2376,5.3152,0.7765 
2010-12-31,3.5285,10.9366,0.4561 
2011-01-01,2.6876,12.0936,7.1040 
2011-01-02,-10.2030,0.9612,0.1928 
2011-01-03,-9.2117,0.3696,0.0242 
2011-01-04,-2.7922,0.9984,0.0372 
2011-01-05,-7.1566,-2.3133,0.3826 
2011-01-06,-6.5036,-1.5562,2.0076 
2011-01-07,-8.3783,-2.6994,1.4205 
2011-01-08,-9.4226,-7.4291,2.4499 
2011-01-09,-11.5978,-5.9426,0.6056 
2011-01-10,-8.0941,-4.5101,0.0966 
2011-01-11,-6.8028,-3.3032,4.0795 
2011-01-12,-5.9209,-3.7612,4.7170 
2011-01-13,-9.0161,-6.0612,0.5062 
2011-01-14,-10.7992,-4.3578,0.7777 
2011-01-15,-5.6591,-1.4280,0.7526 
2011-01-16,-13.4100,-4.1271,0.1218 
2011-01-17,-14.0988,-0.7351,7.3526e-04 
2011-01-18,-0.7776,3.8291,2.6089 
2011-01-19,-5.2303,1.5137,1.7281 
2011-01-20,-9.3242,-5.0208,2.9312 
2011-01-21,-12.3650,-5.9121,2.4987 
2011-01-22,-17.6639,-9.9308,0.1932 
2011-01-23,-14.4866,-10.2574,0.3952 
2011-01-24,-16.1422,-2.4341,0.8479 
2011-01-25,-3.4739,0.1311,0.3806 
2011-01-26,-6.5869,-2.6118,0.0042 
2011-01-27,-6.3321,-3.2613,0.7714 
2011-01-28,-6.0809,-2.8833,2.8429 
2011-01-29,-7.2600,-0.4138,1.5509 
2011-01-30,-5.7513,-3.4838,0.5216 
2011-01-31,-13.2131,-5.3213,0.0344 
2011-02-01,-6.2009,-3.7784,11.6990 
2011-02-02,-6.0870,8.3578,10.3477 
2011-02-03,-12.9719,-6.0672,0.4266 
2011-02-04,-11.5720,-3.3981,0.0013 
2011-02-05,-5.6105,-0.8769,6.2568 
2011-02-06,-7.4609,0.0978,1.0416 
2011-02-07,-1.3583,0.2194,1.9818 
2011-02-08,-11.6119,-1.6582,2.3701 
2011-02-09,-14.7298,-9.2693,0.0047 
2011-02-10,-18.0177,-11.4161,0.0050 
2011-02-11,-13.7242,-4.4312,0.0282 
2011-02-12,-4.1948,-2.1814,1.9228 
2011-02-13,-3.4776,5.3625,0.1784 
2011-02-14,-0.2729,6.1266,0.1033 
2011-02-15,-7.2345,1.7287,0.1201 
2011-02-16,-0.5632,5.0880,0.0024 
2011-02-17,5.1673,15.0891,0.0097 
2011-02-18,6.0519,15.0639,0.0420 
2011-02-19,-3.5760,5.0027,0.0011 
2011-02-20,-7.3740,2.8955,3.9228 
2011-02-21,-4.4770,1.4098,17.8482 
2011-02-22,-8.9388,-3.9006,2.0915 
2011-02-23,-8.6878,1.4416,0.0198 
2011-02-24,-1.8514,3.5405,0.8114 
2011-02-25,-3.2670,-0.8428,13.4395 
2011-02-26,-6.2848,1.0708,0.1430 
2011-02-27,-2.7374,6.3407,0.1017 
2011-02-28,-1.2975,9.9324,30.3856 
2011-03-01,-6.1624,4.0516,0.0136 
2011-03-02,-4.6150,2.8611,0.0036 
2011-03-03,-10.7568,2.5933,0.0011 
2011-03-04,1.6569,7.8205,5.4996 
2011-03-05,6.1535,11.2661,20.6326 
2011-03-06,-4.3491,2.4128,8.7273 
2011-03-07,-9.6624,-0.7293,0.0350 
2011-03-08,-4.3892,8.1488,1.8626e-04 
2011-03-09,1.9373,8.7998,17.3975 
2011-03-10,3.1101,9.9563,10.4769 
2011-03-11,-1.9523,2.1781,11.3172 
2011-03-12,-1.4680,6.7453,0.0826 
2011-03-13,-1.7506,2.6114,0.0832 
2011-03-14,-5.3365,3.8245,0.0968 
2011-03-15,-1.3869,7.3998,3.7637 
2011-03-16,3.7141,9.3170,1.0886 
2011-03-17,5.1514,17.1031,0.0027 
2011-03-18,9.9863,17.3112,0.0048 
2011-03-19,1.6296,11.2912,0.0014 
2011-03-20,-2.0483,14.3151,0.7916 
2011-03-21,12.2879,15.7238,14.4829 
2011-03-22,0.6551,11.8956,0.3731 
2011-03-23,3.7163,9.8291,3.7687 
2011-03-24,-2.7843,0.8585,1.2147 
2011-03-25,-6.4245,-2.1788,0.2167 
2011-03-26,-8.6596,-2.7521,0.0145 
2011-03-27,-7.2239,-1.9890,0.0043 
2011-03-28,-6.6218,-1.1702,5.9234e-04 
2011-03-29,-3.6867,1.9374,2.5530e-04 
2011-03-30,-2.4282,1.9676,3.9167 
2011-03-31,-2.9478,1.1392,1.6329 
2011-04-01,-0.1855,5.8857,0.2827 
2011-04-02,1.0032,6.4866,1.1313 
2011-04-03,0.7795,8.7243,0.9264 
2011-04-04,7.3562,20.7139,22.9499 
2011-04-05,0.1097,9.2215,3.0078 
2011-04-06,0.4896,9.6385,0.6003 
2011-04-07,1.4732,9.6031,0.2085 
2011-04-08,5.4953,8.2812,13.1789 
2011-04-09,4.0493,17.1771,0.0129 
2011-04-10,10.2741,24.7773,0.0528 
2011-04-11,11.6865,23.9963,2.5590 
2011-04-12,4.6603,10.9121,0.3618 
2011-04-13,3.1349,12.0242,0.0021 
2011-04-14,9.9866,13.0031,3.7748e-04 
2011-04-15,5.1044,20.8339,0.0038 
2011-04-16,10.2474,20.2611,11.2800 
2011-04-17,2.1924,10.2304,0.8481 
2011-04-18,2.3563,9.2110,2.1673 
2011-04-19,2.3182,11.7516,16.3201 
2011-04-20,8.2438,20.2427,16.0185 
2011-04-21,-0.4277,7.3925,0.0860 
2011-04-22,2.7889,11.1404,6.2229 
2011-04-23,11.9199,21.2969,9.6716 
2011-04-24,9.1519,16.0073,4.7393 
2011-04-25,11.8948,15.9567,24.4775 
2011-04-26,13.5871,22.0524,3.3228 
2011-04-27,16.9883,24.3873,1.6306 
2011-04-28,8.9003,18.9587,1.2418 
2011-04-29,3.8035,11.9662,3.0971 
2011-04-30,3.9688,16.6302,0.0215 
2011-05-01,13.5701,18.5203,3.6632 
2011-05-02,6.7619,18.3202,11.5417 
2011-05-03,5.2446,9.7800,17.7741 
2011-05-04,3.1771,9.4963,0.1714 
2011-05-05,5.4547,14.3706,0.0012 
2011-05-06,9.1592,14.3612,4.7237 
2011-05-07,9.0821,16.8516,1.7796 
2011-05-08,11.6018,16.3775,0.1876 
2011-05-09,10.6691,17.4892,2.4307e-04 
2011-05-10,11.3056,23.7027,0.4494 
2011-05-11,16.9183,25.8967,0.0852 
2011-05-12,19.0287,26.3521,6.9766 
2011-05-13,17.5073,22.7531,5.6278 
2011-05-14,15.4303,20.7404,10.8384 
2011-05-15,7.7178,20.4245,6.4622 
2011-05-16,6.0885,7.7882,4.5176 
2011-05-17,6.6914,12.7437,4.9273 
2011-05-18,12.2899,18.8968,14.4296 
2011-05-19,9.1938,18.4173,0.3052 
2011-05-20,12.3068,19.8498,0.0148 
2011-05-21,15.2903,24.3353,0.0575 
2011-05-22,18.0967,28.0401,1.4500 
2011-05-23,17.4837,27.1424,7.6741 
2011-05-24,18.8774,22.0546,2.2190 
2011-05-25,13.7239,25.7415,10.7636 
2011-05-26,16.7752,22.5107,31.7760 
2011-05-27,12.7201,20.9646,7.2647 
2011-05-28,13.1178,22.9791,0.0717 
2011-05-29,18.9203,28.4977,5.5554 
2011-05-30,22.2816,29.6602,0.5968 
2011-05-31,25.0169,31.9848,5.2840e-05 
2011-06-01,24.1835,30.8289,3.8089e-05 
2011-06-02,15.2581,23.2991,5.0645e-04 
2011-06-03,12.0952,22.4368,0.0025 
2011-06-04,18.0163,31.7046,0.1728 
2011-06-05,18.0437,30.8618,0.3931 
2011-06-06,20.1715,28.4294,0.0023 
2011-06-07,23.0123,32.2118,22.5394 
2011-06-08,24.0044,32.0031,0.0057 
2011-06-09,24.5835,30.7191,0.4393 
2011-06-10,15.6424,26.7678,6.5830 
2011-06-11,18.4365,26.5066,3.2468 
2011-06-12,13.9714,21.1736,1.0392 
2011-06-13,14.3465,20.2810,0.0172 
2011-06-14,12.9605,19.6487,0.0017 
2011-06-15,13.0979,24.0809,1.7272e-05 
2011-06-16,16.4115,22.6205,5.9204 
2011-06-17,15.5395,24.3515,0.2868 
2011-06-18,17.8263,25.8318,1.9899 
2011-06-19,19.9343,25.4366,20.7976 
2011-06-20,18.9318,26.5969,8.0261 
2011-06-21,19.2037,29.5290,4.0639 
2011-06-22,20.5970,28.7687,9.3650 
2011-06-23,18.9757,23.3307,5.0929 
2011-06-24,16.9489,22.6726,3.9658 
2011-06-25,13.9298,21.3546,0.5311 
2011-06-26,18.0043,23.7566,0.0141 
2011-06-27,17.5780,25.5105,0.0020 
2011-06-28,21.2851,24.0305,0.0076 
2011-06-29,15.8887,22.5725,3.8798e-04 
2011-06-30,18.3035,26.0508,2.4229e-04 
2011-07-01,20.8399,28.7659,0.0042 
2011-07-02,20.4656,30.3349,4.4768 
2011-07-03,20.7192,27.0684,9.5026 
2011-07-04,22.1021,26.3257,0.0146 
2011-07-05,21.4835,28.6709,0.0018 
2011-07-06,23.4101,30.1880,0.0178 
2011-07-07,20.5341,28.3592,0.0163 
2011-07-08,19.2611,25.8829,0.5964 
2011-07-09,21.0379,27.8248,0.0027 
2011-07-10,23.0251,30.6231,6.3508e-05 
2011-07-11,24.4745,33.5831,5.1393 
2011-07-12,21.2136,28.2888,3.9363 
2011-07-13,19.3216,27.5315,0.1134 
2011-07-14,18.0327,25.1742,0.0576 
2011-07-15,20.9770,27.8496,0.0705 
2011-07-16,20.6170,28.2429,0.0155 
2011-07-17,21.7495,29.8152,0.0171 
2011-07-18,22.8621,33.0485,5.0082 
2011-07-19,22.1484,32.4939,16.7795 
2011-07-20,22.9319,32.2468,0.1192 
2011-07-21,26.9446,34.0328,0.0019 
2011-07-22,25.4330,33.7942,7.7027 
2011-07-23,25.5681,32.5992,22.8534 
2011-07-24,20.7598,29.2310,13.5802 
2011-07-25,24.7722,29.1681,0.0352 
2011-07-26,22.7426,26.9524,0.0048 
2011-07-27,19.5273,27.2003,0.0091 
2011-07-28,24.3563,31.8946,3.5700 
2011-07-29,25.4261,30.3965,3.2928 
2011-07-30,23.5143,27.7501,0.1584 
2011-07-31,24.4025,29.5914,2.1637e-04 
2011-08-01,23.9056,29.2693,2.8503 
2011-08-02,23.0180,28.6938,0.8817 
2011-08-03,20.7531,28.4697,7.6398 
2011-08-04,20.7789,25.1853,0.3988 
2011-08-05,21.6665,26.5061,0.0333 
2011-08-06,23.8244,29.0124,0.1391 
2011-08-07,21.2767,27.6947,3.2016 
2011-08-08,19.9224,27.0091,0.4069 
2011-08-09,17.9332,25.7860,6.3781 
2011-08-10,17.9190,25.4305,4.8547 
2011-08-11,17.6448,22.2308,0.0035 
2011-08-12,19.0304,25.3270,0.0000 
2011-08-13,20.7499,27.3609,0.0049 
2011-08-14,16.7010,27.1828,24.4204 
2011-08-15,18.9764,22.5492,29.2823 
2011-08-16,18.4876,23.6778,0.1628 
2011-08-17,20.4281,26.0003,0.0677 
2011-08-18,22.7369,27.3138,0.2018 
2011-08-19,19.5614,26.2764,0.3388 
2011-08-20,21.1915,27.7088,0.1781 
2011-08-21,17.7764,26.4988,2.7836 
2011-08-22,16.3652,20.8586,0.7502 
2011-08-23,18.3510,24.8099,0.0969 
2011-08-24,18.0880,28.6200,10.2810 
2011-08-25,19.7362,28.3085,10.0746 
2011-08-26,17.4552,22.6080,0.0019 
2011-08-27,17.3784,22.7939,0.0903 
2011-08-28,18.0594,21.8475,0.0984 
2011-08-29,16.7236,21.4027,0.0010 
2011-08-30,17.8111,24.0061,0.0273 
2011-08-31,19.4848,27.6905,0.0202 
2011-09-01,19.9268,27.7891,0.6886 
2011-09-02,23.1056,31.0414,0.0119 
2011-09-03,26.4875,32.0248,0.1393 
2011-09-04,20.8909,30.4598,7.5837 
2011-09-05,16.0116,19.4972,8.7215 
2011-09-06,13.8829,17.2133,0.1428 
2011-09-07,13.6363,18.2423,7.2376 
2011-09-08,16.9519,20.8416,10.8751 
2011-09-09,16.7190,21.3444,4.9511 
2011-09-10,17.0888,20.5123,3.7903 
2011-09-11,16.9068,21.7519,6.6516 
2011-09-12,17.0599,25.0344,0.2962 
2011-09-13,19.1338,26.6091,0.0399 
2011-09-14,15.2049,20.5923,0.0249 
2011-09-15,11.1810,16.7197,7.3296 
2011-09-16,10.3986,13.2777,0.0074 
2011-09-17,11.0075,17.3915,0.0033 
2011-09-18,8.9265,19.4556,0.0666 
2011-09-19,13.5779,20.3257,6.2473 
2011-09-20,15.3278,20.2984,7.1820 
2011-09-21,16.6815,19.4362,8.7465 
2011-09-22,16.8323,21.7970,0.3207 
2011-09-23,13.0007,21.0261,8.1131 
2011-09-24,10.5596,18.6062,0.2567 
2011-09-25,15.2308,22.2843,0.2229 
2011-09-26,16.9673,22.9672,15.1790 
2011-09-27,12.4584,19.5090,0.4896 
2011-09-28,13.3274,18.1763,0.0746 
2011-09-29,10.3550,16.7923,1.2901 
2011-09-30,8.6571,15.4853,11.8558 
2011-10-01,7.9812,10.2809,16.6513 
2011-10-02,6.1886,9.9398,2.1460 
2011-10-03,8.4517,11.9446,6.9408 
2011-10-04,11.2095,16.2428,0.4445 
2011-10-05,13.1289,19.3873,0.0316 
2011-10-06,11.2138,21.1986,0.0018 
2011-10-07,14.7174,23.4387,0.0410 
2011-10-08,14.3259,23.5626,0.0234 
2011-10-09,15.9636,24.1497,0.0021 
2011-10-10,19.1182,23.4762,0.0488 
2011-10-11,15.8855,23.0948,0.0813 
2011-10-12,13.7453,21.2966,9.9547 
2011-10-13,10.6715,19.5245,0.8909 
2011-10-14,11.9107,16.1149,7.3333 
2011-10-15,8.9418,11.8743,1.4674 
2011-10-16,10.2119,14.4473,4.0245 
2011-10-17,6.7091,12.8721,0.1425 
2011-10-18,8.2464,11.7535,0.8559 
2011-10-19,9.8280,17.7285,33.6705 
2011-10-20,4.7662,15.1804,16.2471 
2011-10-21,4.9274,8.5460,2.1144 
2011-10-22,5.5315,10.5449,0.0166 
2011-10-23,7.5004,15.3766,6.7819e-04 
2011-10-24,9.6866,13.0461,4.1865 
2011-10-25,6.9180,16.6065,0.0146 
2011-10-26,11.4515,15.9952,7.4547 
2011-10-27,4.3078,10.9797,12.5738 
2011-10-28,2.7662,7.8079,0.5477 
2011-10-29,1.8652,7.6475,0.6391 
2011-10-30,3.4782,9.7130,0.2212 
2011-10-31,5.7863,9.1020,0.2819 
2011-11-01,4.1862,13.0185,0.1198 
2011-11-02,7.1304,16.1298,0.0013 
2011-11-03,10.0535,13.5368,0.0000 
2011-11-04,6.0251,10.6139,0.0046 
2011-11-05,-0.1580,11.1734,5.3755e-06 
2011-11-06,3.8035,14.4165,0.0000 
2011-11-07,8.6128,15.6707,0.0042 
2011-11-08,10.6507,18.8801,0.0154 
2011-11-09,11.6556,16.7961,2.4538 
2011-11-10,3.2244,14.7625,0.2957 
2011-11-11,0.8358,4.6712,1.1573 
2011-11-12,1.9313,14.0452,0.0010 
2011-11-13,10.3768,16.4266,0.0176 
2011-11-14,14.0042,18.4970,15.4520 
2011-11-15,9.1616,14.4111,13.2812 
2011-11-16,4.8608,10.8439,0.0320 
2011-11-17,0.0667,4.2505,0.0362 
2011-11-18,-3.7743,6.0333,0.0325 
2011-11-19,2.9835,10.5068,0.1404 
2011-11-20,8.5772,13.5912,0.1627 
2011-11-21,4.0755,7.9624,2.7106 
2011-11-22,2.2634,8.8649,17.5039 
2011-11-23,3.5578,13.4246,8.7807 
2011-11-24,1.1618,9.8755,4.6805e-04 
2011-11-25,4.9399,12.5346,0.0000 
2011-11-26,7.3744,14.4054,3.2192e-06 
2011-11-27,11.2872,14.1647,8.8976 
2011-11-28,3.8308,10.3756,11.4001 
2011-11-29,5.3818,13.8781,22.3452 
2011-11-30,-0.1249,5.0496,2.2731 
2011-12-01,-3.2010,4.5043,2.3668e-04 
2011-12-02,-1.5860,3.1000,0.0393 
2011-12-03,-1.3524,9.6951,0.0044 
2011-12-04,6.4895,9.8352,2.2330 
2011-12-05,4.7475,10.3492,27.9611 
2011-12-06,2.2741,4.6181,16.6036 
2011-12-07,-0.9738,2.4346,0.6950 
2011-12-08,-5.3655,2.0874,0.0224 
2011-12-09,-1.1305,1.5297,0.4674 
2011-12-10,-7.0113,-0.3774,0.0157 
2011-12-11,-8.8963,1.9201,6.4359e-04 
2011-12-12,-2.9103,5.0208,2.9053e-04 
2011-12-13,1.2853,7.0792,0.0518 
2011-12-14,3.7839,10.4072,3.7779 
2011-12-15,9.2798,14.2453,17.3685 
2011-12-16,-0.8189,7.5510,0.2565 
2011-12-17,-2.4677,-0.5766,6.4482 
2011-12-18,-4.6618,0.6590,0.4164 
2011-12-19,0.2080,7.2706,0.0945 
2011-12-20,0.1054,7.1598,4.3330 
2011-12-21,4.0916,14.3855,17.9577 
2011-12-22,4.9150,7.3739,0.4213 
2011-12-23,-2.4990,4.6341,6.4506 
2011-12-24,-3.6602,2.5784,0.1929 
2011-12-25,-1.3776,4.6633,0.0047 
2011-12-26,-2.9035,5.3647,0.0278 
2011-12-27,0.0544,2.7016,9.6755 
2011-12-28,-4.9166,0.4158,2.2447 
2011-12-29,-6.2441,3.2826,0.3190 
2011-12-30,2.4706,7.3489,2.8525 
2011-12-31,2.5655,8.2027,2.2799 
2012-01-01,1.2777,8.4588,0.4765 
2012-01-02,-3.8354,1.0612,2.8908 
2012-01-03,-7.9935,-3.3764,1.0044 
2012-01-04,-9.2424,0.3151,0.0091 
2012-01-05,-4.2992,3.0427,0.0164 
2012-01-06,1.6799,9.5075,3.3767e-05 
2012-01-07,1.9019,7.5747,9.2103e-05 
2012-01-08,-1.7421,2.3060,0.0239 
2012-01-09,-1.6267,5.1303,4.8023e-04 
2012-01-10,-0.4884,6.1982,7.3781e-04 
2012-01-11,0.7402,8.5343,2.5331 
2012-01-12,4.2380,7.5590,4.8693 
2012-01-13,-8.4696,4.4773,6.1908 
2012-01-14,-8.8170,-6.2293,2.7456 
2012-01-15,-10.0382,-4.3365,1.2045 
2012-01-16,-7.4052,5.7445,0.6155 
2012-01-17,4.9301,13.5816,22.3547 
2012-01-18,-6.2746,2.5538,0.3937 
2012-01-19,-8.5273,-1.8824,4.4939 
2012-01-20,-12.1070,-6.0029,0.5256 
2012-01-21,-6.6000,-3.8169,7.1045 
2012-01-22,-8.9981,5.2473,0.0014 
2012-01-23,4.7656,11.0853,3.8937 
2012-01-24,-2.6479,5.2120,0.0741 
2012-01-25,-4.1409,0.6344,0.0467 
2012-01-26,-1.5517,3.5689,11.1521 
2012-01-27,-0.2146,4.6688,16.4313 
2012-01-28,-2.5178,1.0306,3.0480 
2012-01-29,-3.2571,0.9199,0.6038 
2012-01-30,-7.5480,5.6392,0.2714 
2012-01-31,5.9743,11.8657,0.0036 
2012-02-01,4.4391,11.2882,2.9461 
2012-02-02,0.5961,3.3723,0.0811 
2012-02-03,0.4395,7.6297,0.0012 
2012-02-04,-0.1980,5.5303,1.6898 
2012-02-05,-1.1368,4.0118,0.0362 
2012-02-06,-1.3292,6.5562,5.8428e-04 
2012-02-07,-3.5199,4.7808,0.0130 
2012-02-08,-3.5955,0.1452,0.7393 
2012-02-09,-6.4847,2.0410,0.0075 
2012-02-10,-6.6291,0.2816,0.7414 
2012-02-11,-8.8298,-0.4214,3.1522 
2012-02-12,-9.4869,-3.7648,1.3635 
2012-02-13,-9.1103,-1.2909,0.0399 
2012-02-14,-3.0170,1.6232,1.9240 
2012-02-15,-2.1310,5.8735,0.2146 
2012-02-16,2.2421,7.6893,3.9318 
2012-02-17,-1.1476,5.3281,0.1410 
2012-02-18,-0.0160,2.6122,0.0716 
2012-02-19,-4.1957,-0.3371,0.0031 
2012-02-20,-4.4598,3.4214,0.0068 
2012-02-21,-0.7255,7.8320,0.2630 
2012-02-22,3.3669,8.6881,0.4804 
2012-02-23,1.1954,7.1121,2.5074 
2012-02-24,0.8341,8.9630,11.1721 
2012-02-25,-2.9309,0.5581,1.8537 
2012-02-26,-5.8664,4.3697,0.1843 
2012-02-27,1.6429,7.4693,9.4640e-04 
2012-02-28,-3.7989,6.4361,7.1703e-04 
2012-02-29,2.1820,17.7068,17.1690 
2012-03-01,1.5577,15.3954,1.4049 
2012-03-02,1.2421,15.0364,6.8899 
2012-03-03,0.3845,14.0752,1.4091 
2012-03-04,-3.4461,0.8202,0.9915 
2012-03-05,-7.1410,-1.5752,8.0424 
2012-03-06,-6.8408,9.5637,0.0427 
2012-03-07,6.4797,16.6162,0.0000 
2012-03-08,6.1900,16.3286,10.4822 
2012-03-09,-1.5605,4.6674,0.7789 
2012-03-10,-5.7424,7.9132,0.0027 
2012-03-11,2.7624,16.7085,1.6435e-06 
2012-03-12,8.9388,15.1225,8.6904 
2012-03-13,12.9049,16.8329,6.7525 
2012-03-14,9.6607,22.6729,0.0024 
2012-03-15,14.7429,23.8757,5.3327 
2012-03-16,14.9857,19.8626,5.7173 
2012-03-17,13.7600,23.7298,0.2135 
2012-03-18,15.1822,22.5466,17.5980 
2012-03-19,14.2621,20.7538,4.3372 
2012-03-20,16.5587,24.8249,0.0363 
2012-03-21,16.8269,26.4289,0.0013 
2012-03-22,15.8065,25.8209,0.0014 
2012-03-23,19.1817,24.2730,0.7899 
2012-03-24,13.4048,18.8501,7.0324 
2012-03-25,10.1628,15.6633,0.0458 
2012-03-26,0.1590,14.2108,0.0122 
2012-03-27,-3.0849,12.6878,0.0036 
2012-03-28,11.0107,18.1402,0.0379 
2012-03-29,1.7046,13.5193,2.5231e-05 
2012-03-30,-1.2982,13.8277,3.6857 
2012-03-31,1.7174,11.2892,3.1868 
2012-04-01,1.8616,15.6651,0.2767 
2012-04-02,2.3244,10.9201,0.3026 
2012-04-03,4.0369,20.8681,1.8738 
2012-04-04,5.4634,20.1515,0.0443 
2012-04-05,1.6027,7.2246,6.3674e-05 
2012-04-06,1.5664,8.3103,0.0000 
2012-04-07,2.4926,11.3921,5.3530e-05 
2012-04-08,8.5275,12.1080,0.0033 
2012-04-09,6.8030,12.7450,0.1524 
2012-04-10,2.8316,10.5069,0.5808 
2012-04-11,0.8793,7.2085,2.3863 
2012-04-12,2.5793,10.6711,0.0169 
2012-04-13,6.6074,14.5091,5.8721e-04 
2012-04-14,10.2266,16.3766,2.5523 
2012-04-15,14.2663,23.7550,0.8000 
2012-04-16,18.0224,23.3792,3.3951e-04 
2012-04-17,6.1674,17.6237,0.0000 
2012-04-18,4.4384,15.7249,1.6606e-04 
2012-04-19,11.7375,19.6457,4.0302e-04 
2012-04-20,14.3571,22.5268,0.0233 
2012-04-21,3.2807,17.6912,9.3749 
2012-04-22,4.1462,6.8830,0.5149 
2012-04-23,4.3427,7.3456,0.0040 
2012-04-24,4.5156,12.5959,8.2874e-04 
2012-04-25,6.8970,16.4692,0.0054 
2012-04-26,8.7528,15.6697,2.0347 
2012-04-27,2.0250,8.0972,0.6661 
2012-04-28,2.3125,7.0263,2.8334 
2012-04-29,3.6418,12.7775,0.0210 
2012-04-30,6.7693,24.8831,3.9808 
2012-05-01,11.8788,19.5742,11.3338 
2012-05-02,16.2705,26.2197,0.3540 
2012-05-03,20.2560,29.3077,0.0095 
2012-05-04,19.7788,28.4143,0.6774 
2012-05-05,13.4707,20.9118,0.0588 
2012-05-06,11.3656,20.7383,0.0183 
2012-05-07,15.3660,23.8019,6.3463 
2012-05-08,15.1515,21.4976,25.8243 
2012-05-09,12.9550,18.5834,0.5003 
2012-05-10,7.8875,14.0135,0.3979 
2012-05-11,8.4482,19.5382,1.4041e-04 
2012-05-12,14.1310,21.3932,0.0010 
2012-05-13,13.9854,20.6786,0.0032 
2012-05-14,12.6875,19.6959,1.5182e-04 
2012-05-15,15.7239,24.2773,3.7495e-04 
2012-05-16,14.5884,24.0104,0.0912 
2012-05-17,8.4362,16.0055,4.4087e-04 
2012-05-18,11.5710,22.9994,2.7564e-05 
2012-05-19,17.0608,27.0995,2.7758e-04 
2012-05-20,22.5154,28.5327,2.0475e-05 
2012-05-21,18.7108,27.8546,0.0045 
2012-05-22,13.4743,23.9829,0.1012 
2012-05-23,14.2091,23.5350,0.0070 
2012-05-24,18.7456,26.8874,0.0040 
2012-05-25,20.8467,29.2425,10.6584 
2012-05-26,18.1566,26.9360,8.4074 
2012-05-27,19.8220,31.2652,0.0729 
2012-05-28,23.0776,31.0239,0.1820 
2012-05-29,18.6375,29.7450,1.0342 
2012-05-30,16.8255,24.5285,0.0026 
2012-05-31,12.4042,20.1738,2.7902e-04 
2012-06-01,14.6562,20.0999,22.1680 
2012-06-02,8.1544,19.0724,0.3062 
2012-06-03,13.7194,22.9796,0.0815 
2012-06-04,13.4425,22.1007,0.0051 
2012-06-05,10.4755,17.0045,0.2336 
2012-06-06,13.1239,20.0895,0.0019 
2012-06-07,16.1279,22.3718,0.0600 
2012-06-08,17.5207,25.5976,0.0069 
2012-06-09,20.0523,28.6471,2.6694e-04 
2012-06-10,22.3376,29.8302,3.8889e-05 
2012-06-11,21.1548,29.1175,0.0302 
2012-06-12,20.2192,25.0592,0.0265 
2012-06-13,13.2276,22.9436,6.1822e-04 
2012-06-14,14.0205,25.7953,0.0041 
2012-06-15,17.1321,28.9446,0.0049 
2012-06-16,19.7110,28.7613,0.0321 
2012-06-17,18.6431,26.8660,13.5558 
2012-06-18,19.2256,28.3241,9.0956 
2012-06-19,21.2635,30.9719,3.8119 
2012-06-20,24.2427,31.4621,0.0000 
2012-06-21,24.5427,31.0761,2.4963e-04 
2012-06-22,19.4448,29.5413,1.4578 
2012-06-23,18.4114,24.1221,0.0013 
2012-06-24,20.2251,27.7856,4.0541e-04 
2012-06-25,17.4467,27.6959,0.0117 
2012-06-26,15.7494,22.1680,6.3657e-05 
2012-06-27,18.7296,27.7471,9.5615e-05 
2012-06-28,21.5595,33.7830,0.0126 
2012-06-29,24.6038,33.2878,0.2661 
2012-06-30,19.2691,30.0921,0.5786 
2012-07-01,21.0813,29.7567,1.3602 
2012-07-02,24.6862,29.8353,3.5843 
2012-07-03,24.0999,32.9696,15.3773 
2012-07-04,24.2961,32.7271,0.3311 
2012-07-05,26.9121,32.3631,9.7837 
2012-07-06,27.0091,31.6798,0.1933 
2012-07-07,28.4176,34.2931,0.0060 
2012-07-08,21.3662,31.5473,0.0268 
2012-07-09,18.8556,25.3234,9.0490e-04 
2012-07-10,19.9231,24.8788,0.0136 
2012-07-11,19.1885,26.8446,0.0029 
2012-07-12,21.2655,29.0179,0.0051 
2012-07-13,20.4443,28.5238,0.0330 
2012-07-14,20.1526,27.1347,0.0033 
2012-07-15,21.0734,28.5228,0.1329 
2012-07-16,23.6271,30.2856,0.0026 
2012-07-17,25.0766,34.0679,0.0049 
2012-07-18,24.8547,33.6020,0.1726 
2012-07-19,21.9617,28.9994,16.5233 
2012-07-20,18.9836,23.7934,0.7220 
2012-07-21,18.0723,24.9226,0.0085 
2012-07-22,22.2521,28.7425,0.0024 
2012-07-23,23.4970,30.8744,0.0388 
2012-07-24,20.4784,30.5359,0.0783 
2012-07-25,18.5201,27.2433,0.0031 
2012-07-26,26.1722,30.0156,0.1828 
2012-07-27,20.2794,27.2432,3.5377 
2012-07-28,17.7030,23.7308,23.4474 
2012-07-29,20.2379,24.4919,0.1802 
2012-07-30,21.5190,27.7449,4.5076e-07 
2012-07-31,23.8858,29.5744,0.0014 
2012-08-01,20.0315,27.0469,0.0102 
2012-08-02,21.0955,29.1829,0.0000 
2012-08-03,25.1509,31.2616,1.7062e-05 
2012-08-04,24.2465,30.2820,0.3077 
2012-08-05,21.6147,28.6416,7.4638 
2012-08-06,19.2287,25.8465,0.0025 
2012-08-07,20.2212,27.5208,0.0000 
2012-08-08,23.9891,29.0747,0.1196 
2012-08-09,19.9892,26.5867,3.6499 
2012-08-10,17.3326,20.9948,15.9097 
2012-08-11,14.8099,19.4738,1.3613 
2012-08-12,16.1746,22.6500,0.2715 
2012-08-13,19.8210,25.2632,0.0420 
2012-08-14,17.2415,22.1355,8.7982 
2012-08-15,16.0826,24.3123,0.2477 
2012-08-16,18.2110,27.8459,0.0502 
2012-08-17,18.0105,26.9061,0.2500 
2012-08-18,17.6777,20.9398,0.0011 
2012-08-19,16.8022,22.2832,0.2389 
2012-08-20,18.5782,21.2544,0.9033 
2012-08-21,16.6956,22.2147,0.6404 
2012-08-22,16.7491,24.0476,0.0389 
2012-08-23,20.2745,26.4840,0.0319 
2012-08-24,22.1865,28.5021,0.0000 
2012-08-25,20.0266,28.9412,0.0044 
2012-08-26,19.5059,28.8036,0.0086 
2012-08-27,19.8598,28.2261,23.7439 
2012-08-28,19.5118,22.7026,0.3081 
2012-08-29,17.7123,21.7167,0.0464 
2012-08-30,17.0270,27.7016,0.0461 
2012-08-31,20.8597,30.9509,0.0000 
2012-09-01,21.5995,29.3420,1.4733 
2012-09-02,21.1316,26.9712,6.1614 
2012-09-03,21.2891,27.6626,5.3293 
2012-09-04,20.4431,27.0892,11.3232 
2012-09-05,19.3576,26.7503,6.0534 
2012-09-06,20.2240,26.3134,0.5541 
2012-09-07,20.8677,27.9109,2.0851 
2012-09-08,15.7258,27.1114,39.9190 
2012-09-09,13.7973,18.2481,1.1836 
2012-09-10,14.9042,18.2782,0.1280 
2012-09-11,14.4581,22.3241,0.0172 
2012-09-12,16.1139,24.9679,0.0117 
2012-09-13,19.4401,26.1353,0.0052 
2012-09-14,14.8282,24.2034,4.5349 
2012-09-15,14.0049,18.2879,0.3355 
2012-09-16,13.4710,21.4535,0.0387 
2012-09-17,14.6131,23.1363,0.0257 
2012-09-18,14.4211,20.7985,14.9503 
2012-09-19,8.3144,15.3323,0.5464 
2012-09-20,9.6366,18.6945,0.0121 
2012-09-21,13.3140,19.1376,0.8744 
2012-09-22,11.2777,17.8526,33.5231 
2012-09-23,7.2490,12.3531,2.0040 
2012-09-24,5.6467,14.0923,1.1520 
2012-09-25,9.1778,20.0492,1.4197 
2012-09-26,15.6341,19.6378,21.1933 
2012-09-27,13.1062,18.0460,1.9979 
2012-09-28,11.8738,15.2130,0.1610 
2012-09-29,11.9997,16.8706,0.0479 
2012-09-30,11.5993,15.8619,0.0770 
2012-10-01,10.4269,15.8650,0.1290 
2012-10-02,12.1454,20.1222,11.7196 
2012-10-03,15.1433,18.3519,5.5861 
2012-10-04,14.3899,21.0986,0.0134 
2012-10-05,11.9583,19.4765,3.2328 
2012-10-06,5.2741,10.1969,20.0237 
2012-10-07,4.4489,8.2039,2.5201 
2012-10-08,2.7576,9.5483,0.0171 
2012-10-09,2.8783,13.4588,0.0014 
2012-10-10,7.2331,11.3492,1.8200 
2012-10-11,1.8900,12.4177,0.0074 
2012-10-12,5.5607,10.8628,0.1136 
2012-10-13,1.8859,18.0603,0.0355 
2012-10-14,16.2620,21.4182,4.6101 
2012-10-15,8.8872,17.6549,1.7597 
2012-10-16,5.7628,12.9205,0.0635 
2012-10-17,9.0048,20.5435,0.1340 
2012-10-18,11.9098,17.9139,2.9545 
2012-10-19,8.7932,13.1254,1.6245 
2012-10-20,7.3934,10.4238,2.9684 
2012-10-21,4.9662,13.6078,0.0242 
2012-10-22,9.2100,21.0823,0.0343 
2012-10-23,16.1369,19.4468,4.4050 
2012-10-24,15.4714,22.9476,1.4073 
2012-10-25,16.3014,23.7809,5.6005e-04 
2012-10-26,8.1513,21.3046,5.6326 
2012-10-27,6.7781,8.1400,21.9731 
2012-10-28,5.3448,7.8866,15.2920 
2012-10-29,4.3674,5.4268,33.5895 
2012-10-30,4.7660,9.2151,55.2618 
2012-10-31,3.9889,8.9327,19.6070 
2012-11-01,3.8912,6.1149,4.9420 
2012-11-02,1.9077,5.6185,0.6417 
2012-11-03,2.0286,4.3641,0.5961 
2012-11-04,1.2194,3.4021,0.4352 
2012-11-05,1.3350,3.0504,0.6239 
2012-11-06,-2.3192,6.9511,0.0403 
2012-11-07,0.0734,6.7518,6.2882e-05 
2012-11-08,2.9160,5.4022,0.0254 
2012-11-09,1.6016,11.6707,0.0036 
2012-11-10,6.7503,16.0491,4.3651 
2012-11-11,10.9195,17.8400,1.2944e-04 
2012-11-12,0.8203,17.6202,13.9914 
2012-11-13,-3.4258,1.8592,0.3908 
2012-11-14,-0.4110,4.8057,0.0048 
2012-11-15,0.7329,5.7403,2.2641e-04 
2012-11-16,3.0504,7.0474,7.0566e-04 
2012-11-17,3.7180,10.8377,7.3951e-10 
2012-11-18,2.5522,11.5023,8.6956e-05 
2012-11-19,3.1188,11.3687,4.4385e-04 
2012-11-20,6.9579,10.9067,0.0014 
2012-11-21,6.1964,13.1048,0.0044 
2012-11-22,6.7338,15.1902,0.0000 
2012-11-23,1.0172,12.3519,0.8443 
2012-11-24,-1.3329,1.4426,1.5150 
2012-11-25,-5.2759,3.6803,0.2610 
2012-11-26,-0.5309,3.4961,0.0191 
2012-11-27,-1.9109,1.4616,0.2647 
2012-11-28,-3.7633,2.9535,0.0013 
2012-11-29,-2.1689,7.2292,0.0013 
2012-11-30,1.1968,10.5482,2.1876e-05 
2012-12-01,4.1084,14.1984,1.7344e-06 
2012-12-02,10.5760,14.3438,8.7239 
2012-12-03,11.6970,16.6882,0.1607 
2012-12-04,7.4276,16.6527,9.9143 
2012-12-05,0.1133,8.1029,0.6290 
2012-12-06,-4.6481,5.7572,0.0306 
2012-12-07,3.3225,7.8250,1.8637 
2012-12-08,3.8221,10.3451,6.4699 
2012-12-09,1.4459,12.1080,1.0975 
2012-12-10,0.8653,13.1439,7.1208 
2012-12-11,-3.3228,0.9590,2.5866 
2012-12-12,-4.9388,3.8218,0.0530 
2012-12-13,-1.1785,6.1906,0.0020 
2012-12-14,-0.4130,6.9635,0.0044 
2012-12-15,1.7044,8.3671,0.4792 
2012-12-16,6.2072,12.9209,0.3448 
2012-12-17,4.8053,11.0109,0.0462 
2012-12-18,1.2504,4.2246,12.0146 
2012-12-19,1.6607,4.5378,1.3147 
2012-12-20,0.8735,9.3530,7.8979 
2012-12-21,-1.3705,9.7142,10.1014 
2012-12-22,-1.9820,-0.9114,0.9932 
2012-12-23,-6.8335,-0.1395,0.0043 
2012-12-24,-4.9040,1.0233,1.5128 
2012-12-25,-1.2853,0.3732,0.4442 
2012-12-26,-3.8396,-0.4502,12.3793 
2012-12-27,-2.4910,-0.5474,3.8913 
2012-12-28,-5.2989,-1.5842,0.0974 
2012-12-29,-4.3489,-0.4129,3.7749 
2012-12-30,-7.2105,-1.6003,0.6296 
2012-12-31,-7.8176,0.0837,1.4682 
2013-01-01,-5.5994,-0.3458,1.4405 
2013-01-02,-10.3627,-5.8833,0.0457 
2013-01-03,-11.7357,-4.2934,0.0056 
2013-01-04,-7.6330,-4.1742,0.1453 
2013-01-05,-7.9264,0.2784,0.0563 
2013-01-06,-0.7920,1.5222,0.4477 
2013-01-07,-3.2891,1.1442,0.1514 
2013-01-08,-3.2281,3.9943,6.8758e-06 
2013-01-09,0.6550,3.9320,1.0674 
2013-01-10,-1.7710,2.6375,0.0202 
2013-01-11,1.7697,14.2578,14.1301 
2013-01-12,9.1889,15.3938,0.0112 
2013-01-13,6.3111,17.1177,5.9695 
2013-01-14,-4.3975,4.9535,9.7374 
2013-01-15,-5.7182,-0.8547,0.0110 
2013-01-16,-2.4875,2.2090,0.0284 
2013-01-17,-2.2574,0.4482,0.0442 
2013-01-18,-9.1606,0.6777,0.2133 
2013-01-19,0.3698,8.1065,0.0091 
2013-01-20,-6.5667,8.3527,0.0691 
2013-01-21,-9.7698,-5.6446,0.8976 
2013-01-22,-13.8170,-9.8485,0.3731 
2013-01-23,-16.3791,-9.6884,0.3123 
2013-01-24,-11.8468,-7.3088,0.7798 
2013-01-25,-11.0983,-6.0810,3.6492 
2013-01-26,-9.1374,-5.0388,1.0585 
2013-01-27,-7.9444,-0.9343,0.0167 
2013-01-28,-1.3027,9.5978,5.8539 
2013-01-29,6.5848,14.9604,3.9324 
2013-01-30,11.5688,16.3699,6.2202 
2013-01-31,-6.5983,10.9035,2.9812 
2013-02-01,-11.1249,-6.1255,1.4149 
2013-02-02,-14.0488,-4.7546,4.6889 
2013-02-03,-8.8624,-4.7280,1.0562 
2013-02-04,-12.4683,-4.3638,3.2550 
2013-02-05,-7.4735,-2.5655,0.5816 
2013-02-06,-9.4885,-1.8282,1.2993 
2013-02-07,-5.8733,3.6775,0.0067 
2013-02-08,-4.1682,2.4868,3.8211 
2013-02-09,-7.7306,-2.1674,0.6051 
2013-02-10,-5.6160,8.3137,0.0097 
2013-02-11,1.6212,9.2576,0.1749 
2013-02-12,-3.1845,2.6189,0.0535 
2013-02-13,-5.7435,2.5483,0.0011 
2013-02-14,-2.5155,5.0899,0.0981 
2013-02-15,-2.2887,5.0273,0.6152 
2013-02-16,-8.3296,-2.7556,2.3662 
2013-02-17,-9.6865,-4.9660,3.4392 
2013-02-18,-10.5736,6.6529,0.0068 
2013-02-19,-5.3746,6.8755,5.1605 
2013-02-20,-9.2771,-6.0615,0.4032 
2013-02-21,-11.7159,-5.6444,0.3562 
2013-02-22,-8.8258,5.1005,1.7775 
2013-02-23,-2.2477,4.1095,0.1279 
2013-02-24,-7.2304,0.2687,0.1043 
2013-02-25,-3.0496,3.7013,0.0177 
2013-02-26,-2.2301,3.7573,17.7723 
2013-02-27,2.6777,7.5249,8.6614 
2013-02-28,-0.8161,2.0464,1.9808 
2013-03-01,-3.8066,-0.3913,0.2204 
2013-03-02,-7.3568,-3.4370,0.6668 
2013-03-03,-6.6638,-3.9166,0.8395 
2013-03-04,-8.8292,-1.4120,0.9613 
2013-03-05,-6.9089,2.4997,0.0126 
2013-03-06,-0.7288,3.8950,0.9861 
2013-03-07,-2.7364,1.2186,0.1545 
2013-03-08,-6.1212,1.9302,1.0128 
2013-03-09,-0.8378,10.0361,0.0279 
2013-03-10,6.8269,16.8174,0.2654 
2013-03-11,9.5844,15.3913,15.7157 
2013-03-12,0.2252,9.6226,7.3670 
2013-03-13,-2.6082,2.6873,0.5147 
2013-03-14,-6.7492,1.0641,0.0191 
2013-03-15,-3.5986,5.2798,0.2350 
2013-03-16,-1.9682,4.2052,5.9834 
2013-03-17,-4.7701,-1.2059,0.0234 
2013-03-18,-3.8553,8.9803,5.0902 
2013-03-19,-5.4803,9.1991,0.7126 
2013-03-20,-6.0436,-1.8300,0.4062 
2013-03-21,-10.0251,-1.2088,0.7146 
2013-03-22,-6.2177,1.1536,0.1400 
2013-03-23,-4.0262,2.1192,0.0685 
2013-03-24,-4.4239,1.6748,0.0155 
2013-03-25,-0.2766,1.3642,4.5135 
2013-03-26,-1.8338,3.6949,1.1778 
2013-03-27,-2.1630,5.1793,5.7810 
2013-03-28,-0.7727,6.5962,0.1099 
2013-03-29,0.8231,6.8426,0.0034 
2013-03-30,2.7960,11.7276,0.0029 
2013-03-31,7.3449,13.0154,0.0913 
2013-04-01,0.1336,12.7516,0.2153 
2013-04-02,-5.4212,2.8479,0.1036 
2013-04-03,-3.3714,2.5218,0.0011 
2013-04-04,-4.2186,10.6862,2.8363e-05 
2013-04-05,0.6884,10.0326,0.0122 
2013-04-06,-2.5459,11.8710,3.6825e-04 
2013-04-07,11.2316,18.6592,0.0237 
2013-04-08,6.1535,21.7603,0.0522 
2013-04-09,8.1214,22.9559,0.4169 
2013-04-10,11.8317,20.9363,23.1580 
2013-04-11,7.3648,18.5068,14.3955 
2013-04-12,6.4486,16.0324,11.6662 
2013-04-13,0.3199,6.2192,0.6226 
2013-04-14,1.8877,15.1271,0.0205 
2013-04-15,10.4871,19.2202,4.1744e-04 
2013-04-16,11.4435,17.3331,3.1815 
2013-04-17,7.5078,17.1727,2.0332 
2013-04-18,16.3734,26.8611,0.0153 
2013-04-19,5.4702,25.9015,6.6947 
2013-04-20,1.6483,6.2708,0.5834 
2013-04-21,-0.5576,8.5519,0.0022 
2013-04-22,4.8129,16.4921,0.0000 
2013-04-23,6.6003,20.4661,0.0336 
2013-04-24,2.5802,19.7292,17.9096 
2013-04-25,0.2415,9.6022,0.7639 
2013-04-26,3.3772,13.6780,0.0031 
2013-04-27,9.0723,19.9319,1.9889e-04 
2013-04-28,11.0011,19.5919,6.7008 
2013-04-29,12.6387,17.6826,2.2883 
2013-04-30,12.1348,23.0084,0.0125 
2013-05-01,13.4125,24.6729,1.0416e-05 
2013-05-02,12.7659,24.0372,0.0000 
2013-05-03,14.8783,22.7926,0.0000 
2013-05-04,12.2395,21.9791,0.0000 
2013-05-05,12.1044,21.0376,0.0000 
2013-05-06,10.9089,21.5591,1.0704e-04 
2013-05-07,13.7493,21.0196,0.0025 
2013-05-08,15.6957,19.3929,0.1661 
2013-05-09,15.4181,23.0663,0.1548 
2013-05-10,14.8074,22.7616,8.5195 
2013-05-11,7.1203,16.8962,5.5353 
2013-05-12,2.9435,14.6212,1.1902 
2013-05-13,2.2365,8.2695,0.2001 
2013-05-14,5.0286,21.7275,0.0520 
2013-05-15,18.3571,26.0885,0.1755 
2013-05-16,15.5953,24.5396,0.0217 
2013-05-17,12.4773,23.6629,0.0125 
2013-05-18,15.3932,24.8907,0.0099 
2013-05-19,17.8765,25.4701,0.0495 
2013-05-20,17.8132,28.8207,0.0292 
2013-05-21,21.1789,28.5138,0.0150 
2013-05-22,20.5477,27.1060,0.7182 
2013-05-23,8.8906,24.8828,10.0531 
2013-05-24,4.8403,8.9041,1.5316 
2013-05-25,5.1622,12.6779,0.0034 
2013-05-26,6.9436,15.0982,0.0019 
2013-05-27,11.4306,15.6470,1.4690 
2013-05-28,11.6198,26.4954,10.0146 
2013-05-29,20.6439,27.9703,0.8085 
2013-05-30,21.7454,28.8785,0.1453 
2013-05-31,21.5300,28.6372,3.5819 
2013-06-01,21.1398,27.2546,10.9984 
2013-06-02,18.1526,23.7455,22.8505 
2013-06-03,9.9151,18.8860,0.0922 
2013-06-04,11.6996,17.7261,0.0613 
2013-06-05,11.9706,22.3850,0.0653 
2013-06-06,15.9197,22.1069,11.0121 
2013-06-07,11.9075,16.2603,0.7495 
2013-06-08,12.2776,19.7587,0.0104 
2013-06-09,16.2743,24.4850,1.3843 
2013-06-10,19.7482,23.6273,13.9495 
2013-06-11,17.3865,23.8201,1.1886 
2013-06-12,17.9588,25.7166,0.4280 
2013-06-13,15.8359,25.5987,16.1281 
2013-06-14,13.2060,18.7037,0.0272 
2013-06-15,13.9838,23.6068,0.3525 
2013-06-16,18.4227,24.8102,7.3696 
2013-06-17,18.5203,26.5644,2.7620 
2013-06-18,16.6431,26.1640,0.8437 
2013-06-19,13.3796,20.7032,0.0032 
2013-06-20,15.8835,23.9104,3.7572e-05 
2013-06-21,19.5834,27.8748,2.4293e-04 
2013-06-22,21.7135,30.4808,0.1647 
2013-06-23,22.1281,29.7462,0.0822 
2013-06-24,21.4167,28.7123,0.0148 
2013-06-25,21.3080,29.6083,4.0995 
2013-06-26,18.4785,28.0100,33.7825 
2013-06-27,19.4840,27.8433,22.2883 
2013-06-28,19.0604,24.4944,5.0571 
2013-06-29,17.1086,21.0621,4.8897 
2013-06-30,16.9993,20.7133,1.3885 
2013-07-01,18.3109,22.2337,2.0610 
2013-07-02,17.8061,25.7445,0.6986 
2013-07-03,19.2676,27.1562,0.7047 
2013-07-04,18.4389,26.6562,1.8009 
2013-07-05,20.4173,23.9562,6.5984 
2013-07-06,20.8657,25.0898,1.2216 
2013-07-07,19.4461,24.8530,1.0545 
2013-07-08,18.8057,29.0089,1.7406 
2013-07-09,19.8056,27.8048,21.8706 
2013-07-10,20.7837,28.7787,45.4014 
2013-07-11,18.1870,21.0429,2.0255 
2013-07-12,17.2584,23.4652,0.0140 
2013-07-13,18.4071,26.4029,0.0495 
2013-07-14,20.6158,28.2350,0.0938 
2013-07-15,24.9646,29.8528,0.0671 
2013-07-16,25.2251,30.5810,0.0265 
2013-07-17,25.0102,30.7412,4.6080e-04 
2013-07-18,25.9909,31.3959,1.5723e-04 
2013-07-19,24.3542,31.6131,0.3269 
2013-07-20,21.8111,30.9543,23.3497 
2013-07-21,20.4494,25.8654,0.3556 
2013-07-22,18.6279,25.6579,9.2732 
2013-07-23,19.1353,27.2431,4.4249 
2013-07-24,15.3278,20.2885,0.5307 
2013-07-25,15.6208,21.1416,0.0435 
2013-07-26,17.2212,24.7632,0.0020 
2013-07-27,17.2599,24.5277,5.9836 
2013-07-28,12.1467,19.0590,1.3668 
2013-07-29,13.1449,20.2454,0.8293 
2013-07-30,15.7198,23.0852,6.7133e-04 
2013-07-31,19.9745,24.7195,0.4005 
2013-08-01,18.2421,23.8134,2.5168 
2013-08-02,16.1937,23.0049,1.8852 
2013-08-03,17.6314,22.1384,5.2261 
2013-08-04,17.3942,21.4102,1.7919 
2013-08-05,15.6639,21.0865,0.0136 
2013-08-06,17.0049,25.2508,0.1170 
2013-08-07,20.8986,28.3767,13.7498 
2013-08-08,18.8570,27.7747,5.1100 
2013-08-09,18.3926,22.6291,5.8362 
2013-08-10,19.0438,22.6121,0.0240 
2013-08-11,18.2535,24.5428,0.0300 
2013-08-12,19.6800,26.3939,0.0512 
2013-08-13,17.1405,23.3884,2.0624 
2013-08-14,13.4059,17.7867,0.0116 
2013-08-15,14.8760,20.3346,0.0172 
2013-08-16,16.4488,22.0319,0.0463 
2013-08-17,18.0449,23.8092,2.7099e-05 
2013-08-18,18.8403,24.5487,0.0702 
2013-08-19,18.1163,24.7983,0.0109 
2013-08-20,20.4687,26.9385,0.0306 
2013-08-21,21.4747,27.7482,6.5840e-06 
2013-08-22,20.4688,27.5583,1.6624 
2013-08-23,20.3311,25.7113,0.8006 
2013-08-24,17.5147,25.1059,0.0064 
2013-08-25,19.5477,27.7504,0.0029 
2013-08-26,19.7745,30.5680,0.0074 
2013-08-27,21.1105,29.4005,19.1228 
2013-08-28,20.5681,28.7037,3.3173 
2013-08-29,20.1137,26.7247,0.0807 
2013-08-30,22.9959,28.1228,0.0356 
2013-08-31,22.5585,27.2360,0.3112 
2013-09-01,20.4271,26.8999,1.3366 
2013-09-02,20.9989,26.4299,1.0729 
2013-09-03,14.5875,21.6241,0.0351 
2013-09-04,14.2989,23.4070,0.0317 
2013-09-05,16.7036,22.7651,1.6822e-04 
2013-09-06,13.0738,21.1798,0.0039 
2013-09-07,15.8383,26.5333,0.1011 
2013-09-08,19.2457,23.7834,0.1011 
2013-09-09,14.1567,28.3099,0.0401 
2013-09-10,23.6649,31.4836,9.1204e-04 
2013-09-11,24.0029,30.8656,0.0558 
2013-09-12,18.5421,29.4231,6.1140 
2013-09-13,13.3529,20.9908,11.4200 
2013-09-14,10.7430,16.2812,0.0319 
2013-09-15,12.2949,17.7996,0.0903 
2013-09-16,12.9356,17.3534,1.6003 
2013-09-17,9.8445,19.3652,0.0432 
2013-09-18,12.3544,20.4657,0.0288 
2013-09-19,14.8616,25.3976,0.0326 
2013-09-20,18.5784,26.7713,0.5940 
2013-09-21,16.5812,21.5718,44.9609 
2013-09-22,12.3029,16.4142,0.2799 
2013-09-23,10.0818,14.5474,0.0580 
2013-09-24,9.7166,17.7533,2.7060e-04 
2013-09-25,12.3926,19.2403,5.8328e-04 
2013-09-26,14.5688,20.4702,0.0035 
2013-09-27,14.1412,21.1513,4.5165e-04 
2013-09-28,13.3127,23.0737,0.0235 
2013-09-29,14.0419,21.4170,0.0500 
2013-09-30,16.0275,20.1728,0.5383 
2013-10-01,15.8662,23.0671,0.1836 
2013-10-02,16.5855,23.0931,2.7973e-06 
2013-10-03,19.1329,24.1626,0.6233 
2013-10-04,19.3557,25.9477,0.9554 
2013-10-05,19.4432,25.3436,5.2154 
2013-10-06,19.6783,24.1263,7.4282 
2013-10-07,7.9529,18.1299,36.2584 
2013-10-08,10.7527,16.9115,0.0286 
2013-10-09,10.7628,18.5538,1.5928e-05 
2013-10-10,10.2696,18.2275,7.7178e-04 
2013-10-11,13.0494,20.0464,0.0074 
2013-10-12,13.8548,22.2052,0.0074 
2013-10-13,16.7083,21.4039,0.0443 
2013-10-14,11.7604,16.2532,0.0285 
2013-10-15,10.5293,19.8007,0.0914 
2013-10-16,15.1528,18.4809,12.5741 
2013-10-17,8.5463,13.9215,3.8970 
2013-10-18,5.4018,14.8299,0.0543 
2013-10-19,5.6934,13.1123,6.6375 
2013-10-20,3.7851,12.5904,0.0596 
2013-10-21,8.3334,14.6143,0.1128 
2013-10-22,2.0313,11.8466,4.4263 
2013-10-23,3.4538,6.5531,2.0961 
2013-10-24,-1.0548,5.8108,0.5395 
2013-10-25,1.3806,6.7621,3.1871 
2013-10-26,0.4888,7.3901,0.0525 
2013-10-27,2.9385,8.9893,0.9385 
2013-10-28,5.4744,11.1060,0.0011 
2013-10-29,4.0775,12.4373,0.0233 
2013-10-30,7.4991,17.4664,0.0362 
2013-10-31,14.2972,17.3830,7.5386 
2013-11-01,9.1877,17.7724,12.0634 
2013-11-02,4.8027,9.9875,3.8335 
2013-11-03,3.3048,6.3685,0.8842 
2013-11-04,-1.1490,7.4716,0.0037 
2013-11-05,6.6734,13.5862,0.0031 
2013-11-06,8.8931,15.9547,2.5796 
2013-11-07,3.4969,14.6458,10.6606 
2013-11-08,0.1961,4.5626,1.3171 
2013-11-09,0.9090,11.2732,3.8970e-04 
2013-11-10,4.5062,11.3891,0.0042 
2013-11-11,0.5277,8.3238,2.3265 
2013-11-12,-1.8080,3.2211,6.8811 
2013-11-13,-6.5803,0.0945,0.5107 
2013-11-14,-2.3831,6.6644,8.1438e-04 
2013-11-15,2.9013,8.8775,2.1194e-05 
2013-11-16,4.0798,13.2045,0.0061 
2013-11-17,12.7860,17.5917,6.6841 
2013-11-18,2.8714,16.7582,8.2572 
2013-11-19,-0.3603,2.3526,0.0374 
2013-11-20,-3.2330,6.8167,8.1149e-04 
2013-11-21,3.2294,7.4540,2.0074 
2013-11-22,3.3184,9.3750,3.9134 
2013-11-23,-3.7919,2.5236,0.5089 
2013-11-24,-7.1822,-4.1779,0.3112 
2013-11-25,-9.8294,-0.2006,0.0913 
2013-11-26,-0.8446,0.5278,1.3511 
2013-11-27,-4.6024,-0.4707,2.2048 
2013-11-28,-8.1368,-2.1227,0.3089 
2013-11-29,-5.0612,-0.3340,0.4779 
2013-11-30,-4.9182,4.0327,0.1192 
2013-12-01,0.7962,5.5866,0.0026 
2013-12-02,1.2903,4.7914,0.0082 
2013-12-03,-0.0056,9.4241,0.1209 
2013-12-04,6.6487,12.7689,0.0014 
2013-12-05,3.5375,15.6497,0.1235 
2013-12-06,-3.6780,1.9567,4.4018 
2013-12-07,-6.3539,-3.7045,1.4790 
2013-12-08,-7.5099,-2.7341,0.4323 
2013-12-09,-3.8661,1.6397,0.5099 
2013-12-10,-9.9754,-4.2321,0.1674 
2013-12-11,-11.6841,-6.3630,0.6816 
2013-12-12,-14.6350,-6.9852,0.4931 
2013-12-13,-11.5670,-3.8513,0.0023 
2013-12-14,-4.9704,0.9419,9.4885 
2013-12-15,-8.0514,1.0360,3.8509 
2013-12-16,-12.6238,-6.0237,0.0755 
2013-12-17,-7.3601,-3.4182,3.3004 
2013-12-18,-6.6784,-4.3428,0.8835 
2013-12-19,-5.2288,4.9263,1.8517 
2013-12-20,3.6097,11.4319,5.2336 
2013-12-21,4.1723,13.9708,29.4745 
2013-12-22,3.5706,14.0556,25.6268 
2013-12-23,-2.2520,6.9563,0.3475 
2013-12-24,-13.1579,-2.0657,0.7722 
2013-12-25,-11.4758,-3.9002,0.1283 
2013-12-26,-3.8405,-2.4072,1.1919 
2013-12-27,-5.7447,2.5802,0.1646 
2013-12-28,1.2228,7.2066,4.3040e-04 
2013-12-29,2.8431,5.6421,1.0027 
2013-12-30,-10.3748,3.0729,1.7412 
2013-12-31,-9.0672,-6.7280,1.6796 
2014-01-01,-8.0463,-4.9828,5.4787 
2014-01-02,-8.4617,-5.2501,6.2498 
2014-01-03,-15.5221,-9.4058,0.9194 
2014-01-04,-14.5190,-0.6367,0.0110 
2014-01-05,-3.1591,4.7666,3.4990 
2014-01-06,-23.1441,7.1765,15.4072 
2014-01-07,-25.3792,-18.7653,0.0154 
2014-01-08,-18.6243,-7.0334,0.2884 
2014-01-09,-12.5682,-1.3746,0.1856 
2014-01-10,-1.7811,5.6359,3.3417 
2014-01-11,1.5195,10.2655,11.2625 
2014-01-12,-1.7834,2.7183,0.2326 
2014-01-13,1.7633,7.0359,0.1894 
2014-01-14,-2.0539,7.4279,1.3225 
2014-01-15,-5.8455,2.3191,0.3160 
2014-01-16,-10.4587,-1.8009,0.9378 
2014-01-17,-2.7744,1.4334,3.9993 
2014-01-18,-12.3959,-3.9723,2.4844 
2014-01-19,-8.3557,-3.3017,0.4960 
2014-01-20,-6.1493,0.5319,0.3218 
2014-01-21,-14.8014,-7.0222,0.4860 
2014-01-22,-18.5857,-12.3439,0.3096 
2014-01-23,-14.4354,-11.2845,1.8764 
2014-01-24,-18.4481,-9.9532,0.1916 
2014-01-25,-9.3549,-2.4402,11.3441 
2014-01-26,-15.5767,-1.4241,4.3194 
2014-01-27,-15.3900,-0.2501,4.6919 
2014-01-28,-24.5910,-16.1611,0.0521 
2014-01-29,-23.4232,-11.7124,5.1534e-04 
2014-01-30,-13.8035,-3.8657,3.4098e-06 
2014-01-31,-4.0936,-0.7053,0.1615 
2014-02-01,-2.4993,4.1733,3.7680 
2014-02-02,-4.6720,5.2281,4.3476 
2014-02-03,-9.5906,-4.9235,0.0179 
2014-02-04,-10.5187,-4.1527,0.0441 
2014-02-05,-7.4135,-4.0671,12.1416 
2014-02-06,-14.3332,-7.4721,1.0854 
2014-02-07,-20.0531,-8.7998,0.0993 
2014-02-08,-18.3555,-9.3435,0.0623 
2014-02-09,-10.2914,-7.0076,4.0594 
2014-02-10,-12.3182,-8.4449,0.2772 
2014-02-11,-14.6290,-10.8655,0.4682 
2014-02-12,-14.5739,-2.1182,0.1617 
2014-02-13,-8.0623,-2.8492,0.0101 
2014-02-14,-8.5943,-4.2265,0.5857 
2014-02-15,-9.8168,-6.1457,0.5766 
2014-02-16,-11.2054,-6.2347,2.1498 
2014-02-17,-14.1267,-1.9561,0.2088 
2014-02-18,-4.5409,3.7874,13.5930 
2014-02-19,1.4156,5.4500,0.1680 
2014-02-20,-2.1417,10.8856,6.6195 
2014-02-21,0.7671,10.9313,8.3962 
2014-02-22,0.1679,3.9892,0.1658 
2014-02-23,-3.2993,1.6604,0.7541 
2014-02-24,-10.3846,-3.7466,0.0234 
2014-02-25,-9.4088,-4.8574,0.1915 
2014-02-26,-13.3550,-5.5460,0.2282 
2014-02-27,-13.7766,-10.1640,0.3901 
2014-02-28,-18.2987,-3.5568,0.0310 
2014-03-01,-6.9281,4.0327,0.0151 
2014-03-02,-12.5548,-0.9317,4.5336 
2014-03-03,-17.4487,-11.6957,0.0583 
2014-03-04,-16.4188,-5.2092,0.0104 
2014-03-05,-10.4643,-6.6296,0.0440 
2014-03-06,-10.2460,3.2735,3.7761e-04 
2014-03-07,-4.2765,8.1468,4.4120e-04 
2014-03-08,-2.5291,6.9619,1.7831 
2014-03-09,-8.7047,1.9972,0.3201 
2014-03-10,0.9074,11.3986,0.0608 
2014-03-11,5.3792,12.1721,7.9008e-04 
2014-03-12,-8.7541,7.6860,26.4782 
2014-03-13,-16.3782,-7.1496,0.2278 
2014-03-14,-7.6009,9.9213,0.0322 
2014-03-15,-0.5061,9.1177,0.6467 
2014-03-16,-11.1723,0.2716,0.0760 
2014-03-17,-10.8721,2.9303,0.0078 
2014-03-18,-4.2701,11.0291,1.8054e-06 
2014-03-19,3.7052,9.7815,5.2016 
2014-03-20,-0.2724,8.9530,1.1058 
2014-03-21,-2.6400,10.1015,0.7793 
2014-03-22,2.9052,12.4592,0.1577 
2014-03-23,-9.0339,3.5085,0.0433 
2014-03-24,-9.0216,-1.4983,0.4583 
2014-03-25,-5.5069,-0.1545,0.4390 
2014-03-26,-10.1186,-2.6449,0.7695 
2014-03-27,-6.4175,6.8023,0.0741 
2014-03-28,7.2146,12.5031,0.9599 
2014-03-29,-1.6375,6.3218,5.8581 
2014-03-30,-3.6697,1.9845,2.9415 
2014-03-31,0.7868,12.6529,9.7013e-06 
2014-04-01,7.1016,16.6173,0.0351 
2014-04-02,3.1822,11.6558,0.0038 
2014-04-03,1.5350,9.5721,22.1691 
2014-04-04,9.8710,17.3406,10.1737 
2014-04-05,-1.3657,7.9755,0.3604 
2014-04-06,2.4319,11.6298,0.0000 
2014-04-07,6.0332,10.5409,10.0018 
2014-04-08,3.1962,10.7301,12.8479 
2014-04-09,1.0558,10.5493,0.0130 
2014-04-10,5.9886,18.7246,0.1003 
2014-04-11,10.8693,18.3195,11.4875 
2014-04-12,10.1888,21.5108,0.0026 
2014-04-13,16.3465,24.1325,0.0133 
2014-04-14,13.0758,23.9914,4.2949 
2014-04-15,-3.3483,11.8840,26.8344 
2014-04-16,-4.7717,5.8902,0.0956 
2014-04-17,0.4392,16.5300,3.5497e-04 
2014-04-18,7.3027,16.6843,0.0066 
2014-04-19,2.0220,14.2528,0.0136 
2014-04-20,5.7333,21.7157,4.0926e-05 
2014-04-21,11.6123,21.6951,0.0022 
2014-04-22,11.6270,21.3394,1.4734 
2014-04-23,3.5068,11.3418,0.0914 
2014-04-24,1.7869,14.1523,0.0053 
2014-04-25,8.2260,13.6230,4.6623 
2014-04-26,7.3152,12.4349,0.0359 
2014-04-27,0.3744,12.7855,2.0674e-04 
2014-04-28,7.6782,16.3117,5.9615 
2014-04-29,11.8344,18.8451,14.0135 
2014-04-30,11.4323,16.0612,23.1068 
2014-05-01,7.9858,15.9068,2.3158 
2014-05-02,5.6933,13.6872,0.1043 
2014-05-03,7.9460,14.8688,0.6115 
2014-05-04,7.7885,14.2433,0.6037 
2014-05-05,5.7486,13.4789,0.0502 
2014-05-06,6.4728,13.7885,0.0075 
2014-05-07,9.0929,22.1303,3.7649 
2014-05-08,18.7937,27.2728,0.0304 
2014-05-09,18.5738,26.9869,1.5380 
2014-05-10,16.2634,20.0712,2.8533 
2014-05-11,14.4479,23.4898,0.1092 
2014-05-12,17.3682,25.9941,17.4000 
2014-05-13,21.3719,27.2854,28.2641 
2014-05-14,14.1326,26.2853,4.5235 
2014-05-15,12.8559,18.1740,22.4836 
2014-05-16,3.4108,12.1176,0.2580 
2014-05-17,5.8466,10.4289,4.0979 
2014-05-18,6.6000,15.1906,0.3668 
2014-05-19,11.8738,18.6811,0.0011 
2014-05-20,14.5277,23.0712,0.5507 
2014-05-21,17.7137,24.2519,0.3699 
2014-05-22,15.1143,21.3271,0.3409 
2014-05-23,10.9488,19.0710,0.0101 
2014-05-24,13.2540,20.4212,0.0121 
2014-05-25,17.8882,24.1713,5.7785e-05 
2014-05-26,20.6544,26.9158,9.4333e-05 
2014-05-27,21.7366,27.2049,1.6458 
2014-05-28,18.9490,26.8958,2.1411 
2014-05-29,15.6417,20.0722,0.8955 
2014-05-30,14.3166,21.9308,7.0575e-04 
2014-05-31,16.5885,23.6534,7.8155e-05 
2014-06-01,16.4754,27.3657,3.8877e-05 
2014-06-02,22.0973,28.2584,0.1872 
2014-06-03,19.1750,27.4442,3.2632 
2014-06-04,14.2906,25.7185,9.4714 
2014-06-05,13.0384,18.0385,7.4394 
2014-06-06,12.8404,21.3365,0.0088 
2014-06-07,18.1016,24.6260,0.0288 
2014-06-08,14.1374,23.8812,12.8689 
2014-06-09,14.1572,20.0132,0.0266 
2014-06-10,17.0731,22.4894,0.1235 
2014-06-11,17.6679,25.6816,0.7551 
2014-06-12,17.9246,23.5629,1.0701 
2014-06-13,17.9473,23.5039,1.1416 
2014-06-14,12.6690,19.3115,0.0100 
2014-06-15,13.6947,26.7875,7.8247e-05 
2014-06-16,21.3524,26.9768,3.6647 
2014-06-17,22.9889,30.9076,0.2961 
2014-06-18,22.7674,30.4097,14.5519 
2014-06-19,18.8254,27.1590,20.2165 
2014-06-20,17.8565,24.0971,1.4741 
2014-06-21,17.1624,21.7671,5.7633 
2014-06-22,17.7290,24.9501,0.2086 
2014-06-23,19.7211,29.5819,4.3854 
2014-06-24,20.5483,29.1560,13.9578 
2014-06-25,18.7219,27.2027,55.0421 
2014-06-26,17.1883,22.6494,0.2667 
2014-06-27,19.3223,25.6330,0.0026 
2014-06-28,21.3420,29.2247,0.0027 
2014-06-29,21.6222,27.6031,5.0806 
2014-06-30,21.9849,28.0775,0.9981 
2014-07-01,22.4684,28.8973,0.7668 
2014-07-02,20.9111,28.3346,0.4090 
2014-07-03,17.3833,23.4346,0.1669 
2014-07-04,15.7440,19.7859,0.0138 
2014-07-05,17.0775,22.7185,0.0000 
2014-07-06,18.8318,25.9786,0.0263 
2014-07-07,21.0234,26.7525,0.3892 
2014-07-08,20.0863,24.3721,16.8885 
2014-07-09,16.6889,23.1156,3.6232 
2014-07-10,17.4824,22.9126,0.1090 
2014-07-11,18.5139,25.6969,0.0267 
2014-07-12,21.7688,28.7432,0.0045 
2014-07-13,22.4953,27.9505,3.4294 
2014-07-14,22.0826,27.0605,0.3458 
2014-07-15,17.9458,25.3701,1.6721 
2014-07-16,13.7564,19.1072,0.6435 
2014-07-17,14.6711,20.9520,1.3971 
2014-07-18,17.4377,23.5058,0.0218 
2014-07-19,16.2367,22.8472,6.5139 
2014-07-20,16.7225,23.7614,2.8623 
2014-07-21,19.3410,27.0637,0.0113 
2014-07-22,22.1392,30.6478,0.0013 
2014-07-23,20.6176,30.2051,2.8207 
2014-07-24,15.8918,20.2297,0.0269 
2014-07-25,15.8942,23.6920,0.0749 
2014-07-26,19.1774,26.3694,2.6482 
2014-07-27,18.6333,25.4106,12.7425 
2014-07-28,15.9548,18.4193,9.0970 
2014-07-29,13.4660,19.9074,0.0438 
2014-07-30,14.0905,21.3822,2.4208 
2014-07-31,14.7701,24.1807,3.3204 
2014-08-01,20.0596,25.5761,0.0277 
2014-08-02,16.5863,23.7867,10.9045 
2014-08-03,16.9832,24.5151,0.4504 
2014-08-04,20.1007,27.1823,0.0524 
2014-08-05,21.0336,26.6991,2.1110 
2014-08-06,17.7184,23.0225,0.4514 
2014-08-07,18.5486,24.1397,0.0040 
2014-08-08,18.8220,24.7625,3.5689e-05 
2014-08-09,18.1307,24.8157,4.9563e-05 
2014-08-10,18.2771,27.0792,0.0067 
2014-08-11,19.2495,26.4097,16.2546 
2014-08-12,19.5352,22.4129,19.7885 
2014-08-13,14.7833,20.5078,11.4684 
2014-08-14,16.3575,20.3411,0.0308 
2014-08-15,13.8906,19.3393,0.0117 
2014-08-16,15.2722,25.1208,0.0117 
2014-08-17,18.8171,24.8406,4.4988 
2014-08-18,18.0011,24.7880,0.0378 
2014-08-19,19.3040,27.6244,0.4593 
2014-08-20,19.7424,27.0106,32.3250 
2014-08-21,21.6429,27.2056,0.5807 
2014-08-22,21.8480,26.7756,0.2195 
2014-08-23,20.5688,25.4814,0.0138 
2014-08-24,18.7881,26.2799,0.0029 
2014-08-25,19.6416,26.2121,0.0050 
2014-08-26,20.4233,29.5636,2.4941 
2014-08-27,20.2509,28.9891,2.1911 
2014-08-28,16.2844,20.8138,0.0043 
2014-08-29,14.3518,25.5729,0.0030 
2014-08-30,20.9279,29.9593,0.0022 
2014-08-31,19.6017,27.5032,1.1514 
2014-09-01,21.0154,27.3785,0.0239 
2014-09-02,19.3419,23.9683,1.1197 
2014-09-03,19.6875,25.9056,0.0801 
2014-09-04,20.6909,28.4223,0.0026 
2014-09-05,20.9937,30.1050,0.0971 
2014-09-06,16.9165,28.3247,30.8916 
2014-09-07,16.4973,21.0046,0.0905 
2014-09-08,14.8492,24.0569,0.0081 
2014-09-09,18.0265,23.6601,0.0246 
2014-09-10,18.3481,25.3782,5.6962 
2014-09-11,15.4456,24.7891,29.8858 
2014-09-12,13.0745,15.9731,0.3799 
2014-09-13,11.9406,15.0682,0.3354 
2014-09-14,10.0304,16.5562,0.0150 
2014-09-15,11.8899,18.6352,0.9528 
2014-09-16,12.7456,15.8774,6.0746 
2014-09-17,11.4831,16.7749,0.0041 
2014-09-18,14.2027,17.4770,0.0018 
2014-09-19,11.0933,20.4515,0.0016 
2014-09-20,15.2891,24.7515,0.0120 
2014-09-21,15.6338,23.2400,3.3175 
2014-09-22,9.8760,14.7063,4.6245 
2014-09-23,10.4279,18.4656,0.0013 
2014-09-24,13.1812,22.2029,0.0000 
2014-09-25,12.6928,21.3213,9.0811e-06 
2014-09-26,16.5480,22.3360,1.7949e-06 
2014-09-27,16.5717,22.7680,0.0000 
2014-09-28,17.6494,22.1125,0.0000 
2014-09-29,17.2191,22.2057,6.3100e-04 
2014-09-30,14.0989,20.7989,7.9001 
2014-10-01,12.8403,18.8876,0.1150 
2014-10-02,13.9497,25.5760,0.0015 
2014-10-03,14.8603,23.2634,7.6848 
2014-10-04,4.7142,14.0962,3.2050 
2014-10-05,4.1521,11.0333,0.2132 
2014-10-06,8.0943,17.2464,0.8162 
2014-10-07,9.9382,15.5633,4.5616 
2014-10-08,10.7309,14.1987,1.0462 
2014-10-09,8.5467,13.1411,0.2451 
2014-10-10,8.5262,12.9845,1.7182e-08 
2014-10-11,8.3275,11.2359,0.0013 
2014-10-12,5.0784,17.7301,2.6939e-04 
2014-10-13,13.6090,23.7449,1.8941 
2014-10-14,19.2294,24.6638,0.6373 
2014-10-15,13.3578,19.1979,11.5744 
2014-10-16,11.1722,16.1296,9.6733 
2014-10-17,9.0346,16.6293,0.8774 
2014-10-18,7.6809,15.3665,3.3131 
2014-10-19,4.7032,9.7377,0.2187 
2014-10-20,7.2894,14.3468,4.7817 
2014-10-21,8.7726,11.6029,8.6083 
2014-10-22,7.9511,9.6897,2.2984 
2014-10-23,6.8709,10.8729,0.0651 
2014-10-24,8.1923,14.2955,0.0106 
2014-10-25,10.1924,18.4666,3.3408e-04 
2014-10-26,7.8941,15.8318,9.9273e-04 
2014-10-27,8.4411,21.2529,0.0028 
2014-10-28,15.7085,21.0954,0.9716 
2014-10-29,7.8523,14.9373,0.0603 
2014-10-30,5.5015,8.8744,1.5006 
2014-10-31,5.5824,7.5202,2.5153 
2014-11-01,3.2376,5.9213,15.3132 
2014-11-02,0.8359,4.9439,0.1768 
2014-11-03,0.6195,12.4498,0.0094 
2014-11-04,8.6679,16.5280,0.3213 
2014-11-05,5.9696,12.7713,2.2260 
2014-11-06,6.8367,10.9596,8.0370 
2014-11-07,1.7505,6.7679,5.6749 
2014-11-08,-0.4547,7.7668,0.1073 
2014-11-09,0.4001,8.4356,0.3558 
2014-11-10,5.5324,15.3699,2.4881e-04 
2014-11-11,11.4584,17.7192,0.0016 
2014-11-12,0.5911,14.9461,1.2165 
2014-11-13,-2.5965,1.2622,0.7300 
2014-11-14,-7.6020,-1.0803,1.2911 
2014-11-15,-6.6405,-1.1549,0.5022 
2014-11-16,-2.7255,1.2749,0.1905 
2014-11-17,-8.1190,-0.0332,6.2538 
2014-11-18,-12.9956,-8.6434,0.1433 
2014-11-19,-13.4346,-0.0255,0.3986 
2014-11-20,-9.6953,0.3406,0.1171 
2014-11-21,-9.9128,-5.5333,0.6931 
2014-11-22,-8.1209,6.1947,4.9373 
2014-11-23,5.5395,11.0739,3.0722 
2014-11-24,5.2632,15.4404,6.7767 
2014-11-25,0.1466,4.3084,0.1228 
2014-11-26,-2.8650,2.4049,0.0022 
2014-11-27,-1.6373,0.7549,1.4288 
2014-11-28,-7.8591,-1.6793,0.5305 
2014-11-29,-3.8878,5.1931,0.1469 
2014-11-30,5.0349,15.0572,0.0588 
2014-12-01,-2.3987,14.7763,1.6047 
2014-12-02,-4.6450,2.4254,0.7582 
2014-12-03,-3.5007,2.8114,0.1311 
2014-12-04,-3.5372,1.2687,0.0616 
2014-12-05,-1.3469,6.0057,0.9367 
2014-12-06,1.7479,5.6371,18.2990 
2014-12-07,-2.7751,2.8358,0.0083 
2014-12-08,-0.8098,4.9992,6.0136e-05 
2014-12-09,0.8772,4.3345,0.6295 
2014-12-10,-1.4470,2.6886,1.0126 
2014-12-11,-4.2424,1.2481,0.2233 
2014-12-12,-3.7706,2.0590,0.0086 
2014-12-13,-3.7146,3.8849,0.0131 
2014-12-14,2.2610,8.2433,0.0431 
2014-12-15,5.8210,9.1119,0.0229 
2014-12-16,4.9556,10.1529,6.3612 
2014-12-17,-1.3616,6.9158,0.8423 
2014-12-18,-4.6599,-0.8683,0.5304 
2014-12-19,-2.5481,-1.2500,0.9253 
2014-12-20,-3.6352,-1.2086,0.0172 
2014-12-21,-3.8105,1.0368,0.0156 
2014-12-22,-3.9687,6.7781,9.7945e-05 
2014-12-23,2.9659,10.8104,0.7812 
2014-12-24,9.6274,13.9063,1.6439 
2014-12-25,2.4774,11.8713,2.9501 
2014-12-26,-0.0782,7.7451,0.0088 
2014-12-27,4.5491,11.2378,0.0566 
2014-12-28,0.0644,9.5456,5.7150 
2014-12-29,-2.9965,0.1399,0.0405 
2014-12-30,-5.4026,-3.3817,0.0427 
2014-12-31,-11.7305,-5.5944,0.2507 
2015-01-01,-9.5466,-7.7565,3.5825e-05 
