Meteorological forcing data for the Large Basin Runoff Model.      
stc, 05,   <- lake basin, subbasin            
yyyy-mm-dd, Tmin(C), Tmax(C), Prec(mm)                             
2010-01-01,-8.5429,-4.1027,0.0669 
2010-01-02,-12.1074,-6.8875,0.0517 
2010-01-03,-15.0758,-7.2048,0.0518 
2010-01-04,-7.7730,-6.2438,0.4850 
2010-01-05,-8.3435,-5.2671,0.2177 
2010-01-06,-5.9155,-2.9918,0.1624 
2010-01-07,-5.3536,-3.4311,5.6366 
2010-01-08,-5.5268,-4.1424,7.8544 
2010-01-09,-9.5762,-5.1913,0.1227 
2010-01-10,-10.9057,-5.3165,0.0096 
2010-01-11,-10.5495,-5.8843,2.0078 
2010-01-12,-6.2986,-5.0554,1.0106 
2010-01-13,-8.9340,-2.9081,3.1753e-04 
2010-01-14,-3.2499,0.1052,2.1255e-04 
2010-01-15,0.1861,2.1321,0.0535 
2010-01-16,-4.6393,0.1926,0.0033 
2010-01-17,-2.4099,-0.3895,5.7364e-04 
2010-01-18,-6.2099,-0.6212,0.0010 
2010-01-19,-3.2664,-0.2885,0.0441 
2010-01-20,-4.2168,-0.9277,0.0719 
2010-01-21,-6.6662,-0.7997,2.8364e-04 
2010-01-22,-0.6122,0.7557,0.0455 
2010-01-23,-1.4020,1.8577,0.6255 
2010-01-24,2.0982,5.8305,10.7647 
2010-01-25,0.2180,6.9601,6.0659 
2010-01-26,-4.8556,-0.0096,2.8919 
2010-01-27,-8.4556,-1.0935,0.2024 
2010-01-28,-10.5992,-3.5701,0.4550 
2010-01-29,-14.8926,-8.8008,0.0170 
2010-01-30,-11.9493,-8.2511,0.0650 
2010-01-31,-11.1090,-4.2404,0.0198 
2010-02-01,-9.5074,-4.3607,0.0343 
2010-02-02,-5.0802,-2.5054,1.1847 
2010-02-03,-3.8848,-0.3409,1.9040 
2010-02-04,-5.0574,-0.8029,3.6904e-07 
2010-02-05,-3.3769,-0.4369,0.0115 
2010-02-06,-8.4952,-1.3369,0.0332 
2010-02-07,-8.9342,-3.0634,0.1305 
2010-02-08,-5.7807,-1.6562,0.0014 
2010-02-09,-7.8805,-1.9369,7.8973 
2010-02-10,-3.5383,-1.3662,12.2770 
2010-02-11,-6.6372,-3.9564,0.3185 
2010-02-12,-10.2129,-3.7062,0.1309 
2010-02-13,-6.8815,-3.6922,0.3034 
2010-02-14,-7.2465,-1.4381,0.3463 
2010-02-15,-7.7248,-2.5996,0.0510 
2010-02-16,-6.1066,-2.6918,1.0237 
2010-02-17,-5.6434,-0.0624,0.1774 
2010-02-18,-3.8699,-0.2969,0.0099 
2010-02-19,-6.3558,0.5030,9.1349e-04 
2010-02-20,-5.5942,0.3537,1.5074e-04 
2010-02-21,-2.0673,0.6388,3.9883e-04 
2010-02-22,-1.9381,0.6918,20.2080 
2010-02-23,-2.6216,-0.7026,0.2258 
2010-02-24,-3.1150,-0.7892,2.1910 
2010-02-25,-5.6189,-1.1407,1.3359 
2010-02-26,-6.1329,-2.4015,5.6426 
2010-02-27,-2.2353,0.2799,4.0998 
2010-02-28,-1.7522,0.9854,0.2294 
2010-03-01,-2.7250,0.6703,0.0321 
2010-03-02,-4.6075,-0.2126,0.0101 
2010-03-03,-5.4636,0.8334,0.0165 
2010-03-04,-3.9794,0.7962,4.9435e-04 
2010-03-05,-5.0995,0.9574,2.8554e-04 
2010-03-06,-3.1597,1.4212,1.3368e-04 
2010-03-07,-1.0559,5.0472,0.0000 
2010-03-08,0.9639,10.2051,3.4972e-04 
2010-03-09,3.7350,10.1099,3.7484e-04 
2010-03-10,3.3914,11.8400,0.4392 
2010-03-11,6.2767,13.8882,0.0462 
2010-03-12,6.7172,13.6837,2.5460 
2010-03-13,4.9796,10.5087,9.6002 
2010-03-14,2.7301,4.7172,7.9684 
2010-03-15,2.6691,8.9282,0.3609 
2010-03-16,1.7075,12.6358,3.1897e-09 
2010-03-17,4.2541,14.1079,0.0000 
2010-03-18,6.9071,17.1730,0.0000 
2010-03-19,5.7656,17.3770,1.9234e-06 
2010-03-20,1.5619,16.7427,8.8881e-06 
2010-03-21,-1.6391,8.6078,0.2504 
2010-03-22,1.4827,7.4486,2.3658 
2010-03-23,2.9373,10.6692,0.3374 
2010-03-24,2.3840,11.9824,3.1322e-05 
2010-03-25,-0.6974,9.2626,7.3369 
2010-03-26,-4.9728,0.6424,0.0068 
2010-03-27,-3.5120,5.3520,0.0127 
2010-03-28,2.9001,6.8669,11.5601 
2010-03-29,2.2156,6.9650,2.5262 
2010-03-30,-0.7190,10.3773,0.0135 
2010-03-31,5.4703,18.3277,0.0062 
2010-04-01,11.7252,24.1071,0.0073 
2010-04-02,13.2128,25.7826,0.0000 
2010-04-03,12.9576,24.8558,0.2688 
2010-04-04,8.7025,19.6612,0.0046 
2010-04-05,10.3799,22.3461,0.9404 
2010-04-06,11.0258,25.4354,1.9735 
2010-04-07,15.0827,24.7995,14.1346 
2010-04-08,6.9696,15.3959,25.0158 
2010-04-09,-1.5825,6.6313,0.0109 
2010-04-10,2.0420,17.1830,0.0048 
2010-04-11,8.0738,17.2493,0.0370 
2010-04-12,6.3721,14.0796,1.1629e-05 
2010-04-13,5.2376,12.7475,5.0469 
2010-04-14,6.6334,16.8434,0.0111 
2010-04-15,10.3212,27.4909,6.1215e-08 
2010-04-16,17.3675,26.2228,0.1720 
2010-04-17,4.1329,15.5765,0.1213 
2010-04-18,3.8104,11.0522,0.0107 
2010-04-19,3.1237,13.3731,2.4509e-04 
2010-04-20,5.0198,14.8988,0.0000 
2010-04-21,9.4309,18.0824,0.0901 
2010-04-22,3.0528,14.3532,0.0443 
2010-04-23,3.2897,13.6547,5.0353e-04 
2010-04-24,8.2124,15.8764,0.1451 
2010-04-25,10.2065,14.7872,13.1752 
2010-04-26,8.1163,12.9541,9.4874 
2010-04-27,2.5192,9.9329,9.2626e-05 
2010-04-28,2.7526,13.1667,0.0041 
2010-04-29,8.9391,16.3658,0.1773 
2010-04-30,13.1175,24.9457,0.0212 
2010-05-01,18.4334,24.6925,4.5269 
2010-05-02,16.8483,21.0680,7.7520 
2010-05-03,14.4242,20.5709,11.6655 
2010-05-04,12.5035,21.1815,0.1584 
2010-05-05,15.4616,24.5992,8.3771 
2010-05-06,9.7487,18.4909,0.5167 
2010-05-07,9.0409,17.8727,8.5247 
2010-05-08,6.2669,16.3141,9.8703 
2010-05-09,0.5309,10.0433,0.2261 
2010-05-10,3.6203,11.1916,0.0506 
2010-05-11,6.8076,10.6565,23.6340 
2010-05-12,6.6551,11.6599,6.7532 
2010-05-13,6.4962,20.8950,7.7716 
2010-05-14,13.0090,21.9070,1.8202 
2010-05-15,9.3181,16.6373,0.0031 
2010-05-16,8.2674,17.1171,3.7640e-05 
2010-05-17,11.5944,16.3463,4.6518 
2010-05-18,9.7731,13.8550,13.3636 
2010-05-19,7.6410,19.6092,0.0230 
2010-05-20,16.2428,25.4029,9.0891e-04 
2010-05-21,15.3096,24.6051,0.1540 
2010-05-22,15.4647,22.4647,5.6270 
2010-05-23,16.7225,24.5532,0.0151 
2010-05-24,16.5435,25.7997,7.8241e-04 
2010-05-25,18.5293,26.5650,0.0000 
2010-05-26,19.4746,27.8390,1.4309e-04 
2010-05-27,22.8983,27.4632,0.0728 
2010-05-28,18.3823,26.3130,0.0131 
2010-05-29,17.9570,25.1704,2.0570e-07 
2010-05-30,17.1200,27.6268,3.0867e-07 
2010-05-31,20.0527,29.8554,2.6004 
2010-06-01,18.1095,25.7609,4.5245 
2010-06-02,19.2471,26.1471,5.5915 
2010-06-03,15.2433,24.7140,0.1489 
2010-06-04,14.6213,25.5158,0.0276 
2010-06-05,18.2842,25.5640,3.7054 
2010-06-06,14.7294,20.8690,59.1103 
2010-06-07,10.4864,17.9971,0.5763 
2010-06-08,11.4552,18.4497,0.0170 
2010-06-09,13.6223,25.7653,4.2528 
2010-06-10,15.6136,24.4563,0.0384 
2010-06-11,15.1263,25.2400,0.0197 
2010-06-12,21.9081,29.5196,0.1403 
2010-06-13,17.9575,27.0692,0.4195 
2010-06-14,18.3034,25.2207,0.1573 
2010-06-15,18.3386,24.3550,0.0390 
2010-06-16,19.1636,24.7282,1.2185 
2010-06-17,15.3728,23.7842,0.0449 
2010-06-18,18.1575,28.5449,0.0227 
2010-06-19,23.2843,28.5121,2.2676 
2010-06-20,18.7388,27.0404,7.7626e-04 
2010-06-21,18.5588,26.0728,0.0045 
2010-06-22,18.8388,28.7242,3.8481 
2010-06-23,23.9769,31.0560,2.4769 
2010-06-24,22.3164,30.9136,7.8186 
2010-06-25,16.8534,25.6667,0.0234 
2010-06-26,20.2183,28.8182,0.0313 
2010-06-27,19.1918,30.2097,1.3918 
2010-06-28,20.0531,27.0074,0.0549 
2010-06-29,14.5996,25.3726,0.0077 
2010-06-30,12.8109,21.2197,0.0000 
2010-07-01,14.6501,20.9388,0.0000 
2010-07-02,14.7899,23.3696,0.0000 
2010-07-03,18.8461,26.9275,0.0000 
2010-07-04,21.8197,31.7850,2.8201e-04 
2010-07-05,24.1040,32.1326,0.0032 
2010-07-06,24.7618,32.6881,0.0075 
2010-07-07,26.1844,33.0488,0.0029 
2010-07-08,27.0371,32.6809,4.0333 
2010-07-09,22.4708,30.2769,6.3779 
2010-07-10,21.6300,27.0015,0.0532 
2010-07-11,22.7809,28.8748,0.3935 
2010-07-12,18.4164,27.9556,6.2180 
2010-07-13,19.5443,26.7380,0.2178 
2010-07-14,20.3308,28.1506,0.0240 
2010-07-15,23.1192,31.0675,3.0962 
2010-07-16,21.4999,30.6340,4.2100 
2010-07-17,22.7894,30.5717,0.3335 
2010-07-18,21.7503,31.2836,0.3991 
2010-07-19,20.9142,28.6657,9.9118 
2010-07-20,19.6572,26.2356,5.9516 
2010-07-21,20.7625,27.8024,0.3705 
2010-07-22,22.1214,27.5068,1.6889 
2010-07-23,18.9633,31.8724,28.5562 
2010-07-24,24.4051,31.6019,8.3176 
2010-07-25,20.8618,29.1673,22.7128 
2010-07-26,19.7379,25.4528,0.0350 
2010-07-27,22.0182,26.8633,0.0075 
2010-07-28,22.9031,30.4898,3.5394 
2010-07-29,18.3234,23.6812,1.9856 
2010-07-30,19.4629,24.4293,3.3657e-04 
2010-07-31,19.2033,25.1849,0.1051 
2010-08-01,19.4060,25.6281,0.0018 
2010-08-02,22.0184,26.7700,1.4796e-05 
2010-08-03,23.7739,28.4161,0.1448 
2010-08-04,24.6776,28.9378,0.0076 
2010-08-05,22.4207,28.8511,0.0976 
2010-08-06,19.8720,25.1767,7.7732e-05 
2010-08-07,16.6622,23.7242,5.9969e-06 
2010-08-08,21.5778,27.8943,0.0324 
2010-08-09,21.7256,28.5435,0.1535 
2010-08-10,21.3647,28.5295,1.0995 
2010-08-11,21.7748,27.9627,0.0018 
2010-08-12,20.4977,27.8728,0.6110 
2010-08-13,21.9040,27.5704,0.3002 
2010-08-14,23.7126,31.6609,0.1351 
2010-08-15,21.6680,30.9733,0.5605 
2010-08-16,19.4039,27.1766,0.1100 
2010-08-17,19.8423,26.7218,9.1433e-07 
2010-08-18,19.8502,26.3310,0.1947 
2010-08-19,21.5519,28.4292,0.0113 
2010-08-20,18.9362,26.0973,0.0763 
2010-08-21,20.3868,29.2610,7.0321 
2010-08-22,20.3487,22.8506,1.0694 
2010-08-23,19.6173,23.9841,0.1702 
2010-08-24,17.6218,22.7773,0.7291 
2010-08-25,18.1866,23.5130,0.3923 
2010-08-26,15.1371,23.2796,0.0054 
2010-08-27,15.4915,22.9004,0.0000 
2010-08-28,19.7479,25.1676,0.0000 
2010-08-29,21.1778,29.8459,5.2827e-07 
2010-08-30,24.2643,31.2288,0.0043 
2010-08-31,24.9111,30.4179,0.0205 
2010-09-01,23.1238,30.9722,0.0015 
2010-09-02,22.3207,28.6644,0.2769 
2010-09-03,17.8197,26.8995,5.7952 
2010-09-04,12.8074,18.9674,0.1559 
2010-09-05,11.0350,19.6754,0.0233 
2010-09-06,18.1573,25.6696,1.3661 
2010-09-07,20.5733,28.4721,0.0398 
2010-09-08,14.7866,24.6144,6.2067e-05 
2010-09-09,11.2603,19.0506,0.0066 
2010-09-10,12.8672,19.4897,0.0636 
2010-09-11,13.9765,20.1103,7.0885 
2010-09-12,11.8759,21.3490,1.2563 
2010-09-13,15.8514,23.7873,0.0100 
2010-09-14,14.5884,22.1033,0.0232 
2010-09-15,12.8004,18.5365,0.0838 
2010-09-16,15.3525,22.3884,21.8656 
2010-09-17,11.1604,18.1328,1.6764 
2010-09-18,14.7508,22.9961,0.4680 
2010-09-19,11.8550,18.7240,0.0390 
2010-09-20,10.1066,18.2180,0.0038 
2010-09-21,14.9089,28.8677,0.0000 
2010-09-22,19.1406,27.9392,8.0189 
2010-09-23,15.4505,28.5764,0.0039 
2010-09-24,23.5351,27.6592,0.0018 
2010-09-25,12.8198,22.4175,0.0064 
2010-09-26,9.4916,14.7623,0.0022 
2010-09-27,11.6466,15.8162,0.7916 
2010-09-28,12.3947,14.7371,30.5287 
2010-09-29,12.0095,17.5890,0.0906 
2010-09-30,15.4621,19.1168,0.0023 
2010-10-01,10.2402,16.1059,8.1958e-04 
2010-10-02,8.5311,14.2121,16.2148 
2010-10-03,6.7893,10.3186,7.9982 
2010-10-04,6.8371,12.3081,0.0488 
2010-10-05,9.1405,15.2600,0.1009 
2010-10-06,9.6527,18.2374,0.0423 
2010-10-07,10.7222,19.1348,0.0041 
2010-10-08,11.4262,22.8298,0.0000 
2010-10-09,14.7715,21.4864,0.0000 
2010-10-10,13.1094,25.1942,0.0000 
2010-10-11,15.5116,23.5891,0.0062 
2010-10-12,9.7601,16.7062,5.5163e-04 
2010-10-13,9.0305,15.0233,0.1446 
2010-10-14,8.7606,14.2554,18.9654 
2010-10-15,8.5432,13.0129,1.0220 
2010-10-16,7.2665,14.4500,7.5538e-04 
2010-10-17,9.7511,14.7842,0.0045 
2010-10-18,8.9932,13.3428,0.0096 
2010-10-19,6.0849,12.7803,0.0355 
2010-10-20,8.3971,16.5891,0.0400 
2010-10-21,5.9793,15.4078,5.9529 
2010-10-22,2.9742,11.7327,0.0082 
2010-10-23,9.5386,18.3685,0.4471 
2010-10-24,14.4241,22.3469,0.7468 
2010-10-25,15.8234,20.1979,0.1369 
2010-10-26,12.8995,21.5964,4.5161 
2010-10-27,11.7315,16.3877,0.0801 
2010-10-28,6.8541,15.5780,0.1798 
2010-10-29,3.8668,9.6271,0.0782 
2010-10-30,5.4244,11.8836,0.0011 
2010-10-31,2.8574,11.1924,0.0383 
2010-11-01,1.3215,6.0742,0.0021 
2010-11-02,2.6123,6.7336,0.0024 
2010-11-03,3.1340,7.8457,0.0803 
2010-11-04,3.7329,8.1807,0.4371 
2010-11-05,3.0479,6.7589,0.7878 
2010-11-06,-1.4416,4.7276,0.0797 
2010-11-07,1.1103,8.4657,0.0045 
2010-11-08,3.9484,11.1258,3.4699e-04 
2010-11-09,5.1372,10.8897,0.0000 
2010-11-10,5.1762,11.6102,0.0444 
2010-11-11,6.0438,11.8303,0.0186 
2010-11-12,7.1288,13.2248,0.0174 
2010-11-13,5.4895,13.8946,0.0915 
2010-11-14,4.5390,13.8254,1.9760 
2010-11-15,3.1504,8.3916,1.7214e-04 
2010-11-16,5.6136,9.6559,2.5683 
2010-11-17,5.8966,10.0777,19.7592 
2010-11-18,1.9017,7.9481,0.1033 
2010-11-19,0.4937,6.7280,0.0259 
2010-11-20,1.5511,7.2837,0.0000 
2010-11-21,0.9585,12.5513,0.0125 
2010-11-22,12.7437,15.2678,6.0946 
2010-11-23,0.3843,16.1235,11.2767 
2010-11-24,-2.3936,3.6225,0.0117 
2010-11-25,3.9519,11.2142,16.4703 
2010-11-26,-5.5753,8.5867,7.8443 
2010-11-27,-3.3930,1.2924,0.0423 
2010-11-28,-3.3888,1.4092,0.0208 
2010-11-29,1.4387,5.8455,8.7658e-04 
2010-11-30,5.1571,12.1213,17.0634 
2010-12-01,-3.8961,7.2647,3.3445 
2010-12-02,-4.6240,-1.6969,0.1519 
2010-12-03,-3.9688,-0.6478,0.0996 
2010-12-04,-2.8134,-0.2505,0.0852 
2010-12-05,-5.4230,-0.7479,0.1488 
2010-12-06,-4.1771,-2.2540,0.1537 
2010-12-07,-5.8048,-3.6036,0.0531 
2010-12-08,-6.7970,-3.3743,0.1287 
2010-12-09,-8.3695,-3.4067,0.0377 
2010-12-10,-3.4137,2.3787,1.2586 
2010-12-11,-1.0682,3.0418,0.0191 
2010-12-12,0.0923,3.0277,20.5277 
2010-12-13,-9.7216,-0.9440,3.1470 
2010-12-14,-11.6336,-7.9606,0.0462 
2010-12-15,-10.8928,-5.7413,0.0016 
2010-12-16,-11.2750,-5.9546,0.0040 
2010-12-17,-8.0802,-3.6010,0.0718 
2010-12-18,-10.1383,-4.9283,0.0308 
2010-12-19,-9.9429,-4.7477,0.1092 
2010-12-20,-7.4300,-3.4652,0.1035 
2010-12-21,-4.2464,-2.7494,0.0038 
2010-12-22,-4.5611,-0.8936,0.7362 
2010-12-23,-4.3929,-1.2494,0.0116 
2010-12-24,-6.7338,-3.1548,0.0485 
2010-12-25,-4.3736,-3.1870,0.1180 
2010-12-26,-6.4734,-3.3202,0.1055 
2010-12-27,-5.8646,-3.2224,0.0671 
2010-12-28,-9.0567,-3.8797,0.0043 
2010-12-29,-7.4916,-2.9448,9.5587e-04 
2010-12-30,-3.3234,2.7617,0.8223 
2010-12-31,2.7280,8.8543,1.3980 
2011-01-01,-0.0137,9.9898,6.1753 
2011-01-02,-9.4990,-1.2387,0.1869 
2011-01-03,-8.4215,-0.9841,0.0188 
2011-01-04,-2.6953,0.1980,0.2072 
2011-01-05,-7.9233,-2.0921,0.4020 
2011-01-06,-5.6804,-2.0035,2.6980 
2011-01-07,-9.7272,-3.4808,1.9529 
2011-01-08,-9.7752,-6.6810,1.0654 
2011-01-09,-11.7804,-5.1565,0.0117 
2011-01-10,-6.9576,-4.2451,3.3080e-04 
2011-01-11,-7.8676,-4.2550,9.1906 
2011-01-12,-6.0100,-4.2163,7.3973 
2011-01-13,-11.3465,-6.2366,0.3523 
2011-01-14,-10.6452,-6.7458,3.0204 
2011-01-15,-8.3880,-2.9693,2.9249 
2011-01-16,-12.9066,-3.6177,0.0831 
2011-01-17,-13.7660,-4.3468,0.0071 
2011-01-18,-3.5633,1.9058,2.3872 
2011-01-19,-6.3599,-0.1515,0.3475 
2011-01-20,-10.3687,-6.0903,0.8913 
2011-01-21,-11.8797,-6.5461,0.8153 
2011-01-22,-17.6574,-11.3767,0.3630 
2011-01-23,-13.2453,-9.7237,1.0109 
2011-01-24,-15.7802,-5.5642,1.4315 
2011-01-25,-5.2793,-1.2511,0.2560 
2011-01-26,-4.8254,-1.5592,0.0255 
2011-01-27,-6.2379,-2.0344,2.3238 
2011-01-28,-6.6130,-1.9560,3.1397 
2011-01-29,-7.4164,-2.8499,4.3328 
2011-01-30,-5.8228,-3.1938,0.0466 
2011-01-31,-12.8017,-5.3965,0.0129 
2011-02-01,-10.4602,-7.1192,1.4191 
2011-02-02,-7.7474,-2.8503,18.9265 
2011-02-03,-13.3325,-6.2339,0.1198 
2011-02-04,-15.0894,-8.5162,0.0000 
2011-02-05,-10.5142,-5.2992,13.5063 
2011-02-06,-10.8800,-2.3326,2.2054 
2011-02-07,-2.6647,-0.9262,1.7062 
2011-02-08,-12.9009,-2.9382,0.4086 
2011-02-09,-14.1338,-10.0270,0.0240 
2011-02-10,-18.4683,-10.2602,0.0792 
2011-02-11,-18.8042,-7.2757,0.1414 
2011-02-12,-7.1789,-1.9995,0.4732 
2011-02-13,-2.8206,2.4944,0.9526 
2011-02-14,-0.4665,3.0263,0.0605 
2011-02-15,-7.2446,-1.2950,5.9380e-04 
2011-02-16,-4.8719,2.3933,0.0023 
2011-02-17,2.2918,8.3868,5.8107e-04 
2011-02-18,4.6462,12.2447,1.2071e-04 
2011-02-19,-4.3362,3.6865,0.0000 
2011-02-20,-5.9700,-0.2136,5.6456 
2011-02-21,-7.2090,-1.8785,21.9319 
2011-02-22,-10.6437,-7.5613,9.8792e-04 
2011-02-23,-9.6451,-4.8151,0.0380 
2011-02-24,-5.2512,0.8391,1.1882 
2011-02-25,-3.2737,-0.8469,8.0014 
2011-02-26,-6.1008,-1.1520,1.6042 
2011-02-27,-3.1405,1.0162,1.0403 
2011-02-28,-1.1760,1.6802,23.5165 
2011-03-01,-6.2363,1.5658,9.9972e-05 
2011-03-02,-4.6536,1.8293,4.2253e-04 
2011-03-03,-11.3444,-3.0011,0.0024 
2011-03-04,-3.0541,6.2648,2.8376 
2011-03-05,0.0807,8.5790,27.6780 
2011-03-06,-4.7651,-0.4419,5.5325 
2011-03-07,-9.1997,-3.7328,0.0018 
2011-03-08,-5.0376,1.8506,0.0000 
2011-03-09,1.0755,7.0299,14.8341 
2011-03-10,2.2831,8.1009,4.1826 
2011-03-11,-0.3868,2.6053,10.8425 
2011-03-12,-2.3971,4.6464,0.0505 
2011-03-13,-0.9065,3.5264,0.0521 
2011-03-14,-4.3193,1.3184,0.0849 
2011-03-15,-2.9102,3.7341,0.5723 
2011-03-16,3.4507,10.1381,2.1903 
2011-03-17,4.8625,15.1209,0.0018 
2011-03-18,8.7931,16.2524,0.0016 
2011-03-19,-0.6528,9.5809,0.0000 
2011-03-20,-2.1807,7.7070,0.0318 
2011-03-21,6.9290,13.4775,17.4017 
2011-03-22,-0.2573,9.7938,0.7872 
2011-03-23,-1.6401,3.0765,13.2381 
2011-03-24,-4.1030,-1.6996,0.2599 
2011-03-25,-7.5103,-2.3722,0.0112 
2011-03-26,-7.8764,-2.5213,0.0461 
2011-03-27,-7.3737,-0.7192,0.0034 
2011-03-28,-7.4714,1.1227,0.0016 
2011-03-29,-3.2262,3.6778,2.9566e-04 
2011-03-30,-2.8452,3.3738,0.0066 
2011-03-31,-2.4745,4.6246,0.0389 
2011-04-01,0.7263,6.4880,3.2772e-04 
2011-04-02,0.2210,7.6953,0.1081 
2011-04-03,1.5472,6.2034,1.7679 
2011-04-04,4.8865,16.4754,8.7438 
2011-04-05,0.0370,7.9539,0.4684 
2011-04-06,1.6396,6.6112,21.8306 
2011-04-07,0.1020,8.6797,3.0732 
2011-04-08,3.4411,7.2591,9.7268 
2011-04-09,1.9074,10.2797,0.0148 
2011-04-10,5.4731,23.4744,0.0248 
2011-04-11,13.8986,22.7779,0.5344 
2011-04-12,3.7755,13.3905,8.9205e-04 
2011-04-13,2.9187,14.6492,2.3828e-07 
2011-04-14,4.2379,13.9459,0.0234 
2011-04-15,2.6422,10.4291,0.0375 
2011-04-16,8.6883,14.7349,12.3204 
2011-04-17,2.3498,9.6415,0.3843 
2011-04-18,-0.8652,6.6397,3.7120 
2011-04-19,-0.3402,4.7748,1.3958 
2011-04-20,4.5634,9.8220,14.2178 
2011-04-21,-1.0344,8.0818,0.0376 
2011-04-22,1.9312,7.4846,4.0044 
2011-04-23,6.7945,18.3291,23.2848 
2011-04-24,6.0752,16.1954,0.9978 
2011-04-25,8.0487,12.7580,14.9375 
2011-04-26,7.7163,20.0639,3.8013 
2011-04-27,14.5748,20.0911,13.0078 
2011-04-28,7.9504,16.6181,4.9556 
2011-04-29,3.6022,12.8215,2.2050 
2011-04-30,4.0197,12.4293,0.0133 
2011-05-01,9.2270,19.3669,3.1608 
2011-05-02,7.1103,19.0924,0.0640 
2011-05-03,4.8520,13.3608,11.0225 
2011-05-04,4.0587,11.4671,0.1814 
2011-05-05,6.5897,15.9986,0.0528 
2011-05-06,9.4942,15.6168,2.2711 
2011-05-07,10.3225,16.1994,0.0130 
2011-05-08,9.3006,16.2994,0.0109 
2011-05-09,7.8559,16.0208,0.0073 
2011-05-10,11.2782,18.9596,2.1778 
2011-05-11,12.3818,23.1962,0.0549 
2011-05-12,15.0739,27.3653,2.6392 
2011-05-13,18.0890,26.2652,3.2085 
2011-05-14,13.6256,21.8046,1.5913 
2011-05-15,8.2384,14.9496,25.1956 
2011-05-16,5.8318,7.9969,19.2781 
2011-05-17,6.4277,13.1040,3.3916 
2011-05-18,11.5432,18.1481,7.4731 
2011-05-19,10.7690,18.6105,0.5845 
2011-05-20,13.5257,21.4667,4.4233e-04 
2011-05-21,14.5982,23.0727,0.0069 
2011-05-22,17.3940,27.4417,4.8814 
2011-05-23,17.6876,26.6553,3.3218 
2011-05-24,15.9856,21.3543,2.5089 
2011-05-25,10.3307,19.5221,29.5826 
2011-05-26,10.2141,19.3787,33.4071 
2011-05-27,8.4191,14.9167,4.7587 
2011-05-28,12.8642,19.5023,0.3465 
2011-05-29,16.1952,25.1808,7.6058 
2011-05-30,21.2412,28.2710,0.4487 
2011-05-31,22.5975,30.2963,2.2461e-05 
2011-06-01,21.4286,29.4629,0.0105 
2011-06-02,13.9519,21.8981,0.0096 
2011-06-03,12.5954,19.6437,1.4464e-05 
2011-06-04,15.2149,31.6964,0.0631 
2011-06-05,18.0219,29.1011,0.0361 
2011-06-06,17.9706,26.3741,0.1148 
2011-06-07,19.8164,33.6650,0.7840 
2011-06-08,24.7506,33.0745,0.0392 
2011-06-09,22.5702,32.1853,3.0219 
2011-06-10,12.5475,21.4488,5.5325 
2011-06-11,15.2841,23.3523,0.5309 
2011-06-12,12.1994,23.4403,0.6301 
2011-06-13,13.2716,21.5701,4.7123e-04 
2011-06-14,12.6333,20.7578,5.3595e-04 
2011-06-15,15.4594,21.3905,0.0022 
2011-06-16,16.1357,24.1291,4.2751 
2011-06-17,17.6410,24.1773,0.0215 
2011-06-18,19.4445,25.1902,1.5853e-05 
2011-06-19,17.5997,24.0598,8.7150e-04 
2011-06-20,17.6583,25.8857,1.6833 
2011-06-21,19.1755,27.8291,11.3306 
2011-06-22,19.6033,26.5639,34.5607 
2011-06-23,19.2968,22.6778,2.2751 
2011-06-24,17.3034,21.1683,4.1411 
2011-06-25,14.6700,23.7749,0.0118 
2011-06-26,18.5632,23.7248,0.0181 
2011-06-27,17.5508,23.9789,0.0088 
2011-06-28,19.2905,23.5958,0.0076 
2011-06-29,15.5791,22.9558,5.7707e-08 
2011-06-30,18.3967,25.8929,0.0000 
2011-07-01,20.0445,28.0461,0.0025 
2011-07-02,20.7124,33.3674,0.7012 
2011-07-03,21.1369,29.5489,32.7825 
2011-07-04,20.9625,26.4817,0.0072 
2011-07-05,20.4070,28.5413,0.0000 
2011-07-06,24.0955,29.1665,0.0720 
2011-07-07,19.0734,25.9419,0.0031 
2011-07-08,20.4212,27.2687,0.6543 
2011-07-09,20.3375,27.2058,2.8958e-04 
2011-07-10,22.1972,29.1112,0.0000 
2011-07-11,24.1497,33.2858,9.7862 
2011-07-12,21.7519,32.7651,0.1417 
2011-07-13,17.9039,28.3673,0.0836 
2011-07-14,17.0977,24.5670,0.0266 
2011-07-15,20.3769,27.3860,0.0696 
2011-07-16,21.7612,29.1550,0.0093 
2011-07-17,23.6165,30.2268,2.7569e-05 
2011-07-18,24.0351,33.1093,0.6054 
2011-07-19,21.7486,30.9343,14.1765 
2011-07-20,24.0198,31.9996,1.0941e-04 
2011-07-21,27.3127,34.5699,0.0013 
2011-07-22,24.4167,33.9398,1.5203 
2011-07-23,23.3529,32.2859,0.7625 
2011-07-24,21.5179,28.3556,2.1400 
2011-07-25,21.5166,28.2008,3.4305 
2011-07-26,22.4168,27.6529,1.2507e-04 
2011-07-27,18.9920,26.2601,0.0871 
2011-07-28,22.8479,30.8812,47.5510 
2011-07-29,21.9318,30.6348,13.7271 
2011-07-30,22.6580,28.1411,0.0031 
2011-07-31,24.3898,30.7536,6.4937e-05 
2011-08-01,23.0301,31.1856,0.0592 
2011-08-02,23.4195,30.2229,0.0604 
2011-08-03,21.7006,27.9129,4.9160 
2011-08-04,19.6499,25.6316,0.2440 
2011-08-05,21.2291,27.1372,4.6015e-04 
2011-08-06,22.2804,28.3387,0.7716 
2011-08-07,20.7037,27.9447,1.1613 
2011-08-08,19.8506,25.4613,0.6796 
2011-08-09,18.4503,25.4126,23.0189 
2011-08-10,17.8796,23.1282,0.5883 
2011-08-11,15.9395,24.6662,0.0261 
2011-08-12,20.5453,25.1235,0.0011 
2011-08-13,21.4868,26.4099,0.0197 
2011-08-14,17.7735,25.7406,6.8309 
2011-08-15,18.2864,23.6547,0.2267 
2011-08-16,18.5035,25.0544,3.5100e-08 
2011-08-17,21.3989,25.6525,1.8854e-04 
2011-08-18,22.1496,26.5047,1.0505 
2011-08-19,20.5845,25.9117,0.2387 
2011-08-20,22.6813,27.0005,0.8174 
2011-08-21,17.7528,23.1939,4.0514 
2011-08-22,14.4738,22.4321,0.0022 
2011-08-23,18.4462,24.0547,0.1042 
2011-08-24,18.8318,28.9024,6.1782 
2011-08-25,17.6798,25.8774,7.9422 
2011-08-26,17.1993,23.1305,2.9233e-04 
2011-08-27,19.2748,24.6186,0.0109 
2011-08-28,17.7036,21.9623,2.3892e-04 
2011-08-29,17.1717,22.6741,7.3842e-05 
2011-08-30,19.2448,22.8295,0.0036 
2011-08-31,20.0664,24.2687,0.0418 
2011-09-01,19.7191,28.3975,0.0831 
2011-09-02,24.0268,29.8485,6.1430e-05 
2011-09-03,24.6432,30.3354,0.4442 
2011-09-04,20.4839,29.5204,16.4207 
2011-09-05,14.9714,21.1183,1.0698 
2011-09-06,12.1484,17.0905,0.0985 
2011-09-07,13.2567,16.9338,21.6449 
2011-09-08,15.9243,20.6880,21.5668 
2011-09-09,15.9872,21.2176,3.0708 
2011-09-10,17.7914,22.4438,31.5027 
2011-09-11,17.1948,23.1097,4.8766 
2011-09-12,17.5674,25.6970,0.3084 
2011-09-13,20.3933,25.7165,0.3134 
2011-09-14,13.2234,22.6995,1.7243 
2011-09-15,8.6207,14.0742,4.7038 
2011-09-16,10.3479,13.4669,0.0077 
2011-09-17,11.1855,16.3479,0.0000 
2011-09-18,13.0088,18.1080,4.8352e-04 
2011-09-19,15.5546,19.2998,27.4086 
2011-09-20,14.3897,18.6724,0.5484 
2011-09-21,14.4063,21.3446,0.2230 
2011-09-22,15.1103,20.4546,0.0877 
2011-09-23,12.8656,19.1488,22.9746 
2011-09-24,10.8423,17.2893,0.1398 
2011-09-25,14.1377,20.5725,0.1518 
2011-09-26,17.0424,20.9584,13.3852 
2011-09-27,14.8914,18.1566,1.2568 
2011-09-28,14.6954,17.1174,1.7629 
2011-09-29,11.6119,16.1248,6.3533 
2011-09-30,7.9472,15.2877,6.6925 
2011-10-01,7.5581,10.5377,13.2066 
2011-10-02,7.2182,12.9778,0.2163 
2011-10-03,8.6033,14.1567,2.6504 
2011-10-04,10.9487,19.0662,0.0106 
2011-10-05,15.9488,19.7138,1.9091e-04 
2011-10-06,13.3295,19.9789,0.0246 
2011-10-07,13.5134,21.9514,0.0138 
2011-10-08,15.6670,22.5478,0.0229 
2011-10-09,17.5804,22.8171,0.0182 
2011-10-10,17.6719,22.7149,0.0033 
2011-10-11,15.8136,21.7540,3.4819e-04 
2011-10-12,14.3058,18.9849,9.0036 
2011-10-13,13.5772,17.0047,1.2749 
2011-10-14,11.4805,15.5796,4.2653 
2011-10-15,8.0515,11.4109,3.8874 
2011-10-16,9.5020,14.8942,1.0084 
2011-10-17,7.5708,12.8655,0.0249 
2011-10-18,6.7879,11.7039,0.4472 
2011-10-19,8.1920,13.6631,35.5115 
2011-10-20,6.2932,12.3997,22.8108 
2011-10-21,5.4555,9.6412,0.8905 
2011-10-22,4.8203,10.2589,0.0348 
2011-10-23,8.5856,13.9490,0.0000 
2011-10-24,10.7616,13.7387,3.3305 
2011-10-25,7.3593,15.0695,0.5290 
2011-10-26,10.1291,15.6946,2.8093 
2011-10-27,4.0884,9.7030,5.1734 
2011-10-28,4.2508,7.9018,0.0386 
2011-10-29,5.6038,7.6283,0.2405 
2011-10-30,3.8395,8.8078,0.0106 
2011-10-31,7.9617,8.8432,0.9872 
2011-11-01,6.8340,11.6331,0.0218 
2011-11-02,8.3933,14.5881,3.1153e-04 
2011-11-03,8.2172,14.0743,4.0668e-05 
2011-11-04,3.3392,8.7164,2.2691e-12 
2011-11-05,3.0381,8.2263,0.0000 
2011-11-06,6.3291,13.5435,0.0000 
2011-11-07,10.0394,14.4608,0.1931 
2011-11-08,11.0918,17.0984,3.3835 
2011-11-09,13.4142,16.6230,3.4827 
2011-11-10,3.8074,10.9012,0.3295 
2011-11-11,0.0455,4.6313,0.0079 
2011-11-12,3.9011,12.9229,1.3786e-05 
2011-11-13,10.1039,15.4486,0.0014 
2011-11-14,8.3039,15.9913,21.3577 
2011-11-15,7.2695,11.6315,0.1089 
2011-11-16,4.2542,10.8410,4.5340e-05 
2011-11-17,-0.2823,3.4636,0.0451 
2011-11-18,-2.4476,5.8136,0.0472 
2011-11-19,4.9287,9.2920,0.0191 
2011-11-20,6.7489,13.1578,0.0102 
2011-11-21,0.3526,5.7266,3.3723e-05 
2011-11-22,0.6933,5.7393,13.7228 
2011-11-23,2.9006,6.5819,30.8272 
2011-11-24,1.3337,7.5644,0.0050 
2011-11-25,5.2936,10.5323,8.2352e-06 
2011-11-26,7.8554,12.7758,0.0027 
2011-11-27,7.8846,12.9234,18.2263 
2011-11-28,1.5793,6.7927,2.1748 
2011-11-29,4.0158,5.4670,62.7879 
2011-11-30,-1.0224,3.8445,5.3050 
2011-12-01,-1.6273,2.8223,1.8663e-04 
2011-12-02,-0.5884,2.5468,0.9321 
2011-12-03,1.4467,7.7165,0.0298 
2011-12-04,5.7223,9.3035,11.1288 
2011-12-05,1.7195,9.3605,17.4975 
2011-12-06,0.5791,1.9488,6.8085 
2011-12-07,-3.7665,1.4068,0.1533 
2011-12-08,-4.8652,0.4606,0.0342 
2011-12-09,-2.2961,0.0880,0.5532 
2011-12-10,-8.1027,-3.0360,7.7363e-05 
2011-12-11,-8.0789,-0.0953,0.0000 
2011-12-12,-1.9944,1.4194,8.9345e-09 
2011-12-13,0.0312,3.5414,0.0680 
2011-12-14,2.2785,9.1909,15.6770 
2011-12-15,6.2055,13.9929,12.0170 
2011-12-16,-0.9017,5.2590,0.0979 
2011-12-17,-3.7727,-0.1333,1.3278 
2011-12-18,-2.4443,0.9439,0.2169 
2011-12-19,0.9402,7.7420,0.0610 
2011-12-20,-1.8721,6.6055,0.0710 
2011-12-21,1.5389,8.9883,4.9848 
2011-12-22,2.4863,6.8224,0.0909 
2011-12-23,-3.1134,4.3955,0.9542 
2011-12-24,-2.8643,0.4843,0.4931 
2011-12-25,-0.6196,5.0195,0.0488 
2011-12-26,-2.9112,3.7564,3.9735e-04 
2011-12-27,0.2303,3.1830,9.7094 
2011-12-28,-5.8136,0.7571,0.9562 
2011-12-29,-5.0034,2.5767,1.2028 
2011-12-30,0.0751,5.7321,5.2930 
2011-12-31,2.6256,7.4280,3.9003 
2012-01-01,1.4507,6.6895,0.8865 
2012-01-02,-3.3264,0.7114,0.6299 
2012-01-03,-8.9343,-3.4659,0.0904 
2012-01-04,-7.7801,0.4344,0.0060 
2012-01-05,-3.7714,1.5011,0.0019 
2012-01-06,1.2885,8.2408,3.4954e-04 
2012-01-07,0.9404,6.4557,2.4696e-04 
2012-01-08,-1.3238,3.7320,0.0041 
2012-01-09,-0.4839,3.6500,2.6116e-05 
2012-01-10,0.6683,5.1264,0.0012 
2012-01-11,1.1219,5.8382,0.0331 
2012-01-12,3.2252,4.5941,6.7387 
2012-01-13,-5.2112,2.8905,3.3740 
2012-01-14,-7.5529,-4.5792,1.2881 
2012-01-15,-12.0901,-5.2646,0.2367 
2012-01-16,-6.3149,2.8622,0.1542 
2012-01-17,1.4189,10.2209,26.7058 
2012-01-18,-8.0282,0.4992,0.5418 
2012-01-19,-8.0626,-3.4163,0.8449 
2012-01-20,-14.6023,-9.0395,0.3494 
2012-01-21,-8.8886,-4.7114,5.2499 
2012-01-22,-7.2406,2.5359,0.1057 
2012-01-23,2.6978,10.7198,7.4711 
2012-01-24,-2.7907,3.5579,0.1609 
2012-01-25,-4.3074,-0.0066,0.0619 
2012-01-26,-1.9865,1.3803,1.2892 
2012-01-27,0.0166,2.6186,6.2021 
2012-01-28,-1.5095,1.8029,1.9886 
2012-01-29,-3.6380,-0.7585,1.8395 
2012-01-30,-6.5770,1.5323,0.0586 
2012-01-31,2.5567,9.7111,0.0022 
2012-02-01,2.5144,9.6560,0.1612 
2012-02-02,0.1305,3.9904,0.1062 
2012-02-03,0.6695,5.3068,0.0025 
2012-02-04,-0.4842,4.9447,0.0075 
2012-02-05,-0.4245,4.2491,8.0755e-05 
2012-02-06,-3.0557,6.5592,4.2117e-06 
2012-02-07,-2.8516,5.4344,0.1389 
2012-02-08,-5.4998,0.2530,0.0039 
2012-02-09,-5.6124,2.1612,3.6900e-04 
2012-02-10,-5.0916,0.8790,0.5639 
2012-02-11,-9.3507,0.1300,6.8136 
2012-02-12,-9.6547,-2.0858,0.2042 
2012-02-13,-7.9735,-1.3961,0.0917 
2012-02-14,-2.8961,0.1443,1.6280 
2012-02-15,-2.5350,2.1466,0.0104 
2012-02-16,1.4350,6.3295,2.7157 
2012-02-17,-1.6108,4.1496,0.0114 
2012-02-18,0.0440,2.9198,0.0592 
2012-02-19,-4.9876,-0.5443,1.7909e-05 
2012-02-20,-5.0701,-0.2722,5.5650e-04 
2012-02-21,-3.4528,6.2203,1.9572 
2012-02-22,0.2321,6.1357,1.0645 
2012-02-23,0.1509,4.2014,0.4192 
2012-02-24,0.1092,3.7967,4.3055 
2012-02-25,-3.3274,0.0390,0.0529 
2012-02-26,-5.7942,1.8420,0.1256 
2012-02-27,0.4975,3.4267,0.0011 
2012-02-28,-4.2249,1.1224,4.4089e-04 
2012-02-29,-0.6632,7.1189,16.2623 
2012-03-01,0.8074,7.9191,0.9473 
2012-03-02,0.9967,7.3258,10.6365 
2012-03-03,-0.7675,11.5745,5.0628 
2012-03-04,-5.0249,0.2574,0.1151 
2012-03-05,-8.4944,-1.9880,0.2508 
2012-03-06,-3.8143,7.8856,0.0026 
2012-03-07,6.7086,15.4099,1.4480e-09 
2012-03-08,5.9359,15.3836,3.4678 
2012-03-09,-0.7830,4.4706,0.0878 
2012-03-10,-6.1966,6.5308,0.0000 
2012-03-11,2.2025,14.9045,0.0000 
2012-03-12,8.2922,15.2513,9.2298 
2012-03-13,10.0196,15.3535,4.7169 
2012-03-14,8.1962,20.9769,0.0683 
2012-03-15,13.8822,23.8938,0.3865 
2012-03-16,14.3490,21.3060,0.0653 
2012-03-17,12.5769,21.6765,0.0041 
2012-03-18,12.4416,20.4697,0.0447 
2012-03-19,12.6259,21.5172,0.0344 
2012-03-20,15.6036,21.9415,0.0601 
2012-03-21,15.1758,24.8733,8.6917e-04 
2012-03-22,14.5427,25.7130,5.2566e-05 
2012-03-23,13.2694,23.4456,0.0183 
2012-03-24,10.9958,18.0311,3.2053 
2012-03-25,10.4514,17.3634,0.2035 
2012-03-26,-0.4909,15.0064,0.0112 
2012-03-27,-3.4056,9.9681,1.7684e-05 
2012-03-28,10.5329,16.3417,0.0016 
2012-03-29,1.6092,12.6476,0.0116 
2012-03-30,-1.8815,4.7375,20.5862 
2012-03-31,-0.3812,6.6740,0.8025 
2012-04-01,2.8979,12.6956,0.0277 
2012-04-02,0.7131,11.4660,4.9910e-05 
2012-04-03,3.3928,16.0171,1.8295 
2012-04-04,3.8957,15.8308,0.0547 
2012-04-05,0.4964,7.4532,0.0014 
2012-04-06,1.2317,9.2153,4.6422e-09 
2012-04-07,3.0474,13.2209,0.0000 
2012-04-08,7.7601,12.6944,0.0211 
2012-04-09,6.1806,13.5258,0.0789 
2012-04-10,2.6542,10.4346,0.0529 
2012-04-11,2.2581,9.0001,0.0887 
2012-04-12,3.1406,11.0378,0.0070 
2012-04-13,4.9050,13.9576,4.1239e-04 
2012-04-14,7.8172,15.0117,2.2971 
2012-04-15,13.2538,23.1216,8.7764 
2012-04-16,16.0093,22.8137,0.0816 
2012-04-17,4.3902,14.5026,2.6394e-05 
2012-04-18,3.4133,12.8758,0.0190 
2012-04-19,8.6270,19.5727,0.0155 
2012-04-20,14.5000,20.4993,0.2186 
2012-04-21,2.1185,13.2145,5.7223 
2012-04-22,2.8958,7.6607,6.7285e-06 
2012-04-23,4.0692,8.7422,3.9639e-08 
2012-04-24,5.8631,13.5370,0.0032 
2012-04-25,5.9576,15.8830,0.0015 
2012-04-26,8.2780,15.1294,0.3138 
2012-04-27,2.0157,10.2253,5.7362e-04 
2012-04-28,2.5274,10.1186,0.0010 
2012-04-29,3.7160,13.1497,1.2272e-06 
2012-04-30,5.7615,12.5746,10.4565 
2012-05-01,10.1875,16.3244,6.4999 
2012-05-02,10.6972,26.2774,0.4258 
2012-05-03,18.8781,29.0322,0.0409 
2012-05-04,16.7871,28.5775,6.4141 
2012-05-05,12.1545,18.5269,0.0275 
2012-05-06,9.5050,17.9783,0.0000 
2012-05-07,11.9204,20.6730,18.8457 
2012-05-08,14.5715,19.8726,5.0262 
2012-05-09,12.5389,18.4242,2.6159 
2012-05-10,7.3434,15.0256,2.6176 
2012-05-11,10.5526,20.6316,3.9762e-09 
2012-05-12,14.5286,22.0299,0.0188 
2012-05-13,12.1497,21.0312,0.2371 
2012-05-14,14.1453,20.8059,0.0064 
2012-05-15,15.9184,24.5225,0.0013 
2012-05-16,10.6341,24.0852,1.7875 
2012-05-17,9.2408,16.0971,0.0000 
2012-05-18,11.2234,20.6021,0.0118 
2012-05-19,13.9989,26.4401,0.0011 
2012-05-20,19.6965,27.9766,0.0240 
2012-05-21,19.8785,27.2631,3.0900 
2012-05-22,13.0932,20.5122,4.3214 
2012-05-23,12.9310,22.0068,0.0017 
2012-05-24,16.2541,26.8720,8.5625e-06 
2012-05-25,21.0288,28.9273,9.8905e-04 
2012-05-26,17.1704,27.3821,5.6979 
2012-05-27,17.5728,28.0827,0.3271 
2012-05-28,21.9725,30.7808,0.0525 
2012-05-29,23.6580,29.9098,8.5429 
2012-05-30,16.0836,25.2492,0.0134 
2012-05-31,10.5505,18.1913,0.0530 
2012-06-01,11.3866,17.6358,18.9987 
2012-06-02,7.4298,19.9087,0.6575 
2012-06-03,16.3167,22.9948,0.1308 
2012-06-04,12.9044,22.3343,0.0505 
2012-06-05,10.7862,16.7369,2.2848 
2012-06-06,12.8465,22.2570,0.0541 
2012-06-07,15.3779,24.2170,0.4542 
2012-06-08,17.5875,27.5145,0.0033 
2012-06-09,20.7564,29.9641,0.0015 
2012-06-10,22.9080,30.0194,0.0000 
2012-06-11,22.2989,29.7469,0.3737 
2012-06-12,21.0504,25.2446,0.0467 
2012-06-13,11.9968,23.1096,0.0117 
2012-06-14,13.6952,22.5934,9.7332e-05 
2012-06-15,17.2712,27.2932,1.1503e-04 
2012-06-16,20.8635,27.8138,0.0687 
2012-06-17,19.6447,27.4245,8.2072 
2012-06-18,19.9513,29.7376,3.3165 
2012-06-19,22.2443,31.8982,0.3907 
2012-06-20,24.2227,31.8454,9.2718e-04 
2012-06-21,24.2969,31.3785,0.0427 
2012-06-22,19.6911,26.5427,5.8833 
2012-06-23,18.1606,24.2717,0.5879 
2012-06-24,20.4756,27.3267,0.1759 
2012-06-25,15.7387,26.7218,0.3065 
2012-06-26,15.7308,24.9144,2.2317e-04 
2012-06-27,20.0465,28.7135,2.6014e-04 
2012-06-28,21.4612,35.1929,0.0094 
2012-06-29,25.4588,33.6003,0.0238 
2012-06-30,20.6114,32.3280,0.0272 
2012-07-01,21.6561,30.7227,0.0246 
2012-07-02,21.6514,29.3210,0.0735 
2012-07-03,24.5326,32.2288,27.3933 
2012-07-04,22.1295,33.4725,11.0131 
2012-07-05,25.0926,33.3599,11.0558 
2012-07-06,26.2558,32.4949,0.0141 
2012-07-07,27.1283,33.2105,0.0259 
2012-07-08,20.5294,25.7349,0.0673 
2012-07-09,18.1241,25.1787,0.0139 
2012-07-10,18.7221,24.6193,0.0612 
2012-07-11,19.0841,26.0143,0.0110 
2012-07-12,22.2886,28.8543,9.4700e-07 
2012-07-13,23.5280,29.5524,4.8995e-04 
2012-07-14,22.0403,28.2955,2.6897e-04 
2012-07-15,22.2948,29.7470,1.4163 
2012-07-16,23.1534,30.4819,0.1115 
2012-07-17,26.1084,34.3416,0.0000 
2012-07-18,23.1864,34.0834,2.3435 
2012-07-19,20.2194,26.2624,10.0871 
2012-07-20,17.4896,23.2551,1.5718 
2012-07-21,19.4247,26.8976,0.0312 
2012-07-22,23.1805,30.0262,0.0473 
2012-07-23,23.8747,32.6268,0.1169 
2012-07-24,22.9658,32.2584,0.0013 
2012-07-25,17.9826,27.3759,0.0026 
2012-07-26,21.4874,30.1723,4.5297 
2012-07-27,18.2665,24.7760,12.6829 
2012-07-28,18.4356,24.7425,5.6104 
2012-07-29,19.8050,25.1018,0.0243 
2012-07-30,22.4213,27.7791,0.0045 
2012-07-31,23.9091,27.1550,0.6217 
2012-08-01,20.7295,25.3966,7.5441e-05 
2012-08-02,22.5183,28.5495,0.0490 
2012-08-03,23.7717,31.1065,0.0181 
2012-08-04,24.0952,30.3380,0.0014 
2012-08-05,21.0931,28.4786,14.0751 
2012-08-06,18.3193,25.5689,7.6356e-06 
2012-08-07,21.4243,27.8882,0.0230 
2012-08-08,22.4105,27.7372,0.1024 
2012-08-09,20.0285,24.8519,13.6817 
2012-08-10,17.3013,21.4149,25.3042 
2012-08-11,15.8988,20.2982,2.9727 
2012-08-12,15.3903,23.7936,0.0635 
2012-08-13,20.0574,24.1808,0.4201 
2012-08-14,17.9042,22.8963,9.5971 
2012-08-15,19.1559,23.7018,0.0483 
2012-08-16,19.7715,26.8568,0.0148 
2012-08-17,17.5643,24.3447,1.5021 
2012-08-18,15.5036,21.7544,0.0016 
2012-08-19,18.5965,22.1650,0.1071 
2012-08-20,17.4961,21.6836,0.0221 
2012-08-21,16.4709,22.5736,1.0476 
2012-08-22,18.6690,23.5564,0.2149 
2012-08-23,20.7257,25.8028,8.0393e-05 
2012-08-24,21.3151,27.4613,4.2772e-05 
2012-08-25,22.6769,28.4253,0.0000 
2012-08-26,21.8826,27.3439,2.3395e-04 
2012-08-27,20.5491,25.6412,11.8476 
2012-08-28,18.1187,24.8056,0.0243 
2012-08-29,16.1458,23.0193,0.0032 
2012-08-30,19.2650,24.9900,2.1260e-05 
2012-08-31,20.7088,30.5280,1.9369e-08 
2012-09-01,20.2589,29.5897,0.5570 
2012-09-02,20.4771,24.7991,0.6670 
2012-09-03,21.1304,27.8133,0.1542 
2012-09-04,21.4914,26.4782,9.2160 
2012-09-05,20.4473,25.1011,0.1797 
2012-09-06,18.2656,25.1555,0.1271 
2012-09-07,21.0192,24.9981,0.0019 
2012-09-08,14.5753,22.1745,11.6983 
2012-09-09,13.7980,18.6761,0.0376 
2012-09-10,14.3215,20.0818,7.3972e-06 
2012-09-11,17.0879,22.3003,8.8926e-06 
2012-09-12,18.3840,24.7063,0.0000 
2012-09-13,19.9047,26.3175,0.0375 
2012-09-14,12.9899,24.9776,7.8602 
2012-09-15,14.3141,19.2435,0.0261 
2012-09-16,15.2704,22.1972,0.0064 
2012-09-17,17.7703,22.7078,1.0081e-04 
2012-09-18,14.7133,22.0277,8.8495 
2012-09-19,7.3439,15.7550,0.0841 
2012-09-20,14.6987,19.9014,5.7061 
2012-09-21,13.9553,18.8152,0.4050 
2012-09-22,9.8469,15.9836,5.9959 
2012-09-23,6.4699,12.3776,0.3321 
2012-09-24,6.3441,14.7444,0.0209 
2012-09-25,11.9170,19.3456,6.2606e-04 
2012-09-26,14.7616,20.9186,0.3460 
2012-09-27,10.8647,17.2676,0.0423 
2012-09-28,12.4807,16.7940,0.0126 
2012-09-29,11.7122,17.4557,0.0142 
2012-09-30,11.2432,15.8335,0.0340 
2012-10-01,10.8665,15.8324,0.0225 
2012-10-02,12.7400,18.9904,3.3771 
2012-10-03,15.4824,17.8155,0.3011 
2012-10-04,13.3929,21.6727,0.0034 
2012-10-05,8.8152,20.7446,1.8932 
2012-10-06,5.2232,9.5758,7.2601 
2012-10-07,4.3331,9.0341,0.3658 
2012-10-08,4.2694,9.1921,0.3495 
2012-10-09,7.3678,13.6435,0.0011 
2012-10-10,6.3370,13.2916,2.6033 
2012-10-11,4.0808,12.9887,1.8541e-04 
2012-10-12,4.6159,12.4047,0.1813 
2012-10-13,6.5406,16.8272,1.2262 
2012-10-14,15.1534,19.7966,11.0404 
2012-10-15,8.7470,17.0220,1.3648 
2012-10-16,4.8156,10.6560,5.5212e-04 
2012-10-17,10.7603,19.9647,0.6833 
2012-10-18,11.4525,19.2873,3.0207 
2012-10-19,9.3170,13.0229,2.3808 
2012-10-20,7.6217,11.0181,5.6292 
2012-10-21,6.0202,12.8007,0.2287 
2012-10-22,10.5660,18.5749,2.0869e-04 
2012-10-23,15.6541,18.9910,5.8309 
2012-10-24,14.5168,20.7556,0.6806 
2012-10-25,15.1967,21.5618,0.0059 
2012-10-26,8.7078,20.8995,5.2435 
2012-10-27,5.6168,9.6143,1.1414 
2012-10-28,5.5746,8.1011,0.1095 
2012-10-29,5.1987,6.5529,6.7794 
2012-10-30,4.9060,8.3690,15.2563 
2012-10-31,4.7036,8.1048,3.9347 
2012-11-01,3.7941,7.6872,0.4699 
2012-11-02,0.5891,6.0570,0.0474 
2012-11-03,0.3172,5.4788,0.0350 
2012-11-04,0.6844,5.0134,0.0517 
2012-11-05,-0.3560,4.0800,0.0400 
2012-11-06,0.2621,4.3706,6.8909e-04 
2012-11-07,1.2646,6.2940,8.5091e-05 
2012-11-08,2.4523,6.4164,0.0135 
2012-11-09,3.2554,9.0287,0.1226 
2012-11-10,7.0060,14.2384,1.7846 
2012-11-11,11.1278,15.5813,0.0024 
2012-11-12,2.1698,15.0783,6.3383 
2012-11-13,-1.3428,1.6565,0.0368 
2012-11-14,-0.8550,3.3095,0.0032 
2012-11-15,1.8444,5.0602,4.4897e-04 
2012-11-16,3.5615,7.2234,0.0040 
2012-11-17,4.0757,8.6197,8.6223e-06 
2012-11-18,4.6552,8.7406,2.7410e-04 
2012-11-19,5.7196,9.0755,0.0012 
2012-11-20,6.8895,10.2071,0.0117 
2012-11-21,6.5743,12.2118,0.0023 
2012-11-22,7.1223,14.0750,1.9991e-04 
2012-11-23,1.7194,13.1732,4.3705 
2012-11-24,-1.3811,1.7716,0.3685 
2012-11-25,-4.3229,3.1154,0.6069 
2012-11-26,-1.9501,2.2418,0.0091 
2012-11-27,-4.6746,-0.0209,0.0010 
2012-11-28,-2.5662,3.3904,0.0034 
2012-11-29,-1.3192,6.0960,0.0018 
2012-11-30,2.1984,5.0378,0.1118 
2012-12-01,2.3092,11.8224,0.0127 
2012-12-02,11.1394,14.2135,6.3673 
2012-12-03,7.7743,15.1869,0.2034 
2012-12-04,8.9549,15.6460,5.6342 
2012-12-05,-1.5352,8.7571,0.0150 
2012-12-06,-1.8530,3.3616,0.0000 
2012-12-07,2.9136,6.4879,0.7363 
2012-12-08,2.4431,6.0266,5.3847 
2012-12-09,-0.6761,4.1029,4.6336 
2012-12-10,0.8463,9.1886,1.9743 
2012-12-11,-4.4318,0.1997,0.1420 
2012-12-12,-3.1510,3.0739,0.0013 
2012-12-13,-0.0664,4.3345,4.3469e-05 
2012-12-14,-0.4700,5.9416,0.0444 
2012-12-15,2.3270,5.9749,0.0301 
2012-12-16,5.6226,11.5390,3.3455 
2012-12-17,3.2263,9.0237,0.0061 
2012-12-18,1.4440,4.1856,0.5528 
2012-12-19,1.2885,5.1923,0.4499 
2012-12-20,2.2271,8.4956,10.4476 
2012-12-21,-1.5366,8.4806,7.9322 
2012-12-22,-2.8557,-0.4831,0.2084 
2012-12-23,-6.5841,0.1105,2.7884e-09 
2012-12-24,-5.0677,0.1845,1.6236 
2012-12-25,-2.4504,0.3964,0.3953 
2012-12-26,-2.8790,0.0554,8.0816 
2012-12-27,-2.7918,-0.2577,6.4102 
2012-12-28,-5.4087,-2.0231,0.3372 
2012-12-29,-3.7837,-1.0239,5.5606 
2012-12-30,-7.7421,-1.5050,0.3131 
2012-12-31,-6.2863,0.1490,0.0807 
2013-01-01,-6.9521,0.1309,0.1617 
2013-01-02,-11.7565,-6.3670,0.0076 
2013-01-03,-9.3792,-2.1635,0.0482 
2013-01-04,-7.1420,-1.9316,0.0736 
2013-01-05,-6.8516,-1.5359,0.0084 
2013-01-06,-2.2904,0.7644,1.3385 
2013-01-07,-4.7238,0.2923,0.0280 
2013-01-08,-3.8119,-0.0598,6.4159e-05 
2013-01-09,-0.0996,2.8419,0.1145 
2013-01-10,-2.0193,1.8955,0.0032 
2013-01-11,0.6388,12.9199,9.7752 
2013-01-12,7.1879,12.1469,0.0058 
2013-01-13,4.1321,13.5589,36.1793 
2013-01-14,-5.7778,4.3631,2.6081 
2013-01-15,-6.3568,-2.5932,2.9053e-04 
2013-01-16,-4.6496,0.1911,3.4644e-05 
2013-01-17,-3.3681,-0.1847,0.0409 
2013-01-18,-10.2367,0.0912,0.0787 
2013-01-19,0.6647,6.0388,0.0019 
2013-01-20,-7.0130,6.9707,0.0409 
2013-01-21,-11.6308,-6.6433,0.7873 
2013-01-22,-16.0831,-10.8254,0.0833 
2013-01-23,-16.7612,-9.7592,0.1623 
2013-01-24,-13.0987,-8.4917,0.6046 
2013-01-25,-10.8316,-7.4276,3.1236 
2013-01-26,-8.3003,-4.5948,2.4675 
2013-01-27,-7.6295,-3.0947,0.0371 
2013-01-28,-2.8136,5.0190,7.3061 
2013-01-29,2.1790,12.6740,12.5675 
2013-01-30,10.6697,14.8124,6.5016 
2013-01-31,-5.7303,10.1741,1.3528 
2013-02-01,-10.0436,-6.1768,0.2138 
2013-02-02,-13.5229,-5.7671,5.4789 
2013-02-03,-10.8948,-6.0894,1.1570 
2013-02-04,-13.4363,-6.7427,4.1176 
2013-02-05,-9.8445,-4.9374,0.3942 
2013-02-06,-10.7220,-4.2335,0.1683 
2013-02-07,-8.2484,-0.7988,0.1087 
2013-02-08,-4.1536,1.1988,3.6743 
2013-02-09,-8.2112,-4.5186,1.0640 
2013-02-10,-9.2606,4.6647,0.0023 
2013-02-11,1.1615,8.5859,1.0236 
2013-02-12,-2.9919,0.9407,0.0797 
2013-02-13,-6.1693,1.5599,0.0223 
2013-02-14,-3.1369,5.3732,0.4420 
2013-02-15,-3.8934,4.7532,0.1402 
2013-02-16,-8.2246,-3.5313,3.7762 
2013-02-17,-11.9300,-5.0795,1.4462 
2013-02-18,-10.0328,3.1313,0.0304 
2013-02-19,-4.8235,5.3884,3.2509 
2013-02-20,-9.1588,-4.4743,0.0661 
2013-02-21,-10.9978,-4.6075,0.1550 
2013-02-22,-8.5558,2.6489,8.2687 
2013-02-23,-3.8798,2.0605,0.1456 
2013-02-24,-6.4444,1.0059,0.3639 
2013-02-25,-3.3933,1.7823,0.0023 
2013-02-26,-3.5813,1.4687,6.8143 
2013-02-27,0.4426,3.5740,16.4096 
2013-02-28,-0.8554,0.9062,1.6472 
2013-03-01,-4.0412,-0.4072,0.1227 
2013-03-02,-6.6495,-2.6633,0.3262 
2013-03-03,-8.5755,-3.0674,0.1267 
2013-03-04,-11.3116,-1.0589,0.0092 
2013-03-05,-8.5395,-0.3211,4.7484e-04 
2013-03-06,-2.0215,3.9867,0.0126 
2013-03-07,-1.9012,3.4338,0.5314 
2013-03-08,-5.9103,3.8536,0.0614 
2013-03-09,-0.0611,4.2008,0.0033 
2013-03-10,2.1570,14.3079,0.2370 
2013-03-11,8.7752,13.3691,10.0043 
2013-03-12,0.5638,8.3972,1.3374 
2013-03-13,-3.1377,1.8234,0.4222 
2013-03-14,-6.7308,2.6169,0.0085 
2013-03-15,-3.8099,4.4746,0.8718 
2013-03-16,-3.6308,3.4451,5.6445 
2013-03-17,-6.5666,-2.2755,0.0946 
2013-03-18,-5.4018,3.7357,1.0082 
2013-03-19,-5.8407,3.8436,0.2124 
2013-03-20,-6.6950,-2.4221,0.0573 
2013-03-21,-10.5306,0.1275,0.0349 
2013-03-22,-6.0858,2.5054,0.0321 
2013-03-23,-3.6563,3.2220,0.0303 
2013-03-24,-4.1259,3.0078,1.8091e-04 
2013-03-25,-1.3232,2.0231,1.3989 
2013-03-26,-0.6210,5.1521,0.4808 
2013-03-27,-1.9647,6.2553,0.9282 
2013-03-28,0.0896,8.6660,0.0325 
2013-03-29,-0.8960,8.7812,0.0069 
2013-03-30,2.3865,11.0316,0.0243 
2013-03-31,5.5059,13.9804,0.2863 
2013-04-01,-1.5106,12.7762,0.0436 
2013-04-02,-5.9164,3.5878,0.0659 
2013-04-03,-5.3816,3.6476,3.4962e-05 
2013-04-04,-1.4986,9.5917,4.1301e-05 
2013-04-05,0.7297,9.0829,0.0331 
2013-04-06,-2.4730,9.0221,0.0130 
2013-04-07,9.8708,17.5733,0.0217 
2013-04-08,2.2356,14.6424,2.0745 
2013-04-09,2.9228,15.2391,0.5814 
2013-04-10,4.8237,11.3676,13.5157 
2013-04-11,2.7137,7.0355,23.3721 
2013-04-12,3.9347,7.8925,24.9433 
2013-04-13,1.2251,5.3003,0.4829 
2013-04-14,0.8517,7.4379,0.4286 
2013-04-15,5.4727,19.3456,0.0068 
2013-04-16,8.5952,18.3507,8.4316 
2013-04-17,4.5700,10.9249,0.2837 
2013-04-18,9.7992,24.1643,9.7780 
2013-04-19,3.8038,22.1901,7.3813 
2013-04-20,-0.2807,5.1532,0.2578 
2013-04-21,-1.6685,5.4341,3.5169e-04 
2013-04-22,2.2937,14.3875,0.0000 
2013-04-23,7.3898,20.3718,0.3840 
2013-04-24,1.2365,19.5121,19.0774 
2013-04-25,1.0823,8.6874,4.2672 
2013-04-26,3.4393,11.7047,9.3825e-05 
2013-04-27,7.4458,17.8190,0.0289 
2013-04-28,10.0917,16.4784,8.5202 
2013-04-29,11.4543,17.5136,2.5226 
2013-04-30,11.5700,22.7431,0.0010 
2013-05-01,13.8752,24.0980,2.4538e-05 
2013-05-02,13.8730,23.0123,0.0000 
2013-05-03,15.5060,21.9395,0.0000 
2013-05-04,13.4586,21.2336,0.0000 
2013-05-05,12.5425,20.1164,0.0000 
2013-05-06,11.3514,20.5395,0.0000 
2013-05-07,13.9655,21.9360,2.7538e-04 
2013-05-08,14.5423,21.5562,0.0094 
2013-05-09,16.0487,23.7077,0.0366 
2013-05-10,15.8048,22.8596,3.9336 
2013-05-11,5.1795,15.4699,0.3098 
2013-05-12,4.2776,10.6634,0.6856 
2013-05-13,0.5104,10.1259,0.0069 
2013-05-14,7.8646,22.5742,0.0018 
2013-05-15,16.6691,25.6202,0.0840 
2013-05-16,16.2994,24.5659,0.0013 
2013-05-17,10.7990,21.5939,0.0060 
2013-05-18,13.8933,22.2285,0.0411 
2013-05-19,14.8936,26.7257,0.0107 
2013-05-20,17.9056,29.6577,0.0017 
2013-05-21,20.8087,27.5747,0.3509 
2013-05-22,18.9866,26.7106,0.8124 
2013-05-23,5.3831,25.1951,9.1696 
2013-05-24,4.4704,10.0589,0.3993 
2013-05-25,6.2959,13.7201,4.8473e-05 
2013-05-26,7.8731,15.8958,1.8753e-04 
2013-05-27,9.5317,15.6920,2.0186 
2013-05-28,10.5596,24.1957,26.6230 
2013-05-29,18.2949,26.8189,0.9620 
2013-05-30,19.9455,28.1660,1.5726 
2013-05-31,20.9589,27.5817,4.0867 
2013-06-01,20.0835,25.6493,1.7987 
2013-06-02,18.0606,22.4938,1.2361 
2013-06-03,8.4050,19.2002,0.0688 
2013-06-04,11.3157,17.7129,1.5301e-04 
2013-06-05,10.8890,19.1743,2.9915e-05 
2013-06-06,12.5801,18.5721,0.0644 
2013-06-07,12.0140,18.0721,0.0901 
2013-06-08,10.9898,19.5022,0.0033 
2013-06-09,15.4804,21.8438,0.0125 
2013-06-10,17.9759,20.4779,22.8528 
2013-06-11,17.2178,24.5366,2.0734 
2013-06-12,17.6096,24.7362,1.0468 
2013-06-13,14.8201,23.1533,35.6230 
2013-06-14,12.8949,19.3666,0.0013 
2013-06-15,13.7650,23.7765,0.0413 
2013-06-16,17.0567,26.2749,2.5062 
2013-06-17,18.8088,26.8967,1.1242 
2013-06-18,14.7208,18.6591,3.2983 
2013-06-19,11.7694,19.7654,0.0053 
2013-06-20,15.1589,22.3894,2.1205e-04 
2013-06-21,18.7065,27.1406,4.9940e-06 
2013-06-22,21.2436,30.5700,0.7062 
2013-06-23,22.4208,28.9735,0.2050 
2013-06-24,22.5808,28.4302,0.0215 
2013-06-25,20.1147,29.1378,3.8662 
2013-06-26,19.1989,27.1473,8.9859 
2013-06-27,19.0816,26.9940,10.0988 
2013-06-28,18.5051,25.8518,21.6183 
2013-06-29,16.7930,20.7373,8.2168 
2013-06-30,15.8333,21.7778,0.3791 
2013-07-01,18.0618,22.9749,13.2035 
2013-07-02,16.8120,23.8968,0.9964 
2013-07-03,18.5476,26.3868,0.0284 
2013-07-04,18.8539,24.9351,1.0776 
2013-07-05,19.7251,25.2551,17.1922 
2013-07-06,20.6464,26.2383,5.0496 
2013-07-07,19.3691,25.2522,12.9128 
2013-07-08,20.8841,28.0468,3.1293 
2013-07-09,20.2964,28.0255,25.4540 
2013-07-10,20.6659,27.7546,11.2840 
2013-07-11,18.1982,23.8101,0.0437 
2013-07-12,16.2714,24.4864,6.7110e-08 
2013-07-13,18.1867,25.5863,8.7900e-05 
2013-07-14,20.6652,28.0870,9.0686e-04 
2013-07-15,23.3105,30.0355,0.0543 
2013-07-16,24.7338,30.9366,5.6775 
2013-07-17,25.6889,31.6752,0.3023 
2013-07-18,25.8004,31.5891,2.2331 
2013-07-19,24.9317,31.7106,0.3823 
2013-07-20,22.9602,30.5693,32.0414 
2013-07-21,18.6220,24.8718,0.2287 
2013-07-22,20.7713,25.9733,0.8585 
2013-07-23,19.9574,25.2268,7.8422 
2013-07-24,14.9194,22.7021,0.0023 
2013-07-25,14.7676,21.0861,0.0097 
2013-07-26,18.8654,22.5927,6.1199e-04 
2013-07-27,17.6342,22.3361,4.0291 
2013-07-28,11.9200,18.1402,0.4721 
2013-07-29,14.0635,20.4039,0.0972 
2013-07-30,16.5787,23.0130,0.0678 
2013-07-31,19.4222,24.2590,0.1874 
2013-08-01,17.7313,22.8773,8.9969 
2013-08-02,16.7421,22.4992,0.0464 
2013-08-03,16.9349,22.9858,0.0118 
2013-08-04,14.6550,22.8089,0.0614 
2013-08-05,14.1835,21.2300,0.0297 
2013-08-06,18.4854,24.9440,0.3248 
2013-08-07,20.1047,27.9796,0.1991 
2013-08-08,18.2478,27.7226,0.1405 
2013-08-09,17.5336,25.0508,0.0196 
2013-08-10,17.7686,24.8665,0.0431 
2013-08-11,18.7327,23.9378,6.6247e-05 
2013-08-12,17.7308,22.8599,9.5010 
2013-08-13,14.6371,18.7494,14.9632 
2013-08-14,12.0546,18.9620,0.0295 
2013-08-15,14.8709,20.5676,1.0714e-05 
2013-08-16,18.0301,23.3531,0.0031 
2013-08-17,18.4326,23.9489,0.0133 
2013-08-18,18.2563,24.8422,0.1136 
2013-08-19,19.5060,25.3858,0.0542 
2013-08-20,20.8208,26.6819,0.0000 
2013-08-21,22.2766,27.9292,0.0000 
2013-08-22,20.0497,27.7079,0.8711 
2013-08-23,18.9011,26.5779,0.0513 
2013-08-24,17.9295,24.3255,2.8596e-09 
2013-08-25,19.7333,27.6937,0.0000 
2013-08-26,21.2394,30.9473,0.0367 
2013-08-27,22.6671,30.3041,4.8054 
2013-08-28,21.4661,28.6990,7.1339 
2013-08-29,19.9536,27.4336,0.0364 
2013-08-30,22.7823,28.3133,0.0180 
2013-08-31,20.2515,28.0943,5.4491 
2013-09-01,19.5991,25.6273,1.0842 
2013-09-02,20.5866,25.1869,0.7913 
2013-09-03,13.6822,22.1354,0.1616 
2013-09-04,14.6719,25.5269,0.0338 
2013-09-05,14.3510,24.7213,0.0343 
2013-09-06,11.1830,20.7621,0.0276 
2013-09-07,18.1778,26.4059,0.3013 
2013-09-08,17.3004,26.0956,0.1845 
2013-09-09,16.5123,26.8520,0.2063 
2013-09-10,23.6787,31.6766,0.0173 
2013-09-11,24.4284,30.9597,1.6835 
2013-09-12,19.4415,29.9159,3.3128 
2013-09-13,13.0535,17.9093,1.8257 
2013-09-14,9.6464,18.0905,0.0489 
2013-09-15,14.6399,17.7498,0.1204 
2013-09-16,11.7860,15.5981,0.5121 
2013-09-17,8.9519,17.1931,0.0043 
2013-09-18,15.1287,20.7452,7.0590e-04 
2013-09-19,16.6596,25.5504,0.0375 
2013-09-20,19.8137,25.7216,21.7155 
2013-09-21,16.0519,20.5466,23.7332 
2013-09-22,9.3865,16.4326,0.0780 
2013-09-23,8.7891,14.7874,2.3379e-05 
2013-09-24,10.4733,16.8719,7.2801e-04 
2013-09-25,12.4680,19.0285,0.0134 
2013-09-26,14.0994,20.8716,0.0292 
2013-09-27,13.3195,19.6785,0.0250 
2013-09-28,15.1426,22.2954,0.0205 
2013-09-29,16.5584,21.1715,2.7011 
2013-09-30,15.3523,18.9483,2.0975 
2013-10-01,14.9716,22.7065,0.0617 
2013-10-02,16.2921,21.9173,5.9968e-05 
2013-10-03,17.3760,23.8491,0.0318 
2013-10-04,19.1794,25.3744,0.3736 
2013-10-05,17.9583,24.6794,0.9332 
2013-10-06,16.8973,23.5713,8.7238 
2013-10-07,7.5445,15.9589,6.9163 
2013-10-08,11.1411,15.9282,0.0917 
2013-10-09,14.0332,17.3437,0.0155 
2013-10-10,13.6806,18.1212,0.0030 
2013-10-11,11.4819,19.4951,0.0089 
2013-10-12,14.0775,20.8593,0.0114 
2013-10-13,14.2260,18.5961,0.0011 
2013-10-14,10.4715,16.0434,1.2808e-05 
2013-10-15,10.9506,18.6255,0.1524 
2013-10-16,14.0967,18.5345,2.6187 
2013-10-17,8.2831,13.4569,2.6602 
2013-10-18,8.1851,14.5042,0.0771 
2013-10-19,6.5398,13.3057,8.4357 
2013-10-20,4.6454,12.4446,0.1268 
2013-10-21,10.5530,12.4564,0.9133 
2013-10-22,2.6978,10.1975,0.2263 
2013-10-23,3.1961,7.6448,0.0328 
2013-10-24,-0.1758,7.0021,0.0380 
2013-10-25,0.9322,7.6704,2.1770e-05 
2013-10-26,4.4545,9.1354,0.9285 
2013-10-27,2.1169,9.3414,0.1629 
2013-10-28,3.9589,9.0577,0.0217 
2013-10-29,3.2097,9.2887,3.6906e-05 
2013-10-30,7.7298,13.9199,0.0945 
2013-10-31,10.4578,16.0739,30.6091 
2013-11-01,7.3190,16.4297,12.6931 
2013-11-02,5.0507,8.2286,5.8845 
2013-11-03,0.7669,5.6951,0.0656 
2013-11-04,2.8462,7.2424,0.0172 
2013-11-05,7.5142,13.7680,2.7288e-04 
2013-11-06,9.8393,13.3271,3.4656 
2013-11-07,2.4726,12.9872,1.5701 
2013-11-08,-0.7467,5.5699,0.7989 
2013-11-09,3.7390,12.0009,0.0145 
2013-11-10,4.4274,11.7786,0.0446 
2013-11-11,0.9170,6.6653,4.4020 
2013-11-12,-3.0967,-0.0225,1.6186 
2013-11-13,-5.9607,0.4677,0.0066 
2013-11-14,-0.5478,5.0462,0.0000 
2013-11-15,3.8222,7.2017,1.6503e-05 
2013-11-16,3.5445,11.4730,0.0040 
2013-11-17,11.3399,16.0129,3.6364 
2013-11-18,1.6975,15.9445,3.3054 
2013-11-19,-1.4446,2.9165,0.0074 
2013-11-20,-0.8310,5.7747,0.0000 
2013-11-21,4.4536,8.0050,2.7443 
2013-11-22,1.6782,7.1116,9.5412 
2013-11-23,-5.0535,1.2069,0.0668 
2013-11-24,-8.5345,-5.0752,0.0013 
2013-11-25,-6.7466,-0.2963,0.0048 
2013-11-26,-1.3057,0.8212,0.2387 
2013-11-27,-6.1774,0.6774,0.0718 
2013-11-28,-8.0670,-2.2119,0.6223 
2013-11-29,-4.1169,-0.9241,0.0087 
2013-11-30,-1.9254,3.2752,1.1885e-04 
2013-12-01,0.7096,6.3552,0.0139 
2013-12-02,-1.1553,4.7040,0.0310 
2013-12-03,-1.8680,4.6892,0.7546 
2013-12-04,4.4248,10.8721,0.5190 
2013-12-05,1.9494,14.4151,0.2061 
2013-12-06,-3.8128,1.0267,0.0078 
2013-12-07,-8.6756,-3.7639,0.0557 
2013-12-08,-8.2545,-2.0794,0.1712 
2013-12-09,-3.3917,0.6005,0.8171 
2013-12-10,-9.4682,-3.8853,0.1223 
2013-12-11,-8.4739,-5.3915,0.4950 
2013-12-12,-14.9771,-7.7131,0.1367 
2013-12-13,-9.4683,-3.7733,0.1297 
2013-12-14,-6.6832,-0.5177,19.8722 
2013-12-15,-7.4589,-0.4289,8.3526 
2013-12-16,-12.8124,-6.8726,0.2740 
2013-12-17,-10.8660,-4.7071,3.6323 
2013-12-18,-7.3025,-2.1368,0.5181 
2013-12-19,-5.3420,2.5314,0.0272 
2013-12-20,1.0448,3.1544,5.4746 
2013-12-21,-0.1342,4.0870,12.0697 
2013-12-22,0.1444,5.3425,31.9367 
2013-12-23,-4.8247,2.2360,0.3931 
2013-12-24,-10.2604,-2.8862,0.3298 
2013-12-25,-11.5643,-5.0417,2.0467 
2013-12-26,-4.8817,-2.5155,3.1005 
2013-12-27,-6.0683,0.0187,0.7531 
2013-12-28,0.3398,3.9881,3.8605e-04 
2013-12-29,1.2201,4.0500,0.0483 
2013-12-30,-12.5566,-0.1131,0.3696 
2013-12-31,-9.7448,-8.1144,3.3354 
2014-01-01,-10.9797,-8.4454,9.8082 
2014-01-02,-12.6187,-9.1258,8.6419 
2014-01-03,-18.2778,-11.4859,0.8973 
2014-01-04,-17.0296,-2.8215,0.0014 
2014-01-05,-2.9886,-1.0539,9.3206 
2014-01-06,-16.4684,-1.6099,14.4036 
2014-01-07,-22.6890,-16.8820,0.0214 
2014-01-08,-21.3721,-12.6921,0.0949 
2014-01-09,-15.0364,-8.4272,0.0568 
2014-01-10,-8.1551,2.5470,2.4748 
2014-01-11,1.3910,3.8620,13.3245 
2014-01-12,-1.7430,1.6967,0.0522 
2014-01-13,2.0184,6.9660,0.0040 
2014-01-14,-4.0197,5.6891,0.0023 
2014-01-15,-5.0797,1.1110,0.1418 
2014-01-16,-9.6856,-2.8660,3.8587 
2014-01-17,-4.5846,-0.8243,4.0374 
2014-01-18,-11.8038,-3.8982,2.7592 
2014-01-19,-12.1391,-5.1480,0.0712 
2014-01-20,-7.9592,-0.2640,0.6752 
2014-01-21,-14.0307,-9.2322,0.5626 
2014-01-22,-18.9941,-13.5616,0.9781 
2014-01-23,-14.3131,-10.4030,2.2653 
2014-01-24,-20.5258,-11.6655,0.0288 
2014-01-25,-12.0001,-2.3454,5.8314 
2014-01-26,-16.4029,-6.1754,6.2619 
2014-01-27,-14.0019,-3.7560,2.8104 
2014-01-28,-22.4068,-14.9420,0.0376 
2014-01-29,-23.1410,-11.9928,0.0011 
2014-01-30,-14.3350,-6.2375,3.8415e-04 
2014-01-31,-5.6177,-1.6911,0.6348 
2014-02-01,-4.0070,1.3147,9.6369 
2014-02-02,-5.9709,1.2118,3.1587 
2014-02-03,-11.2059,-5.7498,0.0285 
2014-02-04,-9.5530,-7.1598,0.0286 
2014-02-05,-9.2155,-6.1768,16.0240 
2014-02-06,-13.8583,-8.5917,0.2401 
2014-02-07,-17.5394,-11.2174,0.0042 
2014-02-08,-20.6729,-11.2477,0.2533 
2014-02-09,-12.2559,-7.2896,4.6859 
2014-02-10,-11.8839,-7.7914,0.0825 
2014-02-11,-16.0250,-9.7221,0.2011 
2014-02-12,-15.1571,-9.8072,0.0065 
2014-02-13,-12.1447,-6.1846,0.0021 
2014-02-14,-9.5374,-2.8928,0.5853 
2014-02-15,-12.3838,-4.7311,0.2642 
2014-02-16,-10.7460,-7.1443,2.3013 
2014-02-17,-16.5169,-6.6232,0.0665 
2014-02-18,-5.9293,-0.4319,12.5403 
2014-02-19,-0.0596,3.2715,0.0771 
2014-02-20,-2.8834,2.6689,16.2115 
2014-02-21,-1.3017,7.3404,6.8053 
2014-02-22,-3.3540,-0.6031,0.0139 
2014-02-23,-7.4173,-1.5995,6.2177e-04 
2014-02-24,-10.4558,-5.3711,0.1868 
2014-02-25,-11.2298,-5.9229,0.0534 
2014-02-26,-15.1882,-6.6826,0.1495 
2014-02-27,-14.3824,-10.6862,0.1083 
2014-02-28,-20.7453,-9.0649,0.0267 
2014-03-01,-10.3211,-0.9776,0.6316 
2014-03-02,-15.1586,-4.1822,10.4155 
2014-03-03,-20.4271,-11.8754,0.0120 
2014-03-04,-15.8529,-9.3978,8.9515e-04 
2014-03-05,-10.7690,-6.8752,0.0209 
2014-03-06,-12.4968,-5.9434,0.0388 
2014-03-07,-7.0847,1.6852,6.1372e-05 
2014-03-08,-3.5328,3.0957,2.2111 
2014-03-09,-8.6258,-1.6373,0.0039 
2014-03-10,-1.1709,5.4495,0.0213 
2014-03-11,2.8896,7.9049,0.0575 
2014-03-12,-11.3027,4.4150,22.9835 
2014-03-13,-17.9557,-8.2619,0.0029 
2014-03-14,-8.7445,3.6783,0.0292 
2014-03-15,-1.3401,3.6077,0.0445 
2014-03-16,-13.7809,-1.1890,0.0301 
2014-03-17,-15.9669,-4.1642,0.0341 
2014-03-18,-6.3146,6.4734,0.0192 
2014-03-19,3.3647,8.1787,1.3935 
2014-03-20,-0.7918,5.5482,0.1400 
2014-03-21,-2.4511,4.3964,0.0101 
2014-03-22,1.0153,8.9404,0.8174 
2014-03-23,-10.4541,3.0717,0.0832 
2014-03-24,-9.6407,-1.8642,0.1436 
2014-03-25,-6.9566,-1.0731,0.2600 
2014-03-26,-10.0928,-1.7984,0.2242 
2014-03-27,-5.5721,4.1884,0.9425 
2014-03-28,3.9737,10.8736,0.8456 
2014-03-29,-3.1443,6.6485,0.2790 
2014-03-30,-4.0771,6.2737,0.0820 
2014-03-31,0.2902,8.2571,0.0000 
2014-04-01,3.8036,14.6053,0.0535 
2014-04-02,1.0451,9.7351,0.0098 
2014-04-03,-1.5435,8.5781,4.8593 
2014-04-04,2.7499,14.2710,4.5428 
2014-04-05,-2.2470,7.0842,0.8418 
2014-04-06,2.5469,9.4203,0.0061 
2014-04-07,2.4649,8.5693,6.7287 
2014-04-08,3.6157,13.1544,7.3835 
2014-04-09,1.4439,11.5272,0.0455 
2014-04-10,6.4207,17.7144,0.0913 
2014-04-11,7.9926,14.8545,0.3012 
2014-04-12,9.2631,19.0040,4.4775e-04 
2014-04-13,15.2138,22.6355,0.2515 
2014-04-14,12.3491,22.0551,1.1972 
2014-04-15,-3.7720,10.8702,9.2939 
2014-04-16,-4.3170,1.7928,0.2594 
2014-04-17,-1.1542,14.9301,0.0000 
2014-04-18,8.5097,14.4733,0.0611 
2014-04-19,-0.0781,11.8938,0.0020 
2014-04-20,4.2698,18.2395,0.0135 
2014-04-21,9.8385,21.2578,0.0159 
2014-04-22,10.8859,20.6964,1.1969 
2014-04-23,3.7766,9.5910,0.0148 
2014-04-24,1.8467,9.9904,2.6834e-04 
2014-04-25,7.4436,12.0377,2.9750 
2014-04-26,6.4767,13.4445,0.0134 
2014-04-27,0.9278,10.4923,2.3662e-04 
2014-04-28,6.3637,11.4063,0.7219 
2014-04-29,9.0210,16.9181,13.7528 
2014-04-30,10.4091,15.0864,14.3458 
2014-05-01,7.2136,13.6877,0.1420 
2014-05-02,7.4075,14.1011,0.1184 
2014-05-03,8.3965,14.7198,1.7342 
2014-05-04,8.8394,13.7008,0.1320 
2014-05-05,5.4061,11.8025,0.0742 
2014-05-06,5.0046,14.3505,0.0019 
2014-05-07,7.9242,16.1974,7.0941 
2014-05-08,11.3245,27.1260,0.0939 
2014-05-09,18.4504,27.0549,0.9241 
2014-05-10,13.2844,20.3307,1.7691 
2014-05-11,13.8470,23.5504,0.0661 
2014-05-12,18.9713,25.6748,16.0537 
2014-05-13,19.2273,26.1171,3.3996 
2014-05-14,10.2644,25.3389,7.6347 
2014-05-15,7.6085,16.8986,26.6465 
2014-05-16,1.1759,11.4395,0.0751 
2014-05-17,5.3839,11.4610,3.9132 
2014-05-18,7.3058,16.0795,0.0871 
2014-05-19,10.6727,18.4450,0.0475 
2014-05-20,13.0331,22.3158,1.3444 
2014-05-21,17.2128,25.6792,1.7666 
2014-05-22,13.5636,21.0973,0.2437 
2014-05-23,10.2053,20.5334,1.3893e-04 
2014-05-24,13.4413,21.6882,3.0343e-04 
2014-05-25,17.7925,24.8650,6.9695e-04 
2014-05-26,19.6258,26.8952,4.3339e-04 
2014-05-27,21.3711,27.4879,7.8219 
2014-05-28,14.9572,21.8493,27.2323 
2014-05-29,12.3418,20.1052,0.4201 
2014-05-30,12.9113,23.2888,0.0028 
2014-05-31,14.8886,22.3822,2.6238e-07 
2014-06-01,15.6428,25.9328,0.0000 
2014-06-02,21.7536,28.8351,0.5115 
2014-06-03,19.1134,25.3884,0.9690 
2014-06-04,15.4419,23.6831,6.2746 
2014-06-05,11.5991,20.0877,0.0670 
2014-06-06,12.5492,23.2164,9.5950e-05 
2014-06-07,18.3288,24.3271,0.0021 
2014-06-08,14.0673,22.9288,3.7197 
2014-06-09,13.4462,22.8072,0.0069 
2014-06-10,16.3518,22.4990,0.0268 
2014-06-11,17.8348,24.6263,4.0696 
2014-06-12,19.2080,23.9663,0.1093 
2014-06-13,16.2906,24.0302,0.0688 
2014-06-14,10.6565,19.9514,1.4596e-05 
2014-06-15,14.9417,23.9656,8.0903e-06 
2014-06-16,20.9487,28.3186,0.0160 
2014-06-17,23.1264,30.1417,0.5651 
2014-06-18,19.7159,29.9561,13.1109 
2014-06-19,18.1544,22.4812,23.7264 
2014-06-20,15.2213,22.0265,1.2922 
2014-06-21,15.7058,23.8004,5.9269 
2014-06-22,18.7959,24.9967,0.4274 
2014-06-23,19.3733,29.2047,0.2093 
2014-06-24,20.3322,28.4954,6.4704 
2014-06-25,16.5556,22.7918,4.2866 
2014-06-26,15.1575,23.4495,3.2913e-04 
2014-06-27,18.2201,25.6196,0.0000 
2014-06-28,19.7175,29.3381,0.0043 
2014-06-29,21.9979,28.0578,5.7200 
2014-06-30,22.4472,28.6994,1.1306 
2014-07-01,23.8119,28.5024,5.3594 
2014-07-02,19.3199,27.4067,0.0547 
2014-07-03,15.4382,22.9964,0.6510 
2014-07-04,14.9257,21.1528,0.1527 
2014-07-05,18.5420,23.6221,9.0653e-05 
2014-07-06,19.2157,27.5511,3.2986e-04 
2014-07-07,23.5710,27.7124,7.1284 
2014-07-08,20.7203,27.1247,10.1213 
2014-07-09,15.9159,22.5908,0.0885 
2014-07-10,17.3305,22.5193,1.1112 
2014-07-11,17.5323,24.1658,0.0478 
2014-07-12,19.5306,27.6443,0.0118 
2014-07-13,22.8357,28.3263,5.1108 
2014-07-14,20.3599,27.0976,1.0223 
2014-07-15,15.3897,20.0848,0.6472 
2014-07-16,13.4999,19.4738,0.0599 
2014-07-17,14.8517,22.6440,0.0089 
2014-07-18,18.8654,23.6714,1.1724e-04 
2014-07-19,17.3347,22.5289,1.1829 
2014-07-20,17.3123,24.4342,0.2050 
2014-07-21,19.5917,26.3599,0.0044 
2014-07-22,20.9631,29.8735,0.0000 
2014-07-23,19.1551,29.0383,8.8471 
2014-07-24,16.1708,20.5052,0.0018 
2014-07-25,18.1314,23.2498,0.0015 
2014-07-26,19.4075,25.4534,0.0758 
2014-07-27,19.2947,25.3029,27.2042 
2014-07-28,15.6790,19.3178,6.7817 
2014-07-29,12.3732,19.7788,2.1799 
2014-07-30,15.7349,20.8774,7.7732 
2014-07-31,14.2142,23.2376,5.2963 
2014-08-01,19.0946,26.0850,0.1863 
2014-08-02,18.5022,25.4470,1.2683 
2014-08-03,19.5948,25.5118,1.5343 
2014-08-04,20.9880,26.7313,1.1247 
2014-08-05,19.8386,25.2357,4.7270 
2014-08-06,16.9658,23.7551,0.1448 
2014-08-07,19.2141,25.1322,1.1296e-05 
2014-08-08,17.4875,24.3345,0.0000 
2014-08-09,18.0461,23.9855,0.0000 
2014-08-10,18.4091,26.6526,2.3335e-06 
2014-08-11,19.4617,25.1150,51.5012 
2014-08-12,18.4037,22.0702,12.8406 
2014-08-13,14.1376,21.7335,2.0421 
2014-08-14,13.4087,21.2965,0.0365 
2014-08-15,11.6998,22.9261,0.0344 
2014-08-16,16.2445,27.1281,0.0019 
2014-08-17,17.5494,27.0823,4.2071 
2014-08-18,15.8824,24.1087,0.2710 
2014-08-19,18.2869,26.6999,7.7803 
2014-08-20,18.9315,26.3223,4.8297 
2014-08-21,20.2215,26.1929,1.9522 
2014-08-22,20.1511,26.1277,4.5308 
2014-08-23,18.8626,25.0903,0.0578 
2014-08-24,19.0174,23.6187,0.0312 
2014-08-25,20.7034,26.6754,0.0026 
2014-08-26,21.9621,29.5563,8.4872 
2014-08-27,17.4883,28.7211,1.9256 
2014-08-28,15.9591,21.9416,0.0572 
2014-08-29,15.1233,22.7375,0.0135 
2014-08-30,21.4464,28.5437,0.0021 
2014-08-31,19.8740,27.1182,0.3619 
2014-09-01,21.5962,26.9946,4.0360 
2014-09-02,20.1972,24.3515,15.2322 
2014-09-03,19.9046,24.4045,0.1035 
2014-09-04,21.3873,27.2354,0.0621 
2014-09-05,22.1162,29.0179,0.0815 
2014-09-06,16.4528,28.3288,16.9790 
2014-09-07,16.7532,21.1559,0.1312 
2014-09-08,18.3305,21.9275,0.0651 
2014-09-09,19.4039,23.8077,7.8108e-04 
2014-09-10,20.2014,23.5691,52.9566 
2014-09-11,12.8519,22.6844,5.8578 
2014-09-12,11.4071,16.3166,0.3403 
2014-09-13,11.3531,14.5616,9.1879 
2014-09-14,9.3923,14.8524,0.0171 
2014-09-15,13.7112,17.9590,0.6995 
2014-09-16,10.4832,16.5355,0.5714 
2014-09-17,11.7927,17.1480,0.0094 
2014-09-18,13.1265,16.8724,1.5871e-04 
2014-09-19,8.9669,16.6813,7.2568e-04 
2014-09-20,15.6996,23.3807,0.3050 
2014-09-21,13.4909,21.1058,8.6925 
2014-09-22,7.3904,14.5516,0.1476 
2014-09-23,12.0390,18.1038,3.6862e-04 
2014-09-24,15.0933,20.1459,0.0000 
2014-09-25,14.8705,20.4781,4.2006e-04 
2014-09-26,15.1197,21.4130,0.0000 
2014-09-27,16.1307,21.7619,2.5440e-05 
2014-09-28,16.9542,21.2955,0.0024 
2014-09-29,17.1566,22.8377,0.0169 
2014-09-30,12.0096,21.3920,13.8909 
2014-10-01,12.0769,17.2950,0.0150 
2014-10-02,15.4641,21.4435,0.4629 
2014-10-03,14.8185,21.8983,6.7000 
2014-10-04,5.3146,14.2673,6.9640 
2014-10-05,5.2590,10.7676,0.7944 
2014-10-06,9.3615,16.8564,3.4544 
2014-10-07,10.3862,14.7578,1.1979 
2014-10-08,9.1208,13.5092,0.0166 
2014-10-09,7.9554,13.6894,0.0111 
2014-10-10,7.3188,12.4165,0.0000 
2014-10-11,7.5839,12.2759,0.0000 
2014-10-12,7.8652,13.9678,0.0000 
2014-10-13,13.0749,21.0541,7.3017 
2014-10-14,17.9287,20.6499,4.7232 
2014-10-15,13.5068,18.1635,8.7549 
2014-10-16,12.1551,16.2932,1.0427 
2014-10-17,10.6524,16.7175,0.7769 
2014-10-18,7.3399,14.4993,0.4888 
2014-10-19,3.1066,8.0838,0.0029 
2014-10-20,8.0326,13.2987,0.4065 
2014-10-21,8.1595,12.8007,0.6018 
2014-10-22,5.2141,10.6078,0.0918 
2014-10-23,6.2914,11.9773,0.0561 
2014-10-24,8.6479,14.0168,0.0136 
2014-10-25,9.8626,18.0902,0.0022 
2014-10-26,6.9424,13.5978,4.2316e-05 
2014-10-27,9.3738,19.8663,0.0216 
2014-10-28,14.8961,19.9674,3.1837 
2014-10-29,7.4012,14.1317,0.0437 
2014-10-30,4.1365,8.7080,0.0192 
2014-10-31,5.7100,8.3674,4.1700 
2014-11-01,2.7593,5.6432,2.8113 
2014-11-02,-0.2550,5.9928,0.0353 
2014-11-03,2.9115,12.2207,0.0416 
2014-11-04,10.8226,14.0039,0.5690 
2014-11-05,5.6361,12.1064,0.4571 
2014-11-06,6.9730,10.5739,4.5494 
2014-11-07,0.2705,7.8865,1.2609 
2014-11-08,2.3443,7.0643,0.5929 
2014-11-09,1.1080,6.9376,0.0120 
2014-11-10,5.9355,13.2597,0.0088 
2014-11-11,10.8007,16.8060,0.0461 
2014-11-12,-1.0611,11.0731,0.0485 
2014-11-13,-3.0273,0.9520,0.4971 
2014-11-14,-6.9308,0.0753,0.0530 
2014-11-15,-5.2573,-1.1225,0.0188 
2014-11-16,-3.1514,-0.2403,0.1393 
2014-11-17,-5.4153,-0.7638,4.3365 
2014-11-18,-10.1331,-6.0389,0.1365 
2014-11-19,-10.3890,-0.2446,0.9388 
2014-11-20,-5.1880,-0.4141,0.1286 
2014-11-21,-12.0495,-5.4359,0.0292 
2014-11-22,-6.3078,3.8978,1.7497 
2014-11-23,4.5045,9.2060,3.5613 
2014-11-24,3.4552,12.5356,21.4165 
2014-11-25,-1.9179,2.7679,0.0530 
2014-11-26,-2.9289,0.9320,0.0286 
2014-11-27,-2.5021,0.4824,0.1225 
2014-11-28,-8.4638,-1.7813,0.2566 
2014-11-29,-2.8757,4.6579,0.3333 
2014-11-30,5.2011,13.6321,0.4736 
2014-12-01,-3.7044,12.2981,0.3756 
2014-12-02,-6.2386,0.3615,0.0651 
2014-12-03,-3.6737,2.3453,0.0361 
2014-12-04,-4.6970,0.3320,2.0024e-06 
2014-12-05,-1.9979,3.2886,0.0472 
2014-12-06,0.8158,3.7950,0.1720 
2014-12-07,-4.4387,1.3946,7.0461e-05 
2014-12-08,-0.2163,4.4859,8.4436e-05 
2014-12-09,1.6499,4.4189,1.9689 
2014-12-10,-0.9423,2.7084,0.2092 
2014-12-11,-5.4985,2.3834,0.0183 
2014-12-12,-3.5810,4.4033,6.1797e-04 
2014-12-13,-3.5976,6.6504,0.0173 
2014-12-14,3.5086,9.7379,0.0104 
2014-12-15,5.3728,9.1167,0.0328 
2014-12-16,4.9122,8.0593,4.2326 
2014-12-17,-1.4521,7.5601,0.9275 
2014-12-18,-4.4322,0.5675,0.0942 
2014-12-19,-4.8757,-0.1633,0.0365 
2014-12-20,-3.7977,-1.3577,0.0037 
2014-12-21,-3.4049,-0.0984,1.1476e-04 
2014-12-22,-1.6577,2.8425,3.1359e-06 
2014-12-23,2.5340,9.3414,0.9928 
2014-12-24,5.8170,11.9410,10.5180 
2014-12-25,1.8980,6.9975,3.0791 
2014-12-26,0.6299,5.8680,0.0133 
2014-12-27,2.9954,9.4270,0.2103 
2014-12-28,-1.0767,8.4633,0.3299 
2014-12-29,-4.2860,-0.3384,9.5179e-05 
2014-12-30,-7.5839,-2.7062,1.3682e-04 
2014-12-31,-10.8724,-6.8557,0.0721 
2015-01-01,-8.5969,-7.7297,0.0132 
