Meteorological forcing data for the Large Basin Runoff Model.      
eri, 15,   <- lake basin, subbasin            
yyyy-mm-dd, Tmin(C), Tmax(C), Prec(mm)                             
2010-01-01,-4.6729,-1.8639,1.5675 
2010-01-02,-9.3782,-3.8463,4.4167 
2010-01-03,-9.6978,-6.7834,8.2970 
2010-01-04,-8.2800,-6.7608,2.4591 
2010-01-05,-6.6242,-4.3937,4.1913 
2010-01-06,-4.7346,-3.3078,3.3876 
2010-01-07,-4.2182,-2.8125,0.6387 
2010-01-08,-7.1408,-3.8515,7.1920 
2010-01-09,-9.2103,-6.7433,0.5365 
2010-01-10,-9.1590,-4.1540,0.1887 
2010-01-11,-9.7335,-6.1493,0.9977 
2010-01-12,-7.3757,-5.7019,0.8355 
2010-01-13,-5.3516,-0.9783,0.2609 
2010-01-14,-4.5829,3.8559,1.8566e-04 
2010-01-15,-0.3250,2.0707,0.5101 
2010-01-16,-1.1580,2.8505,0.0750 
2010-01-17,0.3521,5.4966,0.0694 
2010-01-18,-1.6127,3.3423,0.0397 
2010-01-19,-2.1760,-1.1776,0.4127 
2010-01-20,-4.2500,-1.7494,0.8278 
2010-01-21,-6.2763,3.4112,0.0048 
2010-01-22,-0.5765,4.5069,0.8609 
2010-01-23,-3.0647,5.9663,0.0027 
2010-01-24,1.8784,6.0877,5.9045 
2010-01-25,0.5636,9.1887,19.6531 
2010-01-26,-3.6444,0.4150,3.2424 
2010-01-27,-6.6949,-3.1032,2.0236 
2010-01-28,-9.8939,-2.4270,7.7623 
2010-01-29,-10.2529,-8.9434,0.6849 
2010-01-30,-12.6143,-8.7099,0.1649 
2010-01-31,-12.2639,-5.4937,0.1202 
2010-02-01,-7.2261,-4.8260,0.7321 
2010-02-02,-7.9939,-2.6550,0.4090 
2010-02-03,-3.8582,-1.8380,1.3539 
2010-02-04,-5.5976,-0.8907,0.0729 
2010-02-05,-4.2270,0.5104,0.0285 
2010-02-06,-7.5560,-0.8430,0.1953 
2010-02-07,-8.4719,-6.4973,0.2432 
2010-02-08,-8.1361,-3.4313,0.0195 
2010-02-09,-9.4345,-1.1978,1.0734 
2010-02-10,-5.9925,-0.4103,10.7909 
2010-02-11,-6.2708,-3.0287,2.7053 
2010-02-12,-6.4197,-3.9998,0.5726 
2010-02-13,-6.4960,-4.1938,0.5414 
2010-02-14,-5.4011,-2.8431,3.4336 
2010-02-15,-5.6886,-0.2123,1.6706 
2010-02-16,-6.1972,-2.7764,2.4444 
2010-02-17,-5.4926,-2.3270,4.2120 
2010-02-18,-2.9865,-1.8657,4.4695 
2010-02-19,-4.3722,-1.1725,0.5478 
2010-02-20,-6.4512,-0.5649,0.1048 
2010-02-21,-4.6951,1.6532,0.0116 
2010-02-22,-1.2876,3.4519,3.5342 
2010-02-23,-1.4100,2.8227,0.8157 
2010-02-24,-3.6997,-0.1003,0.1746 
2010-02-25,-6.8527,-2.2941,2.1398 
2010-02-26,-7.0383,-1.3998,13.9943 
2010-02-27,-3.7203,-0.7447,9.0580 
2010-02-28,-1.4463,0.6322,6.5636 
2010-03-01,-2.3058,0.0372,1.1044 
2010-03-02,-7.6710,-0.0135,0.1412 
2010-03-03,-4.7814,-0.2217,0.0252 
2010-03-04,-6.0719,-0.7085,0.0112 
2010-03-05,-5.8833,-0.2689,0.0103 
2010-03-06,-7.4627,0.9037,5.2305e-04 
2010-03-07,-3.1455,3.5680,1.2012e-07 
2010-03-08,-0.7914,4.9110,0.0000 
2010-03-09,1.5815,8.4864,0.0039 
2010-03-10,4.7255,12.6916,0.0504 
2010-03-11,5.6766,11.9769,0.0692 
2010-03-12,5.7966,11.6600,0.9483 
2010-03-13,2.8766,6.5820,3.3530 
2010-03-14,0.9788,3.4702,6.6018 
2010-03-15,0.3395,2.6091,0.4990 
2010-03-16,0.5825,6.5604,0.0078 
2010-03-17,4.6429,8.5911,1.6003e-05 
2010-03-18,4.3441,9.3811,4.7380e-05 
2010-03-19,4.6714,10.8939,4.3486e-05 
2010-03-20,3.0842,10.0242,2.7547e-05 
2010-03-21,-0.5639,5.8621,0.6145 
2010-03-22,1.6930,5.5616,9.2310 
2010-03-23,1.3226,2.3099,6.2132 
2010-03-24,-1.3898,6.2330,0.6291 
2010-03-25,1.4915,6.8420,11.0515 
2010-03-26,-5.3029,0.8011,2.6192 
2010-03-27,-6.3395,6.8039,0.0000 
2010-03-28,3.4756,6.5507,3.0653 
2010-03-29,2.7825,6.6183,1.8660 
2010-03-30,-0.7878,4.7815,0.0294 
2010-03-31,2.8517,12.4738,0.0037 
2010-04-01,9.4773,21.6396,6.0081e-04 
2010-04-02,14.6981,25.3537,0.0000 
2010-04-03,15.1831,25.4476,0.0174 
2010-04-04,8.5605,17.1635,0.0639 
2010-04-05,12.4023,18.2158,0.2133 
2010-04-06,15.4341,23.3202,4.8649 
2010-04-07,18.8722,23.5940,0.9221 
2010-04-08,7.4517,20.5260,9.0621 
2010-04-09,0.3790,7.1242,0.7259 
2010-04-10,0.6625,14.9796,0.4293 
2010-04-11,6.9354,14.6474,0.2226 
2010-04-12,5.8719,11.0613,1.9753e-05 
2010-04-13,6.2051,12.0776,0.0310 
2010-04-14,7.5588,16.4510,3.8376e-07 
2010-04-15,12.8269,23.1424,0.0211 
2010-04-16,14.8396,22.6920,6.1732 
2010-04-17,2.1291,14.8586,0.7843 
2010-04-18,1.4074,7.9352,1.5218 
2010-04-19,2.0851,11.3923,0.0151 
2010-04-20,6.6678,12.4851,4.8698e-04 
2010-04-21,8.2445,14.2901,2.4086e-04 
2010-04-22,4.1686,13.0773,0.0015 
2010-04-23,3.6301,12.4664,1.5792e-04 
2010-04-24,8.9141,16.3364,0.6232 
2010-04-25,11.2261,14.8043,18.8413 
2010-04-26,8.1678,11.6366,11.1875 
2010-04-27,2.8625,10.0471,0.1242 
2010-04-28,2.3258,9.2254,0.0022 
2010-04-29,6.0443,14.0860,0.0017 
2010-04-30,12.1149,24.0592,0.0011 
2010-05-01,18.5568,26.6130,0.1183 
2010-05-02,17.9881,23.5673,0.7950 
2010-05-03,15.1221,22.2268,2.2286 
2010-05-04,12.3566,18.1149,1.0226 
2010-05-05,14.8867,25.3922,0.1362 
2010-05-06,11.2492,16.3397,18.3610 
2010-05-07,7.3825,21.0971,0.3848 
2010-05-08,3.7364,21.3336,10.7354 
2010-05-09,2.2586,5.5334,0.2946 
2010-05-10,2.9412,9.4088,1.0217e-04 
2010-05-11,5.3118,9.0626,15.4565 
2010-05-12,7.4694,11.5795,9.2355 
2010-05-13,5.4998,16.9859,1.9789 
2010-05-14,15.1135,18.8337,12.3999 
2010-05-15,8.4023,14.8174,9.6878e-04 
2010-05-16,7.1981,15.6853,5.8263e-04 
2010-05-17,12.0589,18.1721,0.1907 
2010-05-18,10.9184,15.6195,6.3113 
2010-05-19,8.3796,18.0738,0.0985 
2010-05-20,12.8987,22.4256,0.0985 
2010-05-21,18.8087,24.8233,0.0287 
2010-05-22,17.6466,23.4098,8.0034 
2010-05-23,16.2102,23.0963,0.5217 
2010-05-24,17.0156,26.4386,0.0016 
2010-05-25,18.5170,25.9466,6.0099e-04 
2010-05-26,20.6075,26.1333,0.0082 
2010-05-27,19.5890,25.5306,9.4536e-05 
2010-05-28,18.3749,24.4543,0.0085 
2010-05-29,18.7927,23.3051,0.0060 
2010-05-30,16.8280,24.8526,0.0016 
2010-05-31,22.0257,27.1938,2.7356 
2010-06-01,18.4333,24.5109,15.1074 
2010-06-02,18.2754,27.1520,0.6902 
2010-06-03,16.6086,23.8364,1.5308 
2010-06-04,15.7380,24.2252,0.1858 
2010-06-05,17.8044,23.9840,5.1838 
2010-06-06,12.4430,21.3827,34.1189 
2010-06-07,12.4494,16.2139,3.1428 
2010-06-08,10.6825,17.3535,0.0013 
2010-06-09,13.1257,20.9512,5.2970 
2010-06-10,15.6115,20.9760,0.9035 
2010-06-11,15.0097,23.6155,0.0919 
2010-06-12,21.0185,26.6767,0.0364 
2010-06-13,19.5081,24.5693,2.3631 
2010-06-14,16.6960,22.6821,0.5176 
2010-06-15,17.4455,25.1817,0.0414 
2010-06-16,19.9018,25.0180,1.1863 
2010-06-17,14.0862,22.5904,0.1561 
2010-06-18,17.2203,26.3888,0.0073 
2010-06-19,21.3057,29.9242,0.5541 
2010-06-20,19.3433,26.5858,0.1523 
2010-06-21,16.8809,24.1738,9.1892e-04 
2010-06-22,19.0804,25.4076,0.7517 
2010-06-23,21.6667,30.0412,1.2389 
2010-06-24,20.7767,29.6927,9.0916 
2010-06-25,16.6220,21.6709,0.1360 
2010-06-26,18.6150,25.6582,0.1093 
2010-06-27,19.1745,30.0068,3.1804 
2010-06-28,20.5068,26.9733,15.0188 
2010-06-29,15.2232,22.3643,0.0513 
2010-06-30,13.6077,16.3852,1.9826e-04 
2010-07-01,14.1956,18.3326,0.0107 
2010-07-02,14.3282,21.2093,0.0020 
2010-07-03,18.1643,26.6017,0.0098 
2010-07-04,21.9338,29.3371,0.0000 
2010-07-05,24.5626,29.8602,0.0192 
2010-07-06,26.8975,29.9416,0.0151 
2010-07-07,26.3086,30.5200,0.0024 
2010-07-08,26.0368,30.8697,0.0197 
2010-07-09,19.8398,29.3058,22.2213 
2010-07-10,19.2769,23.7489,0.7888 
2010-07-11,21.1668,26.8002,0.0222 
2010-07-12,21.3381,26.1642,0.1121 
2010-07-13,20.7878,24.7394,0.1531 
2010-07-14,20.7833,25.1492,0.0342 
2010-07-15,21.0878,30.2179,0.0538 
2010-07-16,20.2466,29.6458,0.4263 
2010-07-17,22.8620,29.3118,0.0041 
2010-07-18,19.4788,28.9119,0.2027 
2010-07-19,19.4509,28.6957,13.1869 
2010-07-20,19.2995,23.5540,0.7106 
2010-07-21,20.1510,25.0192,0.2669 
2010-07-22,18.5618,25.1306,0.2490 
2010-07-23,24.0005,29.6166,16.1974 
2010-07-24,22.8890,29.7508,24.5597 
2010-07-25,20.3865,25.6069,22.0977 
2010-07-26,18.7804,23.7134,0.1434 
2010-07-27,20.3437,26.2483,0.0427 
2010-07-28,21.4688,30.0140,0.1317 
2010-07-29,18.2904,21.2444,12.0607 
2010-07-30,17.8817,21.7883,0.0132 
2010-07-31,18.1687,24.0590,0.2053 
2010-08-01,19.8129,25.5925,0.1124 
2010-08-02,18.9473,26.0070,0.4256 
2010-08-03,22.0262,28.5874,0.7532 
2010-08-04,23.2829,27.4465,0.1163 
2010-08-05,20.9374,26.1602,7.6467 
2010-08-06,19.0137,21.3834,8.3188 
2010-08-07,17.1804,21.7767,0.8929 
2010-08-08,19.4816,27.4229,0.0283 
2010-08-09,22.7013,28.5528,0.6104 
2010-08-10,20.5983,26.3320,1.5889 
2010-08-11,21.7281,26.6972,0.0993 
2010-08-12,21.0129,26.1737,4.6170 
2010-08-13,20.5101,27.3524,0.0054 
2010-08-14,20.5732,29.6267,0.0080 
2010-08-15,20.7778,27.8673,1.4285 
2010-08-16,20.4043,26.7284,0.5310 
2010-08-17,20.1615,24.0474,0.0134 
2010-08-18,20.5844,23.3644,0.0113 
2010-08-19,19.5830,25.0140,0.0058 
2010-08-20,18.4065,24.5755,0.5369 
2010-08-21,22.0862,29.4505,1.5952 
2010-08-22,19.3399,25.4743,29.0792 
2010-08-23,18.0424,19.9810,3.6651 
2010-08-24,16.3930,23.4573,0.2333 
2010-08-25,19.2973,23.0323,0.4998 
2010-08-26,16.0160,19.4957,1.6968 
2010-08-27,15.7128,20.1193,0.0196 
2010-08-28,16.9233,25.6267,0.0272 
2010-08-29,20.8220,27.4761,0.0124 
2010-08-30,23.9398,29.7693,9.3045e-04 
2010-08-31,23.9157,30.0567,0.0126 
2010-09-01,23.8052,29.4229,1.4274e-04 
2010-09-02,23.7610,28.1634,0.0086 
2010-09-03,19.7197,26.5804,5.0768 
2010-09-04,14.1369,19.8025,8.8264 
2010-09-05,13.6350,16.7048,0.5430 
2010-09-06,14.4348,23.4776,0.2193 
2010-09-07,19.2709,28.4986,3.1514 
2010-09-08,15.0298,21.9049,7.8964 
2010-09-09,13.7178,16.2646,0.2584 
2010-09-10,12.9605,16.9631,0.3182 
2010-09-11,13.5705,21.5828,0.0287 
2010-09-12,14.1986,20.6050,8.4788 
2010-09-13,14.1630,20.5815,0.1203 
2010-09-14,13.2320,19.9376,0.0146 
2010-09-15,11.7406,16.2861,0.0077 
2010-09-16,13.6435,19.0394,15.9052 
2010-09-17,11.7225,16.8633,11.1053 
2010-09-18,11.4637,21.6247,0.0607 
2010-09-19,14.0797,19.3926,0.2348 
2010-09-20,11.0005,15.6789,0.0303 
2010-09-21,11.0946,26.0708,0.1633 
2010-09-22,18.7710,24.7111,3.8016 
2010-09-23,16.2705,26.9672,0.3977 
2010-09-24,21.6708,29.0458,0.0385 
2010-09-25,13.7071,23.1610,0.0207 
2010-09-26,10.6493,14.6817,0.2420 
2010-09-27,11.8870,17.0192,2.6763 
2010-09-28,14.0233,17.2584,23.6987 
2010-09-29,11.4364,17.3326,3.0318 
2010-09-30,13.1880,16.0928,0.4289 
2010-10-01,10.8659,15.0156,0.1419 
2010-10-02,9.5055,12.8744,2.2314 
2010-10-03,6.6459,9.5448,24.8797 
2010-10-04,6.4443,9.6114,6.9086 
2010-10-05,7.8054,9.7431,14.3132 
2010-10-06,9.7693,12.1636,5.6025 
2010-10-07,11.2597,14.8328,0.3290 
2010-10-08,10.9651,17.5978,0.0279 
2010-10-09,12.9756,17.4308,0.0054 
2010-10-10,10.9480,21.3343,0.0306 
2010-10-11,14.0118,18.9688,0.2876 
2010-10-12,9.3584,15.2032,4.6146 
2010-10-13,6.3987,15.0822,0.1108 
2010-10-14,8.9360,14.2404,6.2705 
2010-10-15,8.2597,11.4917,11.4800 
2010-10-16,7.9268,11.2928,0.0093 
2010-10-17,9.5197,12.5033,2.4499e-04 
2010-10-18,8.7679,11.1254,0.2936 
2010-10-19,6.0805,10.3275,3.6294 
2010-10-20,6.3874,14.5682,0.0045 
2010-10-21,6.8698,14.3426,12.2386 
2010-10-22,4.8559,8.3473,1.5247 
2010-10-23,7.0024,15.8820,0.3149 
2010-10-24,12.5502,19.5179,0.2319 
2010-10-25,15.4890,18.4764,1.7366 
2010-10-26,16.6459,22.9017,9.6653 
2010-10-27,10.4105,17.3054,9.2804 
2010-10-28,7.7662,15.4567,2.8176 
2010-10-29,5.6839,7.8794,5.3521 
2010-10-30,3.2707,10.7042,0.0069 
2010-10-31,4.0880,10.3076,0.2067 
2010-11-01,1.5787,5.1470,0.0500 
2010-11-02,1.3072,6.7928,0.0038 
2010-11-03,1.2043,9.7113,0.0238 
2010-11-04,3.7530,7.6561,2.9721 
2010-11-05,2.8333,6.1464,10.3257 
2010-11-06,2.0363,3.8460,6.4071 
2010-11-07,0.0699,5.3974,0.6313 
2010-11-08,1.6928,7.6549,0.0025 
2010-11-09,4.3093,8.2346,6.1372e-04 
2010-11-10,4.5182,9.8021,0.0220 
2010-11-11,4.0728,12.5532,0.0026 
2010-11-12,8.7332,13.8369,1.6786e-04 
2010-11-13,9.5426,15.4546,1.0244e-06 
2010-11-14,7.3728,11.6461,1.5083 
2010-11-15,2.2260,9.8227,0.0878 
2010-11-16,4.2081,11.0240,5.0983 
2010-11-17,5.8029,13.1471,10.6418 
2010-11-18,4.0761,8.0364,2.1635 
2010-11-19,1.1972,6.2705,0.4397 
2010-11-20,4.8119,6.9336,0.0536 
2010-11-21,0.5827,12.7381,0.0168 
2010-11-22,12.7378,15.6415,13.9244 
2010-11-23,3.0706,17.0122,3.5351 
2010-11-24,0.4265,3.5915,0.0536 
2010-11-25,2.4895,9.2288,8.4930 
2010-11-26,-2.1390,11.4536,14.4300 
2010-11-27,-2.6353,1.5578,2.8641 
2010-11-28,-1.7285,2.1663,0.4149 
2010-11-29,-1.6077,6.1090,0.3963 
2010-11-30,4.0739,13.4275,26.8076 
2010-12-01,-2.4833,14.0776,38.7575 
2010-12-02,-3.7249,-1.5585,1.3639 
2010-12-03,-3.4322,-0.3842,2.3251 
2010-12-04,-1.7523,-0.0775,1.9355 
2010-12-05,-3.7689,-1.6662,2.3036 
2010-12-06,-3.2811,-1.9693,13.4997 
2010-12-07,-3.7671,-3.3198,6.4943 
2010-12-08,-4.4644,-3.8082,2.7513 
2010-12-09,-5.5190,-4.0359,2.3047 
2010-12-10,-6.7601,1.6319,0.4265 
2010-12-11,-2.9306,3.7874,0.0140 
2010-12-12,0.8115,3.1896,10.0273 
2010-12-13,-9.3423,0.3120,3.1103 
2010-12-14,-9.2030,-6.5181,4.8568 
2010-12-15,-6.4566,-4.3329,3.3973 
2010-12-16,-7.6656,-4.2198,1.6911 
2010-12-17,-6.5857,-2.4159,1.9006 
2010-12-18,-9.6479,-3.3261,0.3052 
2010-12-19,-11.6868,-3.9327,0.2492 
2010-12-20,-5.4911,-2.0808,2.2355 
2010-12-21,-5.1329,-2.0882,1.6044 
2010-12-22,-5.7101,-3.2460,0.6919 
2010-12-23,-3.3098,-2.4867,1.3130 
2010-12-24,-4.3860,-3.2482,0.1901 
2010-12-25,-4.5369,-3.3657,0.4483 
2010-12-26,-5.8811,-4.3674,1.3446 
2010-12-27,-7.7631,-3.4465,0.3633 
2010-12-28,-4.3294,-2.7432,0.1009 
2010-12-29,-5.6453,-0.2379,0.1028 
2010-12-30,-3.4513,4.2868,0.2278 
2010-12-31,3.9163,6.3361,1.5370 
2011-01-01,4.1547,7.6766,12.8653 
2011-01-02,-7.9455,2.6062,0.7676 
2011-01-03,-6.5822,-1.3406,0.9691 
2011-01-04,-2.6234,0.3632,0.6421 
2011-01-05,-5.6250,-1.5177,4.7976 
2011-01-06,-7.7078,-2.6052,1.7772 
2011-01-07,-7.2041,-2.6681,5.6066 
2011-01-08,-7.7789,-6.1784,3.5643 
2011-01-09,-7.3985,-5.3383,2.0109 
2011-01-10,-7.3127,-5.3768,0.3832 
2011-01-11,-8.0591,-2.2090,3.0259 
2011-01-12,-8.3275,-2.8515,9.7282 
2011-01-13,-8.8759,-6.4870,1.2306 
2011-01-14,-7.8101,-5.3960,2.0662 
2011-01-15,-7.9977,-1.4112,4.4907 
2011-01-16,-9.8104,-4.6949,0.4122 
2011-01-17,-13.6581,-1.3680,0.0958 
2011-01-18,-1.2627,5.3426,1.2866 
2011-01-19,-5.8363,2.2522,1.9123 
2011-01-20,-9.4027,-6.0488,1.2908 
2011-01-21,-11.7397,-7.1867,4.4573 
2011-01-22,-15.4453,-9.3172,0.4204 
2011-01-23,-15.0101,-9.3997,4.3359 
2011-01-24,-16.8042,-6.0410,0.8900 
2011-01-25,-5.7459,-1.7271,2.3062 
2011-01-26,-6.1044,-1.9333,0.0506 
2011-01-27,-5.0093,-2.9505,0.9554 
2011-01-28,-4.8585,-3.7062,3.1594 
2011-01-29,-5.4735,-2.3260,4.0063 
2011-01-30,-7.0594,-3.5717,0.6369 
2011-01-31,-12.5562,-5.7204,0.4481 
2011-02-01,-6.2057,-3.6287,3.7076 
2011-02-02,-5.9245,6.3377,14.3545 
2011-02-03,-10.7745,-5.0995,2.4211 
2011-02-04,-10.1729,-1.6651,0.0133 
2011-02-05,-4.4623,1.2829,7.6514 
2011-02-06,-6.3365,-0.9109,2.7184 
2011-02-07,-2.1494,1.1886,2.2961 
2011-02-08,-12.1151,-1.6420,5.2179 
2011-02-09,-12.5865,-6.8052,0.0268 
2011-02-10,-15.2932,-9.6060,0.2681 
2011-02-11,-12.4211,-4.2798,0.1933 
2011-02-12,-4.3634,-2.6763,11.1019 
2011-02-13,-4.4847,5.0172,1.4480 
2011-02-14,-2.8838,5.7307,2.2515 
2011-02-15,-12.5809,-1.2348,0.1529 
2011-02-16,-2.0384,5.3881,0.2682 
2011-02-17,3.6085,7.8435,0.7651 
2011-02-18,2.9446,8.0402,0.1944 
2011-02-19,-5.8578,2.4571,0.5366 
2011-02-20,-9.3822,1.0755,0.2600 
2011-02-21,-5.9141,-0.4898,15.0746 
2011-02-22,-9.8019,-3.9944,0.5077 
2011-02-23,-6.7249,1.1373,0.0094 
2011-02-24,-2.1861,3.6514,2.3458 
2011-02-25,-2.3511,-0.9220,18.7730 
2011-02-26,-7.9733,0.2941,1.3362 
2011-02-27,-2.8563,5.7233,2.1755 
2011-02-28,-1.8234,7.7221,34.8346 
2011-03-01,-9.4414,2.1676,0.0170 
2011-03-02,-7.5065,1.6840,0.3630 
2011-03-03,-12.3999,0.3565,0.0507 
2011-03-04,-0.6153,5.3767,2.2102 
2011-03-05,4.0723,7.8897,21.1646 
2011-03-06,-3.6804,7.9220,18.8151 
2011-03-07,-9.2160,-2.7335,0.3002 
2011-03-08,-5.4402,5.7277,0.0746 
2011-03-09,1.4073,4.4473,3.6112 
2011-03-10,4.1580,8.6042,13.2982 
2011-03-11,-1.3381,3.1646,21.5764 
2011-03-12,-1.6337,6.2263,2.7016 
2011-03-13,-1.0640,2.1503,0.6089 
2011-03-14,-6.7357,1.1523,0.3471 
2011-03-15,-2.5382,7.0608,0.8419 
2011-03-16,2.2483,3.9815,4.4914 
2011-03-17,3.0165,10.7562,0.0077 
2011-03-18,5.2980,11.2778,0.0311 
2011-03-19,-2.9839,4.8824,0.1802 
2011-03-20,-3.7880,7.0950,0.0208 
2011-03-21,4.3931,9.8241,26.9031 
2011-03-22,-0.9645,5.6661,0.1268 
2011-03-23,0.1136,2.2644,11.3791 
2011-03-24,-3.1495,0.1765,0.4091 
2011-03-25,-8.0570,-3.1230,0.0825 
2011-03-26,-9.3635,-4.3385,0.2702 
2011-03-27,-7.4166,-3.4532,4.0779e-04 
2011-03-28,-9.5250,-2.4733,0.0068 
2011-03-29,-6.2794,0.4244,0.0090 
2011-03-30,-2.4160,4.4301,1.6824 
2011-03-31,-0.3909,1.8808,4.6546 
2011-04-01,-1.8482,2.8106,1.0113 
2011-04-02,-0.6386,4.6092,0.0581 
2011-04-03,-1.1525,5.5309,2.0216 
2011-04-04,2.3149,15.8838,18.2071 
2011-04-05,-0.9666,10.6808,8.1852 
2011-04-06,-0.5054,3.6522,14.6507 
2011-04-07,0.1216,7.3635,2.5562 
2011-04-08,3.6658,6.3048,2.5878 
2011-04-09,1.3633,12.6945,0.1709 
2011-04-10,7.3323,19.6889,0.0346 
2011-04-11,9.8642,19.8843,4.7831 
2011-04-12,3.6992,9.0533,0.7882 
2011-04-13,4.1392,6.9637,6.3196 
2011-04-14,4.5656,8.3703,0.1450 
2011-04-15,1.1898,14.4630,0.0047 
2011-04-16,6.9835,13.5212,12.0239 
2011-04-17,1.4975,9.2553,2.0198 
2011-04-18,0.0690,4.2042,3.9208 
2011-04-19,0.8320,8.1041,2.7720 
2011-04-20,6.3493,16.7267,17.9814 
2011-04-21,0.2966,6.0425,0.3661 
2011-04-22,1.6995,6.0629,2.8371 
2011-04-23,5.2764,18.4123,24.7853 
2011-04-24,7.8985,15.9021,1.7006 
2011-04-25,9.6661,14.2594,11.7478 
2011-04-26,11.8815,24.2497,14.4487 
2011-04-27,16.8773,24.5911,0.7992 
2011-04-28,9.2718,20.5290,0.3374 
2011-04-29,3.4829,10.3980,2.0356 
2011-04-30,3.3011,15.8065,0.1215 
2011-05-01,13.4852,16.9987,1.4570 
2011-05-02,6.9002,15.8144,5.9807 
2011-05-03,4.3305,8.4515,23.5525 
2011-05-04,3.9187,8.2410,3.0386 
2011-05-05,4.1066,12.2182,0.0022 
2011-05-06,9.0022,15.1394,0.8961 
2011-05-07,8.8857,14.4674,2.3466 
2011-05-08,9.2608,14.0485,0.0056 
2011-05-09,8.9636,15.6141,1.7728e-05 
2011-05-10,10.5593,20.9808,0.0038 
2011-05-11,15.4915,23.3062,1.2203 
2011-05-12,17.4871,26.3339,0.0359 
2011-05-13,18.0001,25.9954,1.0551 
2011-05-14,16.4583,20.3444,4.8341 
2011-05-15,7.2657,16.7866,30.2785 
2011-05-16,5.5530,8.8837,3.7316 
2011-05-17,6.7189,14.2094,2.2331 
2011-05-18,13.7266,20.8928,5.9284 
2011-05-19,11.2934,18.0190,7.8849 
2011-05-20,12.8108,18.2856,0.0534 
2011-05-21,13.4893,20.7321,0.0011 
2011-05-22,18.2192,26.2315,0.2448 
2011-05-23,18.7580,26.0847,2.1909 
2011-05-24,16.3183,20.6248,28.5419 
2011-05-25,11.8506,25.2741,0.0249 
2011-05-26,16.3826,24.7942,30.5112 
2011-05-27,15.0027,18.7438,14.5326 
2011-05-28,15.8344,22.4037,2.2239 
2011-05-29,16.1694,26.6531,0.8944 
2011-05-30,22.2072,27.8383,7.8686 
2011-05-31,24.2578,30.6591,0.0113 
2011-06-01,21.4341,30.5435,0.0173 
2011-06-02,11.0091,20.9861,2.5026e-04 
2011-06-03,10.2010,18.8094,4.8361e-04 
2011-06-04,15.5756,26.5985,3.3183 
2011-06-05,15.6682,23.0711,0.4166 
2011-06-06,16.7596,24.7354,0.0056 
2011-06-07,20.6025,27.3588,7.5078 
2011-06-08,23.2633,31.3029,1.9736 
2011-06-09,24.7682,30.9114,0.4953 
2011-06-10,14.0072,24.1265,0.3038 
2011-06-11,16.1282,23.9958,1.5668 
2011-06-12,12.0828,22.4510,6.1731 
2011-06-13,11.8867,17.5999,0.0999 
2011-06-14,11.8036,16.7926,0.7882 
2011-06-15,14.0830,23.9493,0.0104 
2011-06-16,17.3810,23.8543,3.2321 
2011-06-17,14.6225,21.4401,0.2258 
2011-06-18,17.8832,23.6376,0.0019 
2011-06-19,17.0471,23.8297,0.0166 
2011-06-20,19.4512,24.5998,0.7883 
2011-06-21,20.0181,27.8030,1.3709 
2011-06-22,19.9177,27.6761,11.6847 
2011-06-23,18.1313,25.9709,21.0629 
2011-06-24,16.8261,20.5436,11.8334 
2011-06-25,15.0991,17.9476,3.1287 
2011-06-26,15.6687,21.4842,0.1535 
2011-06-27,16.6356,26.6885,0.0263 
2011-06-28,19.3950,25.8022,0.0618 
2011-06-29,15.2661,20.9913,0.2890 
2011-06-30,15.5575,21.7561,0.0079 
2011-07-01,17.8835,24.1616,0.0102 
2011-07-02,19.6929,26.1313,0.1934 
2011-07-03,19.6846,25.9174,3.6508 
2011-07-04,19.4501,24.3920,0.0413 
2011-07-05,18.9320,25.4031,0.0026 
2011-07-06,22.5262,27.8795,1.2717e-04 
2011-07-07,19.4497,24.9124,0.0140 
2011-07-08,18.6264,24.2677,1.8308 
2011-07-09,18.3103,25.2900,0.0277 
2011-07-10,22.4622,28.7614,4.8240e-04 
2011-07-11,24.2677,31.9551,0.2150 
2011-07-12,21.6436,31.6136,0.3261 
2011-07-13,18.5201,24.8979,0.4253 
2011-07-14,17.6867,24.3993,0.0159 
2011-07-15,20.3264,26.9560,2.0552e-04 
2011-07-16,20.8209,28.2867,2.8998e-04 
2011-07-17,21.1516,29.0785,1.9897e-04 
2011-07-18,22.9683,30.3177,2.3986 
2011-07-19,19.9599,30.2279,1.4245 
2011-07-20,22.3207,30.6248,0.0025 
2011-07-21,26.7505,32.8095,0.0106 
2011-07-22,24.0870,32.0607,0.1966 
2011-07-23,25.8200,30.1180,0.2226 
2011-07-24,20.4827,26.9338,7.0807 
2011-07-25,22.4851,28.3157,1.7237 
2011-07-26,21.5856,24.2474,0.0692 
2011-07-27,18.6837,23.8609,0.0022 
2011-07-28,21.7596,27.9042,9.8887 
2011-07-29,21.3764,27.7794,6.4549 
2011-07-30,21.0878,26.4418,0.0553 
2011-07-31,22.7964,28.3616,0.0341 
2011-08-01,22.8500,26.6737,0.1957 
2011-08-02,21.2096,26.4979,0.1462 
2011-08-03,20.2182,25.4058,9.1042 
2011-08-04,19.6246,23.7727,8.5007 
2011-08-05,20.3486,25.3402,0.0092 
2011-08-06,21.5171,27.1051,0.0491 
2011-08-07,20.2362,26.2658,4.8972 
2011-08-08,19.2932,24.4918,2.6194 
2011-08-09,19.2394,22.8481,20.9003 
2011-08-10,17.6883,22.2879,6.6133 
2011-08-11,17.7886,20.9131,0.1067 
2011-08-12,18.1528,24.0045,9.8954e-04 
2011-08-13,19.1711,24.9420,0.0376 
2011-08-14,19.8960,23.6230,6.7304 
2011-08-15,18.2986,21.5941,10.1768 
2011-08-16,18.8221,23.4999,1.4419 
2011-08-17,20.4929,25.2112,0.0152 
2011-08-18,21.6602,25.9676,0.0769 
2011-08-19,20.6953,24.6987,1.2017 
2011-08-20,19.3724,27.3984,0.0908 
2011-08-21,17.1849,26.1135,18.2970 
2011-08-22,15.4437,20.1776,0.6366 
2011-08-23,16.1200,23.9751,0.0024 
2011-08-24,18.1763,27.8507,0.0815 
2011-08-25,18.9064,27.0091,33.6221 
2011-08-26,17.3375,21.8976,0.0128 
2011-08-27,17.3016,22.7268,0.0111 
2011-08-28,17.5210,21.3767,0.0075 
2011-08-29,16.7020,20.8192,0.0097 
2011-08-30,18.1318,23.1358,0.0021 
2011-08-31,18.4974,24.8298,0.0066 
2011-09-01,18.2562,27.0328,11.2831 
2011-09-02,20.6613,29.4915,0.0865 
2011-09-03,23.4504,30.2384,0.0397 
2011-09-04,21.3429,28.2520,8.5307 
2011-09-05,15.7920,20.7726,12.9308 
2011-09-06,13.7816,16.0357,0.9952 
2011-09-07,13.3682,17.8676,1.8762 
2011-09-08,17.2174,20.8674,0.3384 
2011-09-09,16.7785,22.8968,3.2171 
2011-09-10,18.1947,22.1177,6.7119 
2011-09-11,17.0961,21.1595,0.5856 
2011-09-12,16.8802,23.8340,0.0259 
2011-09-13,18.5440,25.7386,0.0257 
2011-09-14,14.1557,19.9650,0.3277 
2011-09-15,10.2460,16.1096,11.1772 
2011-09-16,10.1924,12.6509,0.0432 
2011-09-17,10.9121,15.8585,7.7955e-05 
2011-09-18,9.3977,18.4136,0.0114 
2011-09-19,12.5793,17.1018,8.3821 
2011-09-20,13.8093,18.2614,2.9214 
2011-09-21,16.1799,23.2918,2.4735 
2011-09-22,16.9771,21.0435,4.8984 
2011-09-23,15.9963,19.2564,12.2924 
2011-09-24,12.0352,18.4290,1.4782 
2011-09-25,15.5768,23.3947,0.0146 
2011-09-26,18.0593,24.6763,1.4764 
2011-09-27,15.5641,20.5899,18.1178 
2011-09-28,14.9861,19.5488,0.6768 
2011-09-29,13.6786,16.6083,1.6322 
2011-09-30,10.8753,14.9509,4.8663 
2011-10-01,8.3928,10.3006,11.2456 
2011-10-02,4.9017,9.2878,11.5295 
2011-10-03,8.8781,12.2324,5.7668 
2011-10-04,11.2435,15.2990,3.4026 
2011-10-05,12.5729,16.4143,0.0269 
2011-10-06,8.6991,17.5075,0.0337 
2011-10-07,13.5328,21.3974,0.0318 
2011-10-08,14.8302,23.5829,0.0272 
2011-10-09,16.6520,23.2819,0.0058 
2011-10-10,18.4479,23.4882,0.0285 
2011-10-11,17.5002,23.9108,0.0268 
2011-10-12,13.4533,21.0901,8.4719 
2011-10-13,13.4759,20.0206,0.9401 
2011-10-14,10.6835,17.7091,18.1518 
2011-10-15,7.5583,10.3897,27.3877 
2011-10-16,9.5797,11.7401,8.3664 
2011-10-17,9.3211,12.0744,0.7985 
2011-10-18,7.7121,12.4888,0.2207 
2011-10-19,10.2204,18.8354,2.4193 
2011-10-20,7.1828,15.7759,11.1874 
2011-10-21,5.9551,7.7468,14.8437 
2011-10-22,6.4328,9.1261,0.3178 
2011-10-23,6.6776,14.2001,8.9256e-05 
2011-10-24,8.9578,12.4371,2.1174 
2011-10-25,8.2366,13.7647,0.2989 
2011-10-26,10.0418,13.0088,6.3268 
2011-10-27,2.6708,9.4564,13.5293 
2011-10-28,1.7520,7.0402,0.0415 
2011-10-29,1.2099,6.5948,0.8654 
2011-10-30,-0.6705,8.2571,0.1820 
2011-10-31,3.8778,8.0587,0.0647 
2011-11-01,3.4996,11.4279,0.2749 
2011-11-02,6.8629,15.5135,1.3275e-04 
2011-11-03,10.0349,13.3650,4.1910e-05 
2011-11-04,4.3570,9.0966,0.0102 
2011-11-05,0.2000,10.1392,8.1481e-05 
2011-11-06,3.8958,13.0303,1.4462e-04 
2011-11-07,7.6373,16.0709,0.0209 
2011-11-08,10.4435,19.0868,0.0095 
2011-11-09,12.8110,17.8741,0.8369 
2011-11-10,4.9430,15.2279,4.3221 
2011-11-11,1.8207,4.8226,9.3752 
2011-11-12,1.4989,13.0718,0.4388 
2011-11-13,9.4378,15.3322,0.0010 
2011-11-14,13.9520,16.7473,23.0701 
2011-11-15,9.5784,17.1267,9.7780 
2011-11-16,6.0566,11.7076,0.0487 
2011-11-17,0.6878,5.6686,2.3356 
2011-11-18,-0.1687,4.6577,0.8542 
2011-11-19,3.0975,9.4887,0.1176 
2011-11-20,7.8714,13.6583,0.4687 
2011-11-21,2.0007,7.3130,0.0358 
2011-11-22,1.6660,7.1144,5.1254 
2011-11-23,2.2883,10.8664,20.5147 
2011-11-24,1.6794,9.1157,0.0159 
2011-11-25,4.8190,12.5540,0.0029 
2011-11-26,8.1883,12.6777,3.2810e-05 
2011-11-27,11.3526,13.9073,1.9658 
2011-11-28,4.1048,13.7649,12.8947 
2011-11-29,9.3418,14.5677,14.4751 
2011-11-30,0.6286,7.7686,3.9211 
2011-12-01,-0.2165,4.3293,4.4403e-04 
2011-12-02,-0.8535,2.5804,1.3920 
2011-12-03,-2.0018,6.6572,0.1173 
2011-12-04,5.0230,11.5134,0.7292 
2011-12-05,6.3229,9.7818,13.9826 
2011-12-06,2.1660,5.7516,17.2709 
2011-12-07,-0.4257,2.7549,1.2387 
2011-12-08,-0.8751,2.4220,0.2797 
2011-12-09,-1.0759,1.9125,1.3441 
2011-12-10,-4.0337,0.1735,1.1499 
2011-12-11,-7.1826,1.3451,0.3400 
2011-12-12,-2.2382,4.2306,0.0254 
2011-12-13,-0.0227,5.3966,4.3212e-04 
2011-12-14,2.2553,6.4076,4.2783 
2011-12-15,6.7355,13.2603,27.3172 
2011-12-16,0.1616,8.5544,0.8518 
2011-12-17,-3.5741,0.0055,1.1643 
2011-12-18,-4.8170,-0.0423,1.6248 
2011-12-19,-0.8821,5.3893,0.3321 
2011-12-20,-1.5176,5.6151,1.3370 
2011-12-21,2.2921,14.0193,20.8429 
2011-12-22,3.7080,8.2441,2.3663 
2011-12-23,-2.7721,3.5821,7.9330 
2011-12-24,-4.2472,1.0353,0.2481 
2011-12-25,-0.7976,4.2079,0.2372 
2011-12-26,0.1322,3.7598,3.2427 
2011-12-27,1.0524,2.7430,5.4877 
2011-12-28,-4.8266,1.3297,7.2554 
2011-12-29,-6.7322,1.2003,0.7315 
2011-12-30,1.4411,6.9680,1.4664 
2011-12-31,1.8656,7.2090,3.8546 
2012-01-01,1.5683,7.7315,3.0602 
2012-01-02,-2.9700,2.1006,11.1379 
2012-01-03,-10.7924,-3.1578,6.1488 
2012-01-04,-11.4763,-2.0014,0.0383 
2012-01-05,-1.9186,0.9524,0.1197 
2012-01-06,0.5214,8.2965,1.8134e-05 
2012-01-07,2.0177,5.8652,0.0505 
2012-01-08,-1.5982,1.9442,0.3238 
2012-01-09,-3.2631,2.7900,0.0025 
2012-01-10,0.7416,2.4194,0.0963 
2012-01-11,-0.1031,6.6793,0.2804 
2012-01-12,4.3958,6.7717,9.6095 
2012-01-13,-7.4937,5.3127,12.6512 
2012-01-14,-5.5050,-3.1092,7.3975 
2012-01-15,-10.9759,-5.5650,0.6126 
2012-01-16,-8.6364,4.4589,0.1905 
2012-01-17,4.7695,10.7488,20.7079 
2012-01-18,-6.1266,4.6166,1.7771 
2012-01-19,-8.7309,-2.0899,5.7411 
2012-01-20,-9.7501,-4.9714,1.3040 
2012-01-21,-7.3151,-4.3690,3.9179 
2012-01-22,-7.9557,3.4542,0.0364 
2012-01-23,2.3855,10.9202,6.1388 
2012-01-24,-1.5601,8.7205,0.7780 
2012-01-25,-3.3176,-0.7529,0.4531 
2012-01-26,-2.3581,3.7964,4.8296 
2012-01-27,0.0189,6.9720,29.9627 
2012-01-28,-3.0275,1.0906,5.0877 
2012-01-29,-2.1641,1.1782,5.4908 
2012-01-30,-5.0160,0.2292,6.2633 
2012-01-31,0.8737,9.5019,0.0868 
2012-02-01,1.3048,7.7665,4.4863 
2012-02-02,-1.7614,1.3040,0.0968 
2012-02-03,-2.6597,2.9448,0.0277 
2012-02-04,-1.7847,1.4663,0.0162 
2012-02-05,-2.0541,1.3014,3.7572e-04 
2012-02-06,-1.6658,4.7763,0.0135 
2012-02-07,-1.6643,3.4928,0.7482 
2012-02-08,-4.1168,-1.2320,0.2801 
2012-02-09,-4.9082,1.1786,0.0083 
2012-02-10,-6.2316,-0.1213,0.7883 
2012-02-11,-9.3571,-1.5750,9.4263 
2012-02-12,-8.4950,-4.2675,3.8181 
2012-02-13,-4.1025,-0.3127,0.0271 
2012-02-14,-3.5293,1.6568,0.8649 
2012-02-15,-1.2041,2.8642,0.2867 
2012-02-16,0.5319,4.5614,4.4787 
2012-02-17,-1.5459,2.6962,1.5343 
2012-02-18,-1.2721,1.2793,1.3513 
2012-02-19,-4.2299,-0.7044,0.4852 
2012-02-20,-5.0055,-0.1615,0.0376 
2012-02-21,-2.0029,4.6704,2.4638 
2012-02-22,0.8545,5.5617,5.5232 
2012-02-23,-0.2072,3.5042,7.2133 
2012-02-24,-0.0865,7.4390,11.0825 
2012-02-25,-3.0549,-0.5247,7.5033 
2012-02-26,-4.5775,1.5633,0.0944 
2012-02-27,-0.3058,4.8551,0.2585 
2012-02-28,-3.6332,1.6052,0.0850 
2012-02-29,-0.0535,10.1504,7.2252 
2012-03-01,0.7617,9.1084,0.9355 
2012-03-02,-0.1633,9.8188,0.6359 
2012-03-03,0.7969,10.5549,6.1471 
2012-03-04,-3.9595,0.5347,1.1129 
2012-03-05,-10.5294,-4.2448,0.2461 
2012-03-06,-6.8559,7.3575,0.3096 
2012-03-07,5.8713,13.9098,2.7500e-05 
2012-03-08,4.4326,14.3210,11.8953 
2012-03-09,-1.4684,3.1737,3.7009 
2012-03-10,-5.9111,3.6035,0.0855 
2012-03-11,2.5444,14.4380,7.2045e-04 
2012-03-12,9.1102,13.6589,6.3619 
2012-03-13,10.8237,14.7266,3.3984 
2012-03-14,6.9223,18.7600,0.0384 
2012-03-15,14.7447,23.5770,4.8819 
2012-03-16,13.3852,20.3254,7.3838 
2012-03-17,13.7592,22.3146,0.0279 
2012-03-18,15.5944,21.3096,0.5408 
2012-03-19,15.0217,20.5199,3.0984 
2012-03-20,15.2939,23.7593,0.0599 
2012-03-21,16.0653,24.7839,0.0149 
2012-03-22,15.3250,23.8024,0.0027 
2012-03-23,17.9068,24.5643,3.7803e-04 
2012-03-24,14.0654,23.4498,9.3262 
2012-03-25,8.8930,13.8763,3.2223 
2012-03-26,-1.8633,12.1688,0.0051 
2012-03-27,-3.4396,9.8277,0.0058 
2012-03-28,8.6149,15.6092,0.6046 
2012-03-29,2.0541,10.7991,0.2568 
2012-03-30,-0.8552,10.2558,5.0111 
2012-03-31,1.0359,7.6332,3.7798 
2012-04-01,1.2718,9.6341,1.5026 
2012-04-02,0.9423,7.6737,0.1679 
2012-04-03,3.4708,15.0677,0.0606 
2012-04-04,3.2712,12.0635,0.1381 
2012-04-05,0.4499,7.7376,0.0049 
2012-04-06,0.4936,7.3565,0.0029 
2012-04-07,1.8160,9.4917,7.0278e-04 
2012-04-08,5.9859,10.3466,0.1416 
2012-04-09,4.0903,9.6823,0.0125 
2012-04-10,2.6739,8.0346,0.3743 
2012-04-11,0.7697,6.2188,3.6798 
2012-04-12,1.9351,7.9932,0.2193 
2012-04-13,4.3895,11.0621,0.0046 
2012-04-14,7.9758,16.4947,0.8306 
2012-04-15,12.6420,22.2584,4.5583 
2012-04-16,17.6705,25.2909,0.0713 
2012-04-17,5.4639,18.3030,1.1851e-05 
2012-04-18,2.3930,11.7115,1.6646e-05 
2012-04-19,9.8390,18.7538,0.0646 
2012-04-20,14.6971,22.4650,0.0222 
2012-04-21,3.0516,21.3572,10.2187 
2012-04-22,3.4583,5.9774,2.0378 
2012-04-23,0.7282,5.6590,16.3467 
2012-04-24,0.6305,6.7003,4.1385 
2012-04-25,3.8524,11.6830,0.2269 
2012-04-26,6.5913,13.4527,0.5391 
2012-04-27,1.7149,6.7201,0.0903 
2012-04-28,0.5973,6.0493,0.0125 
2012-04-29,2.8359,11.1286,0.0016 
2012-04-30,4.7899,20.6440,2.8091 
2012-05-01,10.3980,18.1215,18.3241 
2012-05-02,12.7890,24.7501,0.2525 
2012-05-03,17.9284,27.5689,0.3680 
2012-05-04,17.0531,27.2477,7.6496 
2012-05-05,12.2785,18.4621,0.1065 
2012-05-06,9.5832,18.7113,7.2998e-04 
2012-05-07,13.8909,22.5997,4.6340 
2012-05-08,14.7615,17.7279,17.1404 
2012-05-09,12.3941,16.6430,0.4877 
2012-05-10,6.5787,12.1676,0.9793 
2012-05-11,8.0742,16.8447,0.0313 
2012-05-12,13.8557,21.5842,0.0080 
2012-05-13,13.3075,18.6369,8.7461e-05 
2012-05-14,13.1551,19.0922,0.0094 
2012-05-15,14.8635,21.3069,0.0270 
2012-05-16,12.9193,20.7801,0.1448 
2012-05-17,8.4868,14.0086,0.0047 
2012-05-18,11.0599,21.8380,3.0768e-04 
2012-05-19,17.9491,24.4323,5.5455e-05 
2012-05-20,22.2336,27.5904,0.0165 
2012-05-21,19.0996,26.5308,0.1581 
2012-05-22,15.5188,19.5018,0.0580 
2012-05-23,14.7871,22.1341,0.0058 
2012-05-24,17.7849,26.7888,0.0073 
2012-05-25,21.0123,28.8910,0.0625 
2012-05-26,18.3288,26.7747,0.1414 
2012-05-27,19.8340,28.5160,4.8164 
2012-05-28,20.8290,29.9356,0.7482 
2012-05-29,19.2697,28.5694,2.8229 
2012-05-30,16.7774,21.3911,0.0228 
2012-05-31,11.7638,17.0210,0.0019 
2012-06-01,12.8340,22.7346,18.6403 
2012-06-02,9.0871,17.9654,3.7246 
2012-06-03,12.4577,17.5272,7.6112 
2012-06-04,10.3214,14.4890,3.2821 
2012-06-05,9.6774,16.4236,0.0960 
2012-06-06,12.9557,18.4979,0.0044 
2012-06-07,12.5720,19.8183,0.0331 
2012-06-08,15.5861,23.0968,0.0083 
2012-06-09,19.1146,26.0141,0.3370 
2012-06-10,22.7602,28.2981,0.1229 
2012-06-11,22.4733,27.5157,0.3612 
2012-06-12,18.9885,23.6340,13.3540 
2012-06-13,11.5551,20.0969,0.0140 
2012-06-14,13.1502,23.1541,0.0000 
2012-06-15,17.6986,26.7060,0.0000 
2012-06-16,19.5097,26.6346,0.0362 
2012-06-17,20.1526,26.9708,0.6051 
2012-06-18,19.1375,27.4793,2.2516 
2012-06-19,22.2825,29.3744,0.0356 
2012-06-20,25.0375,30.0569,1.5974e-05 
2012-06-21,25.6454,30.0818,0.0031 
2012-06-22,19.8355,29.5603,0.1354 
2012-06-23,16.5892,22.4343,0.0081 
2012-06-24,18.7735,25.1110,0.0013 
2012-06-25,14.8121,25.0871,5.8029 
2012-06-26,14.6442,20.8664,0.1109 
2012-06-27,16.4326,22.8487,0.2279 
2012-06-28,20.4198,29.4763,0.0479 
2012-06-29,22.8040,29.6588,0.1994 
2012-06-30,20.0223,28.5189,0.0565 
2012-07-01,20.4493,27.5242,0.0053 
2012-07-02,21.2399,26.5244,0.0021 
2012-07-03,23.6975,30.6550,7.6495 
2012-07-04,20.6244,29.2680,8.8172 
2012-07-05,22.1812,28.7876,0.1018 
2012-07-06,25.4896,30.0876,0.0169 
2012-07-07,24.6527,30.3688,0.0464 
2012-07-08,20.5719,27.6715,1.1742 
2012-07-09,18.5233,23.6689,0.0045 
2012-07-10,18.8270,23.5334,0.0189 
2012-07-11,20.0410,26.1625,2.3739e-05 
2012-07-12,20.7106,28.0949,0.0343 
2012-07-13,21.4883,29.1181,0.2281 
2012-07-14,21.4319,27.9933,0.0763 
2012-07-15,22.3285,26.7550,11.2181 
2012-07-16,20.9843,26.8213,3.1660 
2012-07-17,24.5592,31.5077,0.0057 
2012-07-18,23.9719,31.3164,0.1713 
2012-07-19,20.0210,26.8140,7.0206 
2012-07-20,16.7721,22.3295,8.4595 
2012-07-21,16.3801,23.8383,0.0511 
2012-07-22,20.0001,27.0930,0.0163 
2012-07-23,22.6090,30.8115,0.0675 
2012-07-24,22.0347,29.4986,0.1163 
2012-07-25,18.8595,25.7200,0.0020 
2012-07-26,23.7661,30.3885,18.1586 
2012-07-27,20.1344,24.1557,5.9034 
2012-07-28,17.7237,23.5603,3.1496 
2012-07-29,19.2703,23.8290,0.2236 
2012-07-30,20.4291,26.2113,0.0012 
2012-07-31,20.8670,28.5203,0.4058 
2012-08-01,20.1778,25.6747,0.0182 
2012-08-02,20.3266,27.0223,3.1021e-04 
2012-08-03,24.0068,30.7600,0.0141 
2012-08-04,23.6829,30.6371,0.0217 
2012-08-05,20.8754,29.2429,12.3531 
2012-08-06,17.4631,22.9015,0.0976 
2012-08-07,18.8135,25.7044,7.3990e-07 
2012-08-08,22.5495,28.0238,0.3143 
2012-08-09,19.8248,24.7950,3.9206 
2012-08-10,17.4642,22.4477,13.8910 
2012-08-11,15.8288,18.6411,1.8570 
2012-08-12,17.0193,20.5779,5.9291 
2012-08-13,18.3828,23.2823,0.2394 
2012-08-14,19.4213,23.4805,3.2010 
2012-08-15,18.4278,22.3275,0.6618 
2012-08-16,18.6152,26.6846,0.0811 
2012-08-17,17.8612,25.9702,3.4932 
2012-08-18,15.9354,19.0508,0.0441 
2012-08-19,15.8128,21.2710,0.0164 
2012-08-20,17.1948,20.2644,0.4823 
2012-08-21,16.5439,21.3446,0.0591 
2012-08-22,17.0676,22.2842,0.0037 
2012-08-23,18.7642,24.4696,0.0099 
2012-08-24,20.7688,27.5614,0.0019 
2012-08-25,21.4132,29.0599,3.0787e-04 
2012-08-26,19.7157,27.4247,0.0479 
2012-08-27,19.2962,25.1753,17.3047 
2012-08-28,18.4202,22.0944,3.0446 
2012-08-29,16.7662,21.0413,0.1612 
2012-08-30,16.3741,25.7875,0.0790 
2012-08-31,20.6811,28.5516,0.0062 
2012-09-01,20.2881,26.9325,0.0659 
2012-09-02,20.1013,26.3866,0.1763 
2012-09-03,20.5640,26.8974,0.1774 
2012-09-04,20.2823,26.6190,9.6368 
2012-09-05,19.4423,25.3564,3.0561 
2012-09-06,19.7687,24.4156,0.4035 
2012-09-07,19.0688,25.8781,1.4088 
2012-09-08,15.1026,21.0128,28.2910 
2012-09-09,14.4166,17.1693,8.4154 
2012-09-10,14.1826,16.8461,0.1151 
2012-09-11,14.2952,21.4711,0.0108 
2012-09-12,16.1287,25.1906,1.2770 
2012-09-13,18.6188,26.1026,0.0101 
2012-09-14,13.5708,23.5231,7.4101 
2012-09-15,14.1357,16.9731,0.1293 
2012-09-16,13.4024,20.1298,0.0049 
2012-09-17,14.2853,22.6595,0.0035 
2012-09-18,13.5878,20.9028,6.9606 
2012-09-19,10.8864,13.6441,1.5343 
2012-09-20,9.9324,18.8758,0.0053 
2012-09-21,15.1632,18.8641,0.6277 
2012-09-22,10.6793,18.1873,32.0905 
2012-09-23,9.2943,11.3846,6.6557 
2012-09-24,7.9962,13.0382,5.0214 
2012-09-25,9.3823,19.5679,0.0411 
2012-09-26,14.8297,18.2893,3.0806 
2012-09-27,10.8848,16.5605,0.5591 
2012-09-28,11.8264,15.5855,0.1069 
2012-09-29,12.0537,14.3928,0.0595 
2012-09-30,9.8438,13.7827,2.1249 
2012-10-01,11.0971,15.1758,0.0473 
2012-10-02,11.9033,18.6509,7.5271 
2012-10-03,17.5420,20.9608,0.8940 
2012-10-04,15.0194,20.7977,0.0042 
2012-10-05,13.3454,19.1105,1.0383 
2012-10-06,8.2481,11.8802,23.0240 
2012-10-07,5.8459,9.0736,8.1563 
2012-10-08,3.5167,9.2668,1.4444 
2012-10-09,4.0418,12.7351,0.0020 
2012-10-10,7.0495,10.7896,5.7078 
2012-10-11,5.9885,11.6713,1.9505 
2012-10-12,5.5022,10.8570,3.1411 
2012-10-13,1.8889,14.7894,0.1046 
2012-10-14,14.1943,21.0068,5.6740 
2012-10-15,8.8171,19.9994,5.2723 
2012-10-16,7.0376,9.8678,0.6173 
2012-10-17,8.1663,17.3891,0.0013 
2012-10-18,11.3455,16.1168,4.3205 
2012-10-19,8.4342,16.2770,2.3640 
2012-10-20,7.4891,13.2865,7.6964 
2012-10-21,8.6880,11.4396,7.6481 
2012-10-22,9.5599,18.1016,0.0086 
2012-10-23,13.8000,16.7583,7.5762 
2012-10-24,15.0481,20.0564,2.0705 
2012-10-25,17.0485,24.7060,0.1781 
2012-10-26,10.3570,22.8449,0.3129 
2012-10-27,6.6578,9.3854,23.2620 
2012-10-28,5.3780,7.2386,12.3870 
2012-10-29,5.2552,6.0402,26.3101 
2012-10-30,5.3622,12.3983,32.1183 
2012-10-31,3.0826,6.2331,7.1094 
2012-11-01,4.6447,5.7854,13.1492 
2012-11-02,2.7756,5.5645,3.0368 
2012-11-03,2.3340,3.8107,0.9494 
2012-11-04,0.4638,3.6877,0.1412 
2012-11-05,0.6543,3.0243,0.4760 
2012-11-06,-3.5084,5.6453,0.3202 
2012-11-07,-0.3610,5.0326,0.0035 
2012-11-08,0.8010,3.6982,0.0173 
2012-11-09,2.6821,8.5491,0.0123 
2012-11-10,5.4868,12.8486,0.8556 
2012-11-11,11.5026,18.1864,0.0117 
2012-11-12,5.7791,18.1270,11.6355 
2012-11-13,0.6594,4.3565,7.1793 
2012-11-14,0.1718,4.4781,0.1162 
2012-11-15,0.7408,6.1539,0.0077 
2012-11-16,3.4747,5.9874,0.0016 
2012-11-17,3.1689,9.1917,0.0236 
2012-11-18,3.4332,10.8565,8.7088e-05 
2012-11-19,2.1820,10.0163,6.5483e-05 
2012-11-20,5.3164,9.1127,4.2263e-04 
2012-11-21,4.9834,10.6688,0.0000 
2012-11-22,5.6436,13.4987,7.0042e-04 
2012-11-23,3.0295,10.9642,2.9410 
2012-11-24,0.2349,2.3072,3.7629 
2012-11-25,-2.2300,0.3111,1.1159 
2012-11-26,0.5194,2.4157,0.3359 
2012-11-27,-0.6381,1.0888,0.1284 
2012-11-28,-3.3806,1.3623,0.3043 
2012-11-29,-0.3657,5.2449,0.1007 
2012-11-30,0.9993,4.0789,0.3880 
2012-12-01,3.0482,11.1589,0.0948 
2012-12-02,9.1487,12.1487,16.0634 
2012-12-03,7.6605,14.9507,1.2789 
2012-12-04,7.9790,16.8676,10.5328 
2012-12-05,0.6594,7.4907,3.2262 
2012-12-06,-4.7205,5.1839,0.0064 
2012-12-07,4.2440,7.2052,0.8728 
2012-12-08,4.4810,9.5366,6.4824 
2012-12-09,0.3945,6.8945,1.3026 
2012-12-10,1.3854,13.3702,10.7855 
2012-12-11,-1.4201,1.1972,3.2967 
2012-12-12,-4.1038,2.6104,0.4576 
2012-12-13,-1.3362,5.1441,0.1458 
2012-12-14,0.3437,5.0485,0.0320 
2012-12-15,0.6305,8.8634,0.0086 
2012-12-16,6.0606,11.3063,1.1801 
2012-12-17,5.5059,11.1627,0.8145 
2012-12-18,2.0699,5.1946,16.6165 
2012-12-19,0.7725,3.4893,0.5838 
2012-12-20,0.3108,7.0159,4.5718 
2012-12-21,0.3644,7.4925,19.3329 
2012-12-22,-1.2508,0.5360,13.7021 
2012-12-23,-4.0861,0.3086,0.2883 
2012-12-24,-3.4609,1.4303,0.1488 
2012-12-25,-0.8514,0.7851,1.6486 
2012-12-26,-5.2814,-0.8180,13.8400 
2012-12-27,-3.4101,-1.1217,12.0728 
2012-12-28,-3.7022,-2.1929,0.2487 
2012-12-29,-3.6411,-1.0609,5.3755 
2012-12-30,-2.8609,-1.6327,3.3207 
2012-12-31,-5.5921,0.8118,0.2066 
2013-01-01,-4.5843,0.1147,1.6490 
2013-01-02,-5.5245,-4.6142,0.2827 
2013-01-03,-9.7087,-3.3852,0.4293 
2013-01-04,-3.7708,-1.0774,1.2302 
2013-01-05,-3.0930,-0.0820,0.1942 
2013-01-06,-1.3979,1.4103,0.8043 
2013-01-07,-2.7710,0.6794,0.7619 
2013-01-08,-2.4079,3.3243,0.0264 
2013-01-09,0.8548,5.0447,0.5259 
2013-01-10,-1.0397,2.8330,0.0252 
2013-01-11,1.5152,8.3008,5.1548 
2013-01-12,5.5811,9.8046,0.0917 
2013-01-13,7.7899,12.8397,0.5014 
2013-01-14,-4.1823,7.6533,3.7688 
2013-01-15,-4.7070,-1.9577,0.1583 
2013-01-16,-3.4368,1.3383,0.0093 
2013-01-17,-4.0254,1.0146,0.3328 
2013-01-18,-8.0359,-1.9132,3.1338 
2013-01-19,-1.4609,6.7422,0.0539 
2013-01-20,-6.3840,6.8014,0.6111 
2013-01-21,-8.1824,-6.4294,1.5019 
2013-01-22,-13.5347,-8.4799,1.7701 
2013-01-23,-12.6705,-10.5120,2.2735 
2013-01-24,-12.0150,-8.7423,3.9664 
2013-01-25,-12.4127,-8.4463,1.0070 
2013-01-26,-9.6061,-5.4655,0.3645 
2013-01-27,-6.7377,-1.2305,0.0768 
2013-01-28,-2.8069,8.3618,14.4740 
2013-01-29,2.8557,9.0373,11.5936 
2013-01-30,8.6726,15.0590,8.1611 
2013-01-31,-5.7470,9.9955,7.9348 
2013-02-01,-8.9382,-5.8783,6.9651 
2013-02-02,-12.4884,-6.2704,3.7128 
2013-02-03,-8.9259,-6.3188,3.2221 
2013-02-04,-10.0714,-6.5517,1.6602 
2013-02-05,-8.6652,-3.7254,0.2565 
2013-02-06,-6.7651,-4.4156,0.5971 
2013-02-07,-6.5438,3.7253,0.0746 
2013-02-08,-5.3161,2.6938,17.1786 
2013-02-09,-10.2790,-5.7518,4.1088 
2013-02-10,-8.3263,6.6650,0.0073 
2013-02-11,0.7546,6.9542,1.4813 
2013-02-12,-2.6888,0.5587,1.2104 
2013-02-13,-4.1764,1.1019,0.1068 
2013-02-14,-4.9955,2.3347,0.1713 
2013-02-15,-2.9260,2.4516,0.2799 
2013-02-16,-8.4021,-3.4932,0.6151 
2013-02-17,-10.7497,-5.7213,0.6393 
2013-02-18,-11.0969,2.7074,0.3597 
2013-02-19,-4.0090,5.6094,8.8413 
2013-02-20,-9.0627,-4.6877,1.3227 
2013-02-21,-10.5297,-7.0524,0.5211 
2013-02-22,-9.6951,2.4144,1.0812 
2013-02-23,-1.5185,2.3913,0.3628 
2013-02-24,-5.3942,-1.7054,0.3090 
2013-02-25,-4.9357,1.3477,0.1033 
2013-02-26,-1.9296,4.2163,4.7249 
2013-02-27,0.9756,3.9868,13.6285 
2013-02-28,-0.9146,1.1925,3.9874 
2013-03-01,-3.9977,-0.2713,1.3321 
2013-03-02,-8.1953,-3.2982,0.4116 
2013-03-03,-7.7830,-4.3177,1.2611 
2013-03-04,-7.3489,-3.5239,1.4653 
2013-03-05,-9.2128,2.6300,0.0422 
2013-03-06,-0.9675,3.2203,0.0255 
2013-03-07,-2.6306,0.9556,1.3963 
2013-03-08,-2.5980,1.8932,0.7282 
2013-03-09,-1.8673,4.2725,0.0053 
2013-03-10,3.3239,10.4948,0.1012 
2013-03-11,5.7777,9.5885,0.6708 
2013-03-12,0.7774,7.3435,11.7835 
2013-03-13,-3.6293,0.8492,3.7458 
2013-03-14,-6.1388,-2.1720,1.4879 
2013-03-15,-3.8011,0.3675,2.8701 
2013-03-16,-3.7265,0.0919,3.1640 
2013-03-17,-7.9753,-2.1970,0.1957 
2013-03-18,-5.4933,2.8234,2.5286 
2013-03-19,-4.3770,4.9327,3.3382 
2013-03-20,-4.4039,-3.0733,2.3483 
2013-03-21,-8.4398,-2.5145,3.1720 
2013-03-22,-5.5135,-2.0603,2.9305 
2013-03-23,-3.2560,0.8473,0.4584 
2013-03-24,-5.0067,1.0928,0.0139 
2013-03-25,-0.6524,1.6258,2.0961 
2013-03-26,-2.5849,2.9294,0.1315 
2013-03-27,-1.3855,1.4157,1.0470 
2013-03-28,-0.4826,2.2910,2.3595 
2013-03-29,0.5182,4.4822,0.2078 
2013-03-30,1.4712,7.4119,0.0039 
2013-03-31,4.2477,7.2284,1.3340 
2013-04-01,-2.1685,6.4709,3.3083 
2013-04-02,-3.8416,-0.5858,0.7906 
2013-04-03,-3.8896,-0.4180,0.1548 
2013-04-04,-4.9077,7.9959,2.6070e-04 
2013-04-05,0.5916,6.4030,0.0437 
2013-04-06,-3.6461,7.8103,5.8480e-04 
2013-04-07,6.8437,13.6247,0.0136 
2013-04-08,3.4917,17.0017,0.0316 
2013-04-09,4.6256,15.6609,0.7287 
2013-04-10,6.9349,15.3885,20.7973 
2013-04-11,3.7768,8.4192,8.7166 
2013-04-12,5.2413,12.7527,7.5679 
2013-04-13,2.4797,5.3552,1.3251 
2013-04-14,0.5399,7.5164,0.4360 
2013-04-15,7.1662,20.3872,0.0026 
2013-04-16,9.4932,17.6582,7.3879 
2013-04-17,5.2078,13.7366,0.3902 
2013-04-18,12.5786,26.7021,0.0100 
2013-04-19,6.7459,25.1846,4.5000 
2013-04-20,0.3400,6.5590,2.4691 
2013-04-21,-1.7138,7.0218,0.0879 
2013-04-22,4.2338,14.1547,1.6985e-06 
2013-04-23,5.4240,19.1030,1.6226e-05 
2013-04-24,2.0165,18.2267,10.4884 
2013-04-25,1.5192,9.7506,1.3897 
2013-04-26,3.7952,10.1883,0.3670 
2013-04-27,7.4849,18.3271,0.0011 
2013-04-28,12.5928,18.2364,1.6085 
2013-04-29,12.0057,16.8216,1.5242 
2013-04-30,12.9895,22.5295,0.1358 
2013-05-01,14.2236,23.9907,2.9610e-06 
2013-05-02,12.3239,23.5176,1.2408e-06 
2013-05-03,14.5195,23.2119,2.2905e-06 
2013-05-04,12.4521,22.0773,0.0000 
2013-05-05,12.8647,22.5218,4.1269e-06 
2013-05-06,11.2690,22.0885,7.6621e-06 
2013-05-07,14.7315,22.3500,7.5616e-04 
2013-05-08,15.4477,21.8634,5.8678 
2013-05-09,12.6619,20.3034,1.9541 
2013-05-10,15.6764,21.5676,3.9083 
2013-05-11,6.1846,15.7527,13.2315 
2013-05-12,3.7607,12.2585,1.9462 
2013-05-13,2.0751,5.6180,0.4505 
2013-05-14,3.5580,12.4664,0.9311 
2013-05-15,11.5251,23.1104,0.5724 
2013-05-16,15.9524,20.2870,0.0063 
2013-05-17,10.0244,17.5722,0.0039 
2013-05-18,13.8931,22.7204,0.0080 
2013-05-19,17.9807,24.9824,0.2648 
2013-05-20,18.9285,27.5709,0.0353 
2013-05-21,22.4159,27.8882,1.0274 
2013-05-22,19.1253,28.2654,5.9818 
2013-05-23,13.7427,26.9652,9.4817 
2013-05-24,3.4472,12.6400,3.4997 
2013-05-25,4.9729,11.6754,0.0128 
2013-05-26,5.6941,13.6278,1.2594e-05 
2013-05-27,9.2643,17.4950,0.0669 
2013-05-28,11.7918,23.8446,20.9425 
2013-05-29,19.2188,25.3261,27.7133 
2013-05-30,21.0338,28.1492,1.3037 
2013-05-31,22.1353,28.1263,0.5862 
2013-06-01,21.4561,27.8287,6.3300 
2013-06-02,18.9594,24.5895,29.4463 
2013-06-03,8.4535,18.2042,0.0239 
2013-06-04,9.8332,16.0413,0.0815 
2013-06-05,12.2634,21.0895,0.2195 
2013-06-06,15.8855,20.5002,35.6837 
2013-06-07,11.9061,16.8611,1.5535 
2013-06-08,11.5896,16.7322,0.4814 
2013-06-09,13.7278,23.5021,0.0080 
2013-06-10,19.0489,23.0855,6.2350 
2013-06-11,14.9935,19.5341,8.1481 
2013-06-12,16.3227,22.1582,1.3160 
2013-06-13,15.2889,20.2277,22.1398 
2013-06-14,12.4230,18.4569,1.4923 
2013-06-15,12.0617,21.4014,0.0092 
2013-06-16,17.8776,21.8991,0.1314 
2013-06-17,17.7371,23.9043,0.5490 
2013-06-18,15.4418,23.2234,4.6387 
2013-06-19,12.0570,18.4820,0.0710 
2013-06-20,15.2673,21.7512,0.0912 
2013-06-21,18.2881,25.8351,0.0031 
2013-06-22,21.1880,29.8007,0.0127 
2013-06-23,23.0149,28.5445,0.0536 
2013-06-24,23.0741,27.6938,0.0130 
2013-06-25,22.2122,27.2677,1.2273 
2013-06-26,18.6410,27.0982,6.1870 
2013-06-27,19.6840,24.2050,13.6532 
2013-06-28,17.1093,20.9456,5.6451 
2013-06-29,16.5712,20.3829,13.3844 
2013-06-30,16.7513,21.7875,0.2875 
2013-07-01,17.4485,21.1469,5.4652 
2013-07-02,16.5963,25.4431,0.8529 
2013-07-03,19.8693,26.9393,0.7631 
2013-07-04,18.6923,25.0236,12.4258 
2013-07-05,19.1714,24.8757,4.3096 
2013-07-06,21.2355,26.6867,1.1625 
2013-07-07,20.4513,25.1493,2.3682 
2013-07-08,20.0068,26.7343,0.5425 
2013-07-09,19.6053,25.2398,6.6576 
2013-07-10,20.3132,27.2897,8.4126 
2013-07-11,16.7345,21.1371,5.9389 
2013-07-12,17.9303,24.3963,0.1246 
2013-07-13,18.4998,25.7617,0.0142 
2013-07-14,20.6137,28.5160,0.0244 
2013-07-15,24.1586,28.9321,0.0227 
2013-07-16,23.8132,29.0072,0.0110 
2013-07-17,23.6133,30.0984,0.0295 
2013-07-18,24.4989,30.1014,0.0088 
2013-07-19,25.2506,31.9130,0.2475 
2013-07-20,20.8386,31.0873,26.5969 
2013-07-21,18.8885,24.0694,0.0452 
2013-07-22,19.5659,25.0754,0.7327 
2013-07-23,18.7792,25.9406,7.5295 
2013-07-24,13.9860,18.5638,9.9130 
2013-07-25,14.8831,21.0295,0.0246 
2013-07-26,16.5643,23.0464,0.0158 
2013-07-27,18.7733,22.5937,3.5675 
2013-07-28,16.3011,20.1065,5.7230 
2013-07-29,13.8465,19.2447,0.8936 
2013-07-30,16.5976,21.1453,0.0816 
2013-07-31,17.8177,24.2941,0.0188 
2013-08-01,17.1888,23.7787,2.8674 
2013-08-02,16.5202,21.8642,0.1768 
2013-08-03,16.4115,21.0375,0.6747 
2013-08-04,15.0598,20.4408,1.1182 
2013-08-05,14.9968,19.6355,0.0046 
2013-08-06,16.2185,25.0847,0.0169 
2013-08-07,19.2602,26.6685,1.3074 
2013-08-08,18.5546,25.0005,11.8228 
2013-08-09,18.0736,21.5698,3.3264 
2013-08-10,17.8596,20.9410,0.0221 
2013-08-11,16.9925,22.3821,0.0387 
2013-08-12,18.7117,23.8345,2.7686 
2013-08-13,16.2121,21.5724,21.5719 
2013-08-14,13.1071,17.4480,0.1483 
2013-08-15,14.6384,19.0409,0.0013 
2013-08-16,15.9106,21.6670,0.0114 
2013-08-17,18.0859,24.3302,6.2907e-04 
2013-08-18,19.0827,25.1437,0.0125 
2013-08-19,18.2700,23.2850,0.0293 
2013-08-20,18.9097,25.3553,0.0450 
2013-08-21,20.7510,27.3562,0.0421 
2013-08-22,20.1181,25.8536,0.0577 
2013-08-23,18.5225,23.7841,0.0243 
2013-08-24,16.9832,22.9738,0.0096 
2013-08-25,18.7646,25.6846,0.0082 
2013-08-26,20.6099,27.1195,12.9390 
2013-08-27,19.8275,26.8129,3.7467 
2013-08-28,19.7335,25.2309,13.9042 
2013-08-29,19.5452,25.3434,0.0985 
2013-08-30,22.1438,27.1438,0.0828 
2013-08-31,21.1234,26.4814,2.3889 
2013-09-01,20.0506,25.2144,7.1987 
2013-09-02,19.1641,22.1777,6.6959 
2013-09-03,15.8666,20.1235,0.8875 
2013-09-04,15.1337,21.5911,0.2004 
2013-09-05,14.7805,20.6669,0.9864 
2013-09-06,11.4367,19.1027,0.0106 
2013-09-07,14.8677,22.7230,2.8383 
2013-09-08,16.0904,19.4384,2.3046 
2013-09-09,12.5844,24.8982,1.3465 
2013-09-10,22.2757,30.4075,0.5054 
2013-09-11,23.9582,30.0097,0.1206 
2013-09-12,18.5232,27.9373,8.2011 
2013-09-13,12.1099,19.1663,0.8442 
2013-09-14,9.8962,14.1254,0.0447 
2013-09-15,11.2279,16.9745,0.0305 
2013-09-16,12.2282,15.8025,1.5138 
2013-09-17,6.9071,17.8988,0.0255 
2013-09-18,10.4753,20.2794,0.0079 
2013-09-19,13.9064,24.3871,3.6088e-04 
2013-09-20,16.4198,25.9097,1.2276 
2013-09-21,15.2871,21.3745,45.8117 
2013-09-22,11.0492,15.0117,1.6046 
2013-09-23,9.7169,12.3655,0.0145 
2013-09-24,9.6730,14.9256,0.0082 
2013-09-25,11.8526,18.4640,0.0017 
2013-09-26,14.2096,18.7526,0.0760 
2013-09-27,12.6888,19.4460,0.0077 
2013-09-28,14.0129,22.0325,0.0138 
2013-09-29,13.9089,21.8615,1.1280e-05 
2013-09-30,15.7839,20.2307,0.3220 
2013-10-01,15.2961,21.5353,0.0485 
2013-10-02,16.3428,20.5874,2.7247e-04 
2013-10-03,15.8589,22.1835,1.0468 
2013-10-04,17.9682,23.3152,3.6338 
2013-10-05,18.2594,23.5633,1.3937 
2013-10-06,19.0200,24.2862,7.8958 
2013-10-07,10.6074,23.3086,18.3621 
2013-10-08,11.3131,15.3968,3.7993 
2013-10-09,9.8661,18.0660,0.0142 
2013-10-10,10.9881,17.3556,9.0031e-04 
2013-10-11,13.8014,18.7635,0.0310 
2013-10-12,13.4268,22.8744,0.0066 
2013-10-13,15.2656,21.2269,2.3043 
2013-10-14,11.6554,15.7877,7.3553 
2013-10-15,11.1185,20.0939,0.0360 
2013-10-16,14.4036,18.9846,16.5197 
2013-10-17,9.5861,14.8196,7.9756 
2013-10-18,8.6530,13.7207,4.5238 
2013-10-19,7.2955,12.6187,9.1580 
2013-10-20,5.3732,11.0893,13.0559 
2013-10-21,8.2995,14.2782,0.0081 
2013-10-22,5.5673,13.3421,7.7498 
2013-10-23,3.5739,6.5024,7.3288 
2013-10-24,3.1980,5.6460,5.7198 
2013-10-25,4.1327,6.1541,4.6369 
2013-10-26,1.2851,5.7792,1.0064 
2013-10-27,5.2619,6.8962,4.3030 
2013-10-28,4.6744,8.6021,0.1188 
2013-10-29,3.1948,8.9846,0.0037 
2013-10-30,6.6157,14.6509,0.1682 
2013-10-31,11.2122,17.8255,13.7065 
2013-11-01,9.8785,17.0302,13.5108 
2013-11-02,4.7552,9.7589,14.2377 
2013-11-03,1.3715,4.3122,2.4412 
2013-11-04,-2.3571,4.9249,0.0119 
2013-11-05,3.9179,12.5212,0.0012 
2013-11-06,8.5920,16.8789,0.7211 
2013-11-07,3.6115,14.5333,18.1679 
2013-11-08,2.3143,4.1942,2.3784 
2013-11-09,0.3584,8.6505,0.3364 
2013-11-10,4.6078,9.3123,4.0164 
2013-11-11,2.7417,6.5887,5.3582 
2013-11-12,-2.0049,1.4986,5.0499 
2013-11-13,-1.8862,1.1646,1.4973 
2013-11-14,-1.2550,5.6676,0.0140 
2013-11-15,2.0180,7.8533,4.5041e-06 
2013-11-16,3.7395,13.0369,1.3106e-04 
2013-11-17,12.1481,16.0606,2.0232 
2013-11-18,3.3795,16.5834,12.1159 
2013-11-19,0.9014,2.8468,0.3070 
2013-11-20,-3.4770,6.4514,3.7179e-04 
2013-11-21,2.3027,7.4667,1.5082 
2013-11-22,3.4775,7.9513,5.2170 
2013-11-23,-3.6629,2.8190,2.1519 
2013-11-24,-6.5700,-4.1516,3.8976 
2013-11-25,-7.9697,-0.6069,0.0487 
2013-11-26,-0.6900,1.1072,2.8178 
2013-11-27,-2.3837,-0.0492,6.8788 
2013-11-28,-4.1902,-2.6513,2.1459 
2013-11-29,-5.6427,-2.0228,4.2378 
2013-11-30,-5.4512,2.3419,0.0440 
2013-12-01,0.1054,4.6137,0.0904 
2013-12-02,1.5602,3.3455,0.0832 
2013-12-03,-1.3651,5.2179,0.0508 
2013-12-04,3.1389,8.8338,0.2432 
2013-12-05,3.2434,12.3781,0.1406 
2013-12-06,-2.1900,2.7895,3.4024 
2013-12-07,-4.7587,-2.2302,1.7152 
2013-12-08,-6.9266,-2.7860,0.2032 
2013-12-09,-2.8243,3.3339,1.5817 
2013-12-10,-5.7083,-1.6112,1.4869 
2013-12-11,-6.1044,-4.5463,3.4534 
2013-12-12,-9.3640,-5.3997,2.0298 
2013-12-13,-7.2882,-3.5917,5.1463 
2013-12-14,-8.1050,-0.2951,11.4491 
2013-12-15,-4.3661,0.8676,18.3163 
2013-12-16,-7.0547,-4.7090,5.9816 
2013-12-17,-9.8815,-2.2918,3.8314 
2013-12-18,-3.7614,-2.2919,4.7168 
2013-12-19,-3.7942,6.5781,0.2600 
2013-12-20,3.8041,7.5000,8.0775 
2013-12-21,4.4332,10.2071,23.8529 
2013-12-22,0.4832,11.5693,25.2077 
2013-12-23,-2.3273,5.4006,1.0880 
2013-12-24,-7.1129,-2.4427,6.0827 
2013-12-25,-9.5258,-4.8682,0.7528 
2013-12-26,-4.7262,-2.2164,3.9288 
2013-12-27,-5.4259,1.2326,1.8503 
2013-12-28,0.9029,6.2243,0.0159 
2013-12-29,2.3724,4.5725,0.3798 
2013-12-30,-7.8849,1.7212,1.0756 
2013-12-31,-8.6613,-7.0306,3.4885 
2014-01-01,-7.6197,-6.6226,5.2844 
2014-01-02,-9.4129,-7.1178,9.2764 
2014-01-03,-14.5014,-9.7107,3.1437 
2014-01-04,-13.7613,-0.2441,0.0035 
2014-01-05,-3.3739,3.3674,0.4450 
2014-01-06,-17.0461,7.0914,6.5116 
2014-01-07,-21.0158,-16.2435,1.7881 
2014-01-08,-16.4920,-7.9499,0.9079 
2014-01-09,-13.2882,-3.2762,0.2350 
2014-01-10,-3.7207,5.7055,4.5495 
2014-01-11,2.2353,9.1138,10.8995 
2014-01-12,-1.6838,1.4669,3.2854 
2014-01-13,1.0910,6.0518,0.6930 
2014-01-14,-1.3146,5.1552,3.5663 
2014-01-15,-4.0324,0.4423,0.3238 
2014-01-16,-7.2765,-1.6403,1.7636 
2014-01-17,-2.2246,2.0549,0.9804 
2014-01-18,-10.4920,1.0432,6.3413 
2014-01-19,-9.1790,-1.4358,1.5033 
2014-01-20,-7.7205,-0.2699,2.1582 
2014-01-21,-15.9352,-8.1956,0.4200 
2014-01-22,-20.7512,-14.6202,0.2576 
2014-01-23,-15.1013,-11.4673,1.8541 
2014-01-24,-16.5599,-9.8796,0.1789 
2014-01-25,-9.4819,-3.5017,5.8280 
2014-01-26,-14.4506,-6.4640,1.4462 
2014-01-27,-14.2213,-0.9573,7.8458 
2014-01-28,-19.6983,-14.1097,0.3067 
2014-01-29,-20.0565,-11.1137,0.0357 
2014-01-30,-13.6172,-3.2035,6.9779e-04 
2014-01-31,-3.5982,-0.2131,0.2299 
2014-02-01,-2.2280,3.6828,4.7759 
2014-02-02,-4.3002,4.0325,9.7387 
2014-02-03,-9.0907,-4.7440,0.1312 
2014-02-04,-10.5998,-3.7997,0.0141 
2014-02-05,-6.3391,-3.7103,16.8425 
2014-02-06,-14.5174,-6.6545,2.8729 
2014-02-07,-16.0607,-8.0593,2.4520 
2014-02-08,-17.0762,-10.3705,0.0834 
2014-02-09,-12.5593,-6.3030,4.5348 
2014-02-10,-10.6310,-8.7251,1.1710 
2014-02-11,-13.6020,-10.5108,0.4281 
2014-02-12,-14.5345,-2.0239,0.2670 
2014-02-13,-8.5804,-3.2164,0.1781 
2014-02-14,-9.6293,-3.1757,3.0259 
2014-02-15,-9.7896,-4.3785,0.7360 
2014-02-16,-12.3956,-8.0146,1.1268 
2014-02-17,-14.9382,-2.1308,0.2844 
2014-02-18,-4.8417,0.2233,9.1365 
2014-02-19,0.3396,4.6658,0.3122 
2014-02-20,-1.8965,6.8020,17.3002 
2014-02-21,0.5462,8.2104,8.5276 
2014-02-22,-0.1022,2.5542,0.0680 
2014-02-23,-4.0030,0.9695,0.1421 
2014-02-24,-9.5924,-5.0282,0.6484 
2014-02-25,-11.1171,-7.5474,0.9974 
2014-02-26,-14.7964,-7.6254,1.4718 
2014-02-27,-15.6309,-10.4807,2.4216 
2014-02-28,-19.6874,-6.8573,0.0115 
2014-03-01,-8.6745,2.7027,0.0153 
2014-03-02,-13.3668,-1.9144,7.7047 
2014-03-03,-19.3482,-12.3037,0.2416 
2014-03-04,-17.1279,-7.6015,0.0783 
2014-03-05,-11.8924,-7.2619,0.0810 
2014-03-06,-12.2439,0.4728,0.0146 
2014-03-07,-5.2846,7.7701,1.4722e-04 
2014-03-08,-1.3912,6.0423,1.7641 
2014-03-09,-11.5415,-1.0026,0.1990 
2014-03-10,-0.8805,7.5053,0.0500 
2014-03-11,2.5360,7.6726,0.0189 
2014-03-12,-7.2721,5.1445,34.1757 
2014-03-13,-17.4486,-7.9099,1.8823 
2014-03-14,-9.3860,8.3509,0.0320 
2014-03-15,-1.5333,6.8592,2.8622 
2014-03-16,-11.9884,-2.2755,0.0870 
2014-03-17,-12.5878,0.5190,0.0284 
2014-03-18,-4.2556,6.6791,8.9602e-04 
2014-03-19,1.4958,6.3714,8.2532 
2014-03-20,-0.6327,5.3075,5.6387 
2014-03-21,-5.1740,3.7035,0.3889 
2014-03-22,0.0937,6.4340,1.5063 
2014-03-23,-10.9418,0.5618,1.0980 
2014-03-24,-11.3208,-4.6983,0.1975 
2014-03-25,-7.6295,0.2475,0.7394 
2014-03-26,-12.7312,-3.0152,0.8346 
2014-03-27,-8.9702,4.9560,0.0485 
2014-03-28,2.6480,9.4489,1.5526 
2014-03-29,-1.0595,4.1311,1.4946 
2014-03-30,-1.8063,3.0393,6.9329 
2014-03-31,-3.8108,5.8317,0.0015 
2014-04-01,3.3371,11.9170,0.0669 
2014-04-02,0.6298,5.3486,0.0051 
2014-04-03,-1.7805,6.6200,2.8382 
2014-04-04,2.6817,11.7842,15.2777 
2014-04-05,-2.7635,9.1735,1.5989 
2014-04-06,0.2646,8.4583,0.0079 
2014-04-07,4.7171,7.7818,4.5061 
2014-04-08,1.5685,10.3063,14.9377 
2014-04-09,-0.4430,6.1944,0.1228 
2014-04-10,3.8447,16.9847,0.0259 
2014-04-11,7.4092,14.7333,8.6329 
2014-04-12,8.2210,18.0517,0.0024 
2014-04-13,14.4437,22.9004,0.1190 
2014-04-14,15.1249,22.4837,9.3775 
2014-04-15,-4.2206,13.5533,22.2882 
2014-04-16,-7.4905,2.0180,0.2264 
2014-04-17,-1.2124,12.3979,1.4880e-04 
2014-04-18,5.4606,13.8709,9.9840e-04 
2014-04-19,0.1632,9.7699,0.0020 
2014-04-20,4.9801,19.1654,3.7297e-04 
2014-04-21,11.1340,20.6563,3.2736e-05 
2014-04-22,7.9976,18.4472,4.5980 
2014-04-23,2.0091,7.6879,2.0881 
2014-04-24,0.0752,9.6658,0.0011 
2014-04-25,7.0210,14.6952,6.2593 
2014-04-26,4.8676,11.0859,1.3672 
2014-04-27,0.3204,9.5367,0.0201 
2014-04-28,5.5690,15.4414,0.1347 
2014-04-29,10.7982,14.9971,5.8107 
2014-04-30,9.0583,14.8071,14.8045 
2014-05-01,8.6752,15.0616,2.7311 
2014-05-02,6.0474,12.1048,0.7679 
2014-05-03,8.0473,11.8967,2.5512 
2014-05-04,5.8986,10.7789,1.1408 
2014-05-05,2.8817,10.5446,0.0251 
2014-05-06,4.4735,12.4193,0.0053 
2014-05-07,9.3363,20.7452,0.2405 
2014-05-08,15.9471,24.4218,3.2302 
2014-05-09,19.8160,25.9295,4.3177 
2014-05-10,16.1302,22.1377,3.8794 
2014-05-11,11.4347,21.7725,3.8716e-04 
2014-05-12,17.8712,25.7545,1.6698 
2014-05-13,21.2036,27.6808,18.7299 
2014-05-14,17.8443,27.2191,4.2002 
2014-05-15,13.8928,23.1919,16.2752 
2014-05-16,4.2651,13.0877,11.2632 
2014-05-17,5.3871,9.9702,1.0343 
2014-05-18,5.5446,13.0390,0.0758 
2014-05-19,9.2606,16.1921,0.0014 
2014-05-20,13.6347,16.8316,1.6334 
2014-05-21,16.1995,21.2019,14.8518 
2014-05-22,13.4366,19.6826,4.1833 
2014-05-23,8.6009,15.1130,0.1247 
2014-05-24,9.2329,18.5644,0.0910 
2014-05-25,14.4376,22.0180,0.0016 
2014-05-26,18.5931,24.2179,6.2023e-05 
2014-05-27,20.8384,24.6351,0.5192 
2014-05-28,16.2241,23.4202,2.0888 
2014-05-29,13.4933,19.2184,0.0033 
2014-05-30,13.7880,20.5696,0.0071 
2014-05-31,15.0762,20.7394,0.0190 
2014-06-01,15.1802,26.2180,1.2112e-04 
2014-06-02,20.0924,27.0166,4.1150 
2014-06-03,18.5482,26.7683,6.1749 
2014-06-04,16.4383,22.3514,0.7892 
2014-06-05,11.0527,16.4152,1.3203 
2014-06-06,11.5476,19.0545,9.3631e-04 
2014-06-07,16.4224,22.8994,0.0000 
2014-06-08,14.6862,23.4018,19.8279 
2014-06-09,13.7997,19.8383,4.9617 
2014-06-10,16.7822,22.6821,0.0164 
2014-06-11,20.1842,27.7151,1.3003 
2014-06-12,19.0123,27.2624,5.8096 
2014-06-13,17.9100,20.8026,5.3508 
2014-06-14,11.5228,17.9984,0.1308 
2014-06-15,13.0947,23.2367,1.4438e-04 
2014-06-16,19.3674,25.5274,0.3377 
2014-06-17,21.5227,30.8644,0.7230 
2014-06-18,18.5689,25.1044,16.7770 
2014-06-19,17.3819,24.2920,9.3819 
2014-06-20,17.0104,21.7577,0.0031 
2014-06-21,16.7829,22.3186,0.0151 
2014-06-22,18.0822,24.4964,0.0014 
2014-06-23,19.2961,27.3634,0.9734 
2014-06-24,22.2993,29.3886,3.5780 
2014-06-25,18.6035,21.7176,22.2510 
2014-06-26,16.8195,21.3559,0.4019 
2014-06-27,17.5452,25.2345,0.0273 
2014-06-28,20.4536,28.6170,0.0101 
2014-06-29,22.5089,27.7651,2.8334 
2014-06-30,21.8810,28.1294,9.2291 
2014-07-01,22.2430,28.9836,0.9214 
2014-07-02,21.7592,26.4286,4.9722 
2014-07-03,17.9742,23.1459,3.6365 
2014-07-04,13.7872,18.9570,0.1170 
2014-07-05,16.5070,21.8435,0.0699 
2014-07-06,18.2281,25.5533,0.0206 
2014-07-07,20.0580,25.7604,6.9582 
2014-07-08,20.0758,25.6885,22.5059 
2014-07-09,17.4261,21.2731,0.7628 
2014-07-10,15.9256,22.1499,0.2146 
2014-07-11,17.3704,24.9061,0.0077 
2014-07-12,20.5483,27.1484,0.0052 
2014-07-13,22.5834,26.7233,5.9997 
2014-07-14,19.8727,26.3378,1.6564 
2014-07-15,18.0587,21.2616,2.6431 
2014-07-16,15.6511,18.6337,0.1434 
2014-07-17,16.1391,19.6046,0.8311 
2014-07-18,16.8491,22.8529,0.0118 
2014-07-19,17.4210,22.2029,6.8094 
2014-07-20,17.3514,22.6296,1.0141 
2014-07-21,19.6493,24.8287,0.1231 
2014-07-22,21.3940,28.6303,0.0085 
2014-07-23,18.9267,28.3368,0.8545 
2014-07-24,17.1973,20.4787,0.1031 
2014-07-25,16.1298,21.6051,0.0000 
2014-07-26,18.2987,25.6769,0.0391 
2014-07-27,18.9060,25.9790,0.5012 
2014-07-28,15.3775,19.4004,24.9989 
2014-07-29,13.2826,17.6221,0.3354 
2014-07-30,14.2234,19.8554,3.0289 
2014-07-31,14.6024,21.7591,2.7113 
2014-08-01,18.0712,24.5254,0.0811 
2014-08-02,17.5802,23.4151,6.3835 
2014-08-03,17.5052,22.2246,1.2295 
2014-08-04,18.4652,25.4569,0.0268 
2014-08-05,18.4399,23.8366,3.2399 
2014-08-06,16.9108,21.3870,0.7159 
2014-08-07,17.4226,21.7606,0.0148 
2014-08-08,17.5640,22.6487,0.0152 
2014-08-09,18.0152,23.9114,0.0000 
2014-08-10,18.8813,26.7213,2.2490e-05 
2014-08-11,19.7770,25.8868,1.4295 
2014-08-12,18.1716,22.9452,17.6074 
2014-08-13,15.6263,18.7291,9.3938 
2014-08-14,15.2038,18.5818,0.0365 
2014-08-15,14.4969,18.3422,0.0018 
2014-08-16,14.3497,22.8086,0.1511 
2014-08-17,16.1263,22.3641,5.7726 
2014-08-18,15.6827,21.7076,9.7776e-04 
2014-08-19,16.7783,25.9822,0.0212 
2014-08-20,20.5623,25.4975,14.5546 
2014-08-21,19.7653,25.0287,0.4686 
2014-08-22,19.6978,24.3318,0.3941 
2014-08-23,18.6993,23.7703,0.0330 
2014-08-24,18.3461,25.6340,0.0027 
2014-08-25,18.5943,25.2732,0.0000 
2014-08-26,19.1155,28.4190,0.0046 
2014-08-27,19.6763,26.7140,0.0299 
2014-08-28,14.8074,20.2872,2.4825e-04 
2014-08-29,15.1119,23.8672,1.1201e-04 
2014-08-30,18.8569,29.5063,0.3160 
2014-08-31,20.5609,27.9598,11.6962 
2014-09-01,20.3933,26.3846,2.8447 
2014-09-02,18.6139,23.7215,10.1937 
2014-09-03,17.6884,23.9297,0.2946 
2014-09-04,20.3212,27.2330,2.7599e-05 
2014-09-05,21.3661,30.1973,0.5173 
2014-09-06,15.9426,28.5165,13.9789 
2014-09-07,16.6523,19.1875,0.0373 
2014-09-08,14.9062,24.2802,0.0026 
2014-09-09,16.6628,22.8159,0.1588 
2014-09-10,18.0478,26.0504,1.4709 
2014-09-11,15.4803,25.7202,17.1304 
2014-09-12,11.6226,15.7834,0.1721 
2014-09-13,10.2030,14.0178,0.2342 
2014-09-14,10.3384,14.9122,0.0763 
2014-09-15,10.7855,17.7440,0.1263 
2014-09-16,12.0084,15.1175,13.3414 
2014-09-17,11.5084,15.8022,0.0190 
2014-09-18,13.7603,16.1655,0.0023 
2014-09-19,9.0154,19.7171,7.2130e-04 
2014-09-20,16.2599,23.8353,0.0024 
2014-09-21,15.4112,22.1888,2.6273 
2014-09-22,8.9637,14.7557,2.6051 
2014-09-23,10.9943,16.8985,0.0038 
2014-09-24,13.5483,22.7565,0.0012 
2014-09-25,13.1313,20.4982,2.4905e-05 
2014-09-26,15.9087,21.1841,2.0336e-05 
2014-09-27,16.6326,22.2191,9.9888e-04 
2014-09-28,17.3173,22.6264,1.1254e-05 
2014-09-29,16.4651,20.6914,9.4296e-05 
2014-09-30,16.5142,18.8902,4.6043 
2014-10-01,13.6856,19.8075,0.5971 
2014-10-02,14.7914,22.2236,0.0033 
2014-10-03,16.2553,23.3007,5.1219 
2014-10-04,7.1798,17.6713,11.4713 
2014-10-05,4.4025,10.3677,5.9568 
2014-10-06,6.8537,16.5271,1.5545 
2014-10-07,11.6613,16.3123,2.6873 
2014-10-08,11.4305,13.3330,8.2543 
2014-10-09,10.9604,12.2916,0.0494 
2014-10-10,8.3574,11.3559,0.0042 
2014-10-11,7.7842,10.3032,0.0286 
2014-10-12,6.3257,15.8815,0.0055 
2014-10-13,12.1623,22.1920,6.0563 
2014-10-14,18.4818,24.6124,0.3380 
2014-10-15,14.3330,23.9722,10.9683 
2014-10-16,12.3503,14.5729,0.8119 
2014-10-17,10.8634,16.2741,4.6707 
2014-10-18,8.0046,14.6938,14.1810 
2014-10-19,4.4944,7.6725,0.4577 
2014-10-20,5.7449,12.8236,1.1299 
2014-10-21,9.2114,10.7450,8.6040 
2014-10-22,6.9532,8.7031,1.4460 
2014-10-23,7.6649,11.3247,0.0012 
2014-10-24,7.7186,11.2017,9.7129e-05 
2014-10-25,8.9799,15.9279,0.0012 
2014-10-26,8.7461,14.9443,0.0036 
2014-10-27,7.2794,17.0718,3.0417e-05 
2014-10-28,15.0085,21.9702,2.3366 
2014-10-29,8.6623,14.6263,0.6715 
2014-10-30,6.5253,8.2875,2.7553 
2014-10-31,5.0973,8.0640,0.6351 
2014-11-01,2.6694,6.2094,2.7538 
2014-11-02,0.2614,3.8187,0.7317 
2014-11-03,2.7857,11.2870,0.0059 
2014-11-04,9.0150,16.3752,0.0530 
2014-11-05,7.6547,13.5208,6.9679 
2014-11-06,6.1255,9.1988,1.2366 
2014-11-07,2.0666,6.0696,3.2396 
2014-11-08,0.2901,6.1038,0.1074 
2014-11-09,3.1565,8.1492,2.6589 
2014-11-10,5.0364,15.1138,7.1095e-04 
2014-11-11,12.5159,17.8529,4.8129e-04 
2014-11-12,2.4344,16.4077,1.8719 
2014-11-13,-0.6301,2.4780,4.4867 
2014-11-14,-1.8981,0.1701,1.6407 
2014-11-15,-2.2540,0.4877,1.8539 
2014-11-16,-2.9637,1.3952,0.0791 
2014-11-17,-1.4335,0.8081,10.8325 
2014-11-18,-9.9799,-2.6179,7.3892 
2014-11-19,-10.8360,-2.2102,4.7090 
2014-11-20,-5.0340,0.3248,8.3394 
2014-11-21,-5.5543,-3.8346,5.9493 
2014-11-22,-7.2245,5.5204,5.2205 
2014-11-23,6.0159,9.7237,5.2328 
2014-11-24,6.7788,14.5451,5.1773 
2014-11-25,0.5164,6.2711,0.1916 
2014-11-26,-2.0984,0.2843,0.2165 
2014-11-27,-1.5658,-0.0966,3.4133 
2014-11-28,-4.3837,-0.9706,4.6964 
2014-11-29,-4.9823,4.7144,0.2784 
2014-11-30,4.5938,9.8300,0.1868 
2014-12-01,-1.9658,10.8479,2.6105 
2014-12-02,-6.4735,2.4131,1.0653 
2014-12-03,-0.4577,4.5200,0.6046 
2014-12-04,-2.2670,1.2342,0.0263 
2014-12-05,-2.9978,3.9209,0.1257 
2014-12-06,0.9211,4.1743,12.0797 
2014-12-07,-3.2071,1.4574,0.0177 
2014-12-08,-2.5298,2.2832,3.3666e-05 
2014-12-09,1.0994,4.0922,0.2832 
2014-12-10,-2.9775,2.1932,3.1509 
2014-12-11,-3.1696,-0.4914,8.4675 
2014-12-12,-0.6885,0.5292,0.9745 
2014-12-13,-0.4196,1.2432,0.1388 
2014-12-14,1.1225,4.1773,0.1818 
2014-12-15,2.8464,6.5444,0.0930 
2014-12-16,2.2605,7.0207,6.0929 
2014-12-17,-0.9860,6.2902,7.2668 
2014-12-18,-2.0582,-0.7031,1.1262 
2014-12-19,-3.8105,-0.7365,0.3055 
2014-12-20,-3.0170,-1.9569,0.0470 
2014-12-21,-3.4957,0.1327,0.0242 
2014-12-22,-3.2787,5.0933,0.0038 
2014-12-23,2.7758,8.0264,0.3654 
2014-12-24,7.4107,11.3412,1.4568 
2014-12-25,2.2145,11.6303,4.7782 
2014-12-26,0.3555,6.4384,0.0332 
2014-12-27,3.7729,10.8321,0.0341 
2014-12-28,0.1321,9.0873,9.1225 
2014-12-29,-2.4412,0.4070,0.1842 
2014-12-30,-4.9737,-2.5389,0.1836 
2014-12-31,-7.9741,-5.1307,1.1620 
2015-01-01,-7.3554,-6.1995,0.8289 
